-2.223409793136386892e-05,-2.281885913769415755e-05,-1.963676854664302655e-05,-1.397287406122478339e-05,-7.950228843111591765e-06,-3.544426606997016282e-06,-1.742818746014686587e-06,-2.232268429149875633e-06,-3.726202210007655666e-06,-4.727014052031269447e-06,-4.319960713120675339e-06,-2.603506150778189294e-06,-5.650150642922542143e-07,5.009080888239750720e-07,-2.902535941020632971e-07,-2.932219865647804890e-06,-6.515907977800637755e-06,-9.667872286881083521e-06,-1.119348887334860513e-05,-1.058976833021477020e-05,-8.180118318687209261e-06,-4.833502456810533436e-06,-1.448109028702997836e-06,1.508926320145195467e-06,4.162270746186109570e-06,7.021160680968806101e-06,1.053978558878991423e-05,1.470458435799579618e-05,1.888804324664334673e-05,2.206026086788959208e-05,2.325475838470133938e-05,2.204790163290547340e-05,1.880267503537797125e-05,1.454894998070383799e-05,1.055761586315830113e-05,7.817802831670456784e-06,6.668265110493865978e-06,6.748518793917766701e-06,7.271090795980202091e-06,7.459780816830672507e-06,6.928509861436303190e-06,5.821550536999824581e-06,4.668224644578892465e-06,4.051217015519694372e-06,4.272913663126033742e-06,5.190077271487855301e-06,6.288501595129829800e-06,6.942759413599353619e-06,6.718165462847583281e-06,5.563747584585074044e-06,3.813098660026428462e-06,2.012360645001011634e-06,6.757207562615968691e-07,8.996815959179276021e-08,2.476343126422213064e-07,9.132423575146768236e-07,1.763047104589408172e-06,2.517458777265087327e-06,3.011123692273043432e-06,3.195305735233874138e-06,3.107021633922768789e-06,2.846114129982461295e-06,2.575698111936281201e-06,2.525499686375131545e-06,2.960028946563194117e-06,4.089903172730096317e-06,5.946933404674469699e-06,8.284345074482960672e-06,1.057272835835352208e-05,1.212693870999982457e-05,1.233319124909456599e-05,1.088420350449927078e-05,7.910531596932237429e-06,3.935201707032926266e-06,-3.386687282439993211e-07,-4.312574150471532703e-06,-7.713709413945372300e-06,-1.064444784856190221e-05,-1.343850026360370067e-05,-1.640322012927841760e-05,-1.958953811071803468e-05,-2.271835553021755901e-05,-2.530840422792221135e-05,-2.693825959802643701e-05,-2.749492530728194208e-05,-2.725946662791901785e-05,-2.676249315241235822e-05,-2.646895958707202513e-05,-2.645599360113024955e-05,-2.627017984289638786e-05,-2.507283339935473869e-05,-2.203693516177377714e-05,-1.681939583831205520e-05,-9.871609058216073123e-06,-2.408046334359803723e-06,3.993166335539345379e-06,8.003592808068405611e-06,9.100555067355522079e-06,7.803035250036511618e-06,5.461185693978386576e-06,3.677687479024696476e-06,3.614948285423974328e-06,5.503097737690339085e-06,8.576947068764060196e-06,1.147324611661300082e-05,1.290439739881302854e-05,1.229352595742743754e-05,1.007196320220791145e-05,7.497464039922192189e-06,6.076135414804231604e-06,6.857032617764477519e-06,9.927925430348055559e-06,1.434628410179507256e-05,1.853654115282028840e-05,2.096941382416198541e-05,2.081233436607741471e-05,1.825936999505492811e-05,1.440226493896101714e-05,1.071681005114528031e-05,8.410342764309515457e-06,7.928756095650854065e-06,8.835147658334109811e-06,1.009282384148756205e-05,1.059988573457830758e-05,9.716942553641935538e-06,7.548082027545866058e-06,4.862381562017704738e-06,2.713780282258323459e-06,1.949814721445201245e-06,2.836322804136143589e-06,4.956215793255877733e-06,7.405888519079730436e-06,9.179820116142807523e-06,9.562728663743842570e-06,8.365200625807032677e-06,5.925689222956079064e-06,2.911231409421897879e-06,2.869654212362811981e-08,-2.223702025302655487e-06,-3.676744698583039488e-06,-4.466406931574026573e-06,-4.912850105862225925e-06,-5.375461366527590849e-06,-6.142918532642615072e-06,-7.379964769033132605e-06,-9.118328511048977341e-06,-1.126653513776408505e-05,-1.362369532268987898e-05,-1.590184053332518814e-05,-1.777167485988862734e-05,-1.893773314217926109e-05,-1.922595050253497631e-05,-1.864632379153605084e-05,-1.739291700444381669e-05,-1.576860865604168011e-05,-1.406161151818684513e-05,-1.243231533549966283e-05,-1.087137380573821077e-05,-9.257078420841146835e-06,-7.486318967135127684e-06,-5.607461173369528043e-06,-3.872886647233910861e-06,-2.664196338290032020e-06,-2.309732282682912363e-06,-2.878491025024469936e-06,-4.060821842178365207e-06,-5.216007063800332221e-06,-5.590300069197637148e-06,-4.622245219620156233e-06,-2.199425233275798601e-06,1.258036442909918491e-06,4.938059618576632970e-06,7.948952250149268216e-06,9.668551610821957034e-06,9.974717453700803797e-06,9.255344867976844503e-06,8.199050833549186343e-06,7.470250190461872899e-06,7.424180083642287999e-06,7.993080478494753093e-06,8.786632891824683835e-06,9.342290288661745157e-06,9.388396388728327844e-06,8.981443874916266679e-06,8.448692618267538115e-06,8.172415492944634614e-06,8.337843669780839801e-06,8.788568748610197181e-06,9.078460581696746044e-06,8.705102274053928344e-06,7.409385575319885836e-06,5.381698195965126267e-06,3.252193784996087316e-06,1.845447764312819842e-06,1.799092774564686693e-06,3.222614947973070578e-06,5.566448047154784354e-06,7.782250356682365430e-06,8.722673498639495202e-06,7.614821394120633398e-06,4.400336511193999368e-06,-2.123459164092182406e-07,-5.014130880130604205e-06,-8.770903933552349268e-06,-1.070788823616096474e-05,-1.079873932375740592e-05,-9.741571874143104814e-06,-8.640020232094105347e-06,-8.531965176999994072e-06,-9.967308589711141735e-06,-1.280581284461537438e-05,-1.630375702531561288e-05,-1.943244353702158360e-05,-2.127891486726664547e-05,-2.135825488929611962e-05,-1.972171497971890631e-05,-1.684525091634622528e-05,-1.337983937271141396e-05,-9.894212395906344133e-06,-6.723801209117234807e-06,-3.970821399997703561e-06,-1.617826207393848596e-06,3.367187250146783340e-07,1.811586407833414220e-06,2.683829834508672135e-06,2.904683870222675271e-06,2.605437430970189113e-06,2.107014408390198507e-06,1.799299226334784078e-06,1.935790422631209317e-06,2.452623596644235548e-06,2.930207281108455755e-06,2.758367196570515378e-06,1.464269945121439359e-06,-9.351373208839790560e-07,-3.735930457846004583e-06,-5.641170017483068248e-06,-5.163188133145971739e-06,-1.206637441835937231e-06,6.398974580114905699e-06,1.665715091342500267e-05,2.759215028087387195e-05,3.683296058912174367e-05,4.238718322250929380e-05,4.330461992642680640e-05,3.996235949328578801e-05,3.385323783814171451e-05,2.696566635630423851e-05,2.101495662773683297e-05,1.684684053190550529e-05,1.425401749041870951e-05,1.226082791120159862e-05,9.723066340718771410e-06,5.954125799031476989e-06,1.086931040858296229e-06,-3.986808412454947444e-06,-8.055416423861108894e-06,-1.018153729923294734e-05,-1.016031289337477144e-05,-8.621583293774755653e-06,-6.732724309181046430e-06,-5.653637425500558445e-06,-6.013738307550571266e-06,-7.665199807603224403e-06,-9.825716622211721129e-06,-1.152812842462597385e-05,-1.214121205204409399e-05,-1.169258899781648500e-05,-1.082814599367226549e-05,-1.043096453362482967e-05,-1.110115319601285093e-05,-1.277464453859783082e-05,-1.469265846333462603e-05,-1.575503284331842484e-05,-1.508896406384277624e-05,-1.254314236123041081e-05,-8.841185833084584615e-06,-5.290851597086954810e-06,-3.169007321074861879e-06,-3.075361824585243257e-06,-4.580670245215519477e-06,-6.365351111408813966e-06,-6.810867217745923753e-06,-4.781386970716397209e-06,-2.288205771946199633e-07,5.674635205896899862e-06,1.095611806549231906e-05,1.363465473886985965e-05,1.253091506835292960e-05,7.730531838566310574e-06,5.022366931064878678e-07,-7.270830414403376906e-06,-1.386467745074873535e-05,-1.832924126664114313e-05,-2.067799562159756835e-05,-2.160941300286820844e-05,-2.195149529138713110e-05,-2.214647416888317156e-05,-2.204868559172212634e-05,-2.112188238280597895e-05,-1.889482693621704818e-05,-1.538899458982727434e-05,-1.124869201773664055e-05,-7.474142739746198194e-06,-4.890265111236133061e-06,-3.649689514682918458e-06,-3.071927662296832051e-06,-1.951130113263997844e-06,7.928236404416103121e-07,5.453035230523605519e-06,1.123623958315827171e-05,1.653336575682162518e-05,1.967468570349921176e-05,1.981108810926656709e-05,1.745912644532563880e-05,1.438213072084683513e-05,1.280024546486427815e-05,1.427414604845656475e-05,1.880847362254289457e-05,2.465588498416981599e-05,2.898561318275703284e-05,2.915680781066051994e-05,2.401532134115211576e-05,1.458174788121975256e-05,3.759152184996270964e-06,-4.853071243853279116e-06,-8.515754125414586403e-06,-6.554520892837262069e-06,-6.359481696438366805e-07,6.030768942253842351e-06,1.020110927450571850e-05,1.010146435038711463e-05,6.218475310931953356e-06,9.963747863533987865e-07,-2.407777578610049467e-06,-1.706581240730313737e-06,3.363772307187583819e-06,1.087418742443935781e-05,1.759479992098009272e-05,2.051212119603036010e-05,1.823814960683941609e-05,1.164090985445691347e-05,3.412070844519780522e-06,-3.196785577587195555e-06,-5.846485550139055011e-06,-4.089945326712615487e-06,5.781998523693198333e-07,5.573418418954720031e-06,8.513601533824683616e-06,8.303683403381118076e-06,5.504324912564032167e-06,1.859340079376163885e-06,-7.199927513543994890e-07,-1.165664404891922052e-06,2.489854638769462478e-07,2.136986503793742181e-06,2.779897399484838528e-06,1.021087024379124745e-06,-3.198257660833841344e-06,-8.907795075896333335e-06,-1.469159661124992106e-05,-1.942877378959003120e-05,-2.277449205609825857e-05,-2.513700543077337460e-05,-2.720566287936366170e-05,-2.934118852984843624e-05,-3.121126259112694652e-05,-3.190492447036040333e-05,-3.047525693849050885e-05,-2.660193082824827617e-05,-2.097925706993651187e-05,-1.517207944159080742e-05,-1.096896055074205737e-05,-9.543884865683462262e-06,-1.085939762816404321e-05,-1.363607527586468508e-05,-1.592896217838787512e-05,-1.603946378725613128e-05,-1.331530362286930232e-05,-8.444205858534175661e-06,-3.101369414045400412e-06,8.659496627135244478e-07,2.308078718136651892e-06,1.273905782378202119e-06,-1.081143046139037907e-06,-3.101340993421913680e-06,-3.423217452202438643e-06,-1.556100438273569743e-06,2.012605014051725112e-06,6.191166474096957583e-06,9.898003146374610605e-06,1.257883604251151032e-05,1.437348549080497542e-05,1.589065391417867701e-05,1.776390427635574296e-05,2.026317169793314269e-05,2.317574570329661163e-05,2.599351982667350041e-05,2.825769003668886432e-05,2.982621421851790273e-05,3.088984696174652724e-05,3.172937799708023133e-05,3.237785751524015649e-05,3.242305720358182813e-05,3.111168392849746831e-05,2.773780471987323217e-05,2.211668930280751366e-05,1.486957618142856543e-05,7.324992881447563815e-06,1.040648617540348049e-06,-2.839930400433824721e-06,-4.077184266684411093e-06,-3.416281655056235216e-06,-2.206567138621455142e-06,-1.744562281334726525e-06,-2.669879964678986485e-06,-4.716405561608087087e-06,-6.935157595287069334e-06,-8.258490834709652882e-06,-8.099056399714969510e-06,-6.664981325137108004e-06,-4.830667018968317662e-06,-3.644707624693983557e-06,-3.751892810140806513e-06,-5.049808620545854980e-06,-6.769223179784482779e-06,-7.932904583679439113e-06,-7.937293669991318253e-06,-6.930094224503662045e-06,-5.764116864807992968e-06,-5.537060580434004903e-06,-6.955615146192267629e-06,-9.867013699372354380e-06,-1.322391549013381914e-05,-1.552750686657472214e-05,-1.554346818959041589e-05,-1.293650749719369454e-05,-8.499804570456671651e-06,-3.851505145554625971e-06,-7.322908858967500049e-07,-2.340549242533716447e-07,-2.322701413735906199e-06,-5.874250377070710006e-06,-9.197152020699658347e-06,-1.078768154771472401e-05,-9.967699051328109572e-06,-7.125721975997019621e-06,-3.479809402892790227e-06,-5.027005667435067904e-07,7.103242571233344633e-07,-1.487711261754318885e-07,-2.564649442922190571e-06,-5.504525489897159522e-06,-7.888468504199334846e-06,-9.000665368404175973e-06,-8.680593395689710365e-06,-7.258385684764006766e-06,-5.317880662176135303e-06,-3.428320861864926554e-06,-1.965117224417252081e-06,-1.066871225530773947e-06,-6.974640444043956629e-07,-7.399232259635926977e-07,-1.057436043439073521e-06,-1.500457301644010671e-06,-1.884864773068446146e-06,-1.986251275469016021e-06,-1.581080427642001457e-06,-5.297316792785525239e-07,1.136299287972055948e-06,3.170828040238329934e-06,5.143798465216967946e-06,6.544619578063856610e-06,6.926288732731808796e-06,6.045174119701346648e-06,3.956587339636134737e-06,1.042320519656357105e-06,-2.037165786712250454e-06,-4.461309651373489360e-06,-5.424435802756725853e-06,-4.339782292724497849e-06,-1.027788360936719814e-06,4.170128359718849078e-06,1.040809891929874124e-05,1.650840952792785401e-05,2.126217237815687121e-05,2.377218686513327990e-05,2.371895627701689485e-05,2.144506393478809949e-05,1.781673218997357184e-05,1.391063695253010166e-05,1.064856175992654888e-05,8.525037894541097499e-06,7.529898103599858677e-06,7.277469691158723440e-06,7.260495223112341470e-06,7.096264995761992856e-06,6.649749532327996298e-06,5.993228318296285434e-06,5.253158894991142178e-06,4.453335787635540364e-06,3.457598111753330531e-06,2.049954196898762239e-06,1.029539827548292395e-07,-2.273076284762197770e-06,-4.702111346036999797e-06,-6.670631033725871183e-06,-7.754590530626897978e-06,-7.823870199154531592e-06,-7.106154715911718298e-06,-6.064515580358097894e-06,-5.146675787844214594e-06,-4.541383028482870717e-06,-4.082686450097814172e-06,-3.368586870986128296e-06,-2.043224104971546750e-06,-9.421761218125608978e-08,2.005686599996041190e-06,3.413684099144042240e-06,3.259609724393746026e-06,1.062845468989457927e-06,-2.982406653243452851e-06,-8.008661001270469862e-06,-1.278612636317415197e-05,-1.621536003870401640e-05,-1.778035170170363797e-05,-1.775184283171350928e-05,-1.704252155761703814e-05,-1.677511889092680168e-05,-1.775539702295738935e-05,-2.008345010974640484e-05,-2.307163815064262950e-05,-2.549950967170733224e-05,-2.609109699205243224e-05,-2.401298467918896236e-05,-1.919626601610989393e-05,-1.237133730181080972e-05,-4.825933861960628264e-06,2.001534755896014527e-06,6.938093295213257101e-06,9.368638160275719292e-06,9.336749571813998070e-06,7.458763424634820642e-06,4.707471064818786404e-06,2.141053554408781064e-06,6.465724487537776753e-07,7.498587883465118779e-07,2.525395348881663103e-06,5.621951337919870686e-06,9.397617952029512674e-06,1.312941095687954330e-05,1.623465550161317818e-05,1.842863155737460123e-05,1.975893957144523303e-05,2.050301174450216716e-05,2.097489646831017840e-05,2.133254229185341586e-05,2.148136550864151786e-05,2.112612495114442297e-05,1.994880596553304784e-05,1.782197976283465257e-05,1.494208031935252995e-05,1.180215561446946757e-05,9.004408621132351824e-06,6.998811745241657182e-06,5.879241380604544506e-06,5.346196395451442621e-06,4.863522842304413222e-06,3.936350552410013396e-06,2.371233873276898676e-06,3.838351762418684040e-07,-1.505389640553323135e-06,-2.738625218723077005e-06,-3.016843489916433067e-06,-2.472968877874820231e-06,-1.631447600433777897e-06,-1.172021002190052505e-06,-1.615069973019457436e-06,-3.084889688981145544e-06,-5.265771965551159571e-06,-7.566203994762746774e-06,-9.401406098285370683e-06,-1.044847860388234786e-05,-1.074940263786396268e-05,-1.062173850487731120e-05,-1.043861146408853397e-05,-1.040432457178848173e-05,-1.044693193752413467e-05,-1.027983247420189886e-05,-9.590499124529580790e-06,-8.247139296963833309e-06,-6.408365899797104156e-06,-4.477241999763793835e-06,-2.926308199187252761e-06,-2.087253160275542604e-06,-2.012733523840193969e-06,-2.474146815788635793e-06,-3.085069425204073380e-06,-3.477625105264011564e-06,-3.441038707234249161e-06,-2.963850715843714861e-06,-2.180914733308239659e-06,-1.276785004798899263e-06,-4.101310581993595872e-07,3.043792213094162218e-07,7.679639031855673685e-07,8.689518419110270971e-07,4.969455215119682246e-07,-3.932791034068385144e-07,-1.707697549546729143e-06,-3.191037883671164253e-06,-4.498414538686349106e-06,-5.345879484909546140e-06,-5.666065910187617857e-06,-5.672260707954549137e-06,-5.768973594616091832e-06,-6.327472675544390685e-06,-7.429130538690888537e-06,-8.717976384287468684e-06,-9.467311053220911425e-06,-8.864191378125808575e-06,-6.398507236727594749e-06,-2.172880882094847661e-06,3.031224418103512660e-06,7.988889529433458413e-06,1.148090883819734061e-05,1.275834977517189192e-05,1.180756087301379995e-05,9.291454396135681186e-06,6.198714143388916658e-06,3.375736910788627470e-06,1.172993804754997741e-06,-6.226804781620297809e-07,-2.546301005916525883e-06,-5.040200153221716446e-06,-8.093290715769039389e-06,-1.113270654304432763e-05,-1.323434221126416542e-05,-1.355072000550981914e-05,-1.173791113762868643e-05,-8.159180877350172460e-06,-3.754534702306360065e-06,3.648049486671118069e-07,3.397495300273821161e-06,5.170784303324801588e-06,6.142165741238854355e-06,7.091082073249698797e-06,8.664460289043524001e-06,1.101110030267598560e-05,1.369014352525006089e-05,1.589516909840367833e-05,1.687297967476341197e-05,1.631845600517352411e-05,1.454285958440295396e-05,1.233222042368746076e-05,1.057176803862306605e-05,9.829433144324552766e-06,1.010760100344108557e-05,1.088204958971311064e-05,1.139938330210087343e-05,1.107602665403289182e-05,9.797196756866189093e-06,7.972462413546719354e-06,6.331632163070854693e-06,5.573342182021726802e-06,6.043912051241692854e-06,7.596640884219116312e-06,9.681565614488260888e-06,1.159879496358668155e-05,1.277594756437295803e-05,1.293591753541058723e-05,1.209566558927206411e-05,1.043453632682217048e-05,8.136655327474777007e-06,5.311880181987351490e-06,2.037767718643366200e-06,-1.519923579555628765e-06,-5.007501192282529536e-06,-7.898173150345286464e-06,-9.649184398444596823e-06,-9.939265243680951053e-06,-8.862737745012492772e-06,-6.960990825498483124e-06,-5.045199028208809571e-06,-3.870968410829649551e-06,-3.810578725557153497e-06,-4.684717866668784629e-06,-5.849719710249640734e-06,-6.516753994777259238e-06,-6.163322062246360080e-06,-4.842720619574405829e-06,-3.233729199758188712e-06,-2.387060698155891682e-06,-3.265659985024621057e-06,-6.277465190875180458e-06,-1.101335468389095025e-05,-1.632095248492671175e-05,-2.070189613335126816e-05,-2.287904246191993835e-05,-2.230310854120504585e-05,-1.938911834181283054e-05,-1.538248817387353394e-05,-1.190531518659825344e-05,-1.036148401550385581e-05,-1.143190316646071353e-05,-1.484911802563371819e-05,-1.952444469677903921e-05,-2.396103245054550233e-05,-2.678054141557630985e-05,-2.716001393749195933e-05,-2.502673691386596158e-05,-2.096603931710102974e-05,-1.591257273186430415e-05,-1.077213954731700647e-05,-6.130687346528238613e-06,-2.151743873403885946e-06,1.327626756084700193e-06,4.577469134055029039e-06,7.750663202026022012e-06,1.075891927097024092e-05,1.329553434226180885e-05,1.497785870447569064e-05,1.552889298788550493e-05,1.490694580392518505e-05,1.332609211380452191e-05,1.116844703458427213e-05,8.841689457192032281e-06,6.656258135241588599e-06,4.777771121350340427e-06,3.263780730602728073e-06,2.146088271233488864e-06,1.496608660866818646e-06,1.428554384104198061e-06,2.027541850682465930e-06,3.254898498387162892e-06,4.890289142029659920e-06,6.566651979367943205e-06,7.902133683064648532e-06,8.675555214224234986e-06,8.955823780946331627e-06,9.104428452330651066e-06,9.624493326868547227e-06,1.090638510585469177e-05,1.298121380828456709e-05,1.540656209959477283e-05,1.736165040696055064e-05,1.793898049637576169e-05,1.652583054776923316e-05,1.311595765022510132e-05,8.407341382733670649e-06,3.623276380465224774e-06,1.086029919822467657e-07,-1.149004275526575477e-06,1.153331001763047165e-07,3.339063600610483776e-06,7.333890811938221985e-06,1.071690154154814490e-05,1.240366233440505739e-05,1.197411485479553095e-05,9.776970656052771862e-06,6.745241918951143498e-06,4.009237054660731048e-06,2.467433788558701280e-06,2.482040962712422741e-06,3.805739601596831927e-06,5.747182675907360909e-06,7.487624204780648671e-06,8.407913023691882684e-06,8.293031335150576099e-06,7.343320822881314063e-06,6.008632983945463529e-06,4.736037182515945177e-06,3.752601574604015242e-06,2.980830973920548975e-06,2.117998894654369690e-06,8.322679224801901312e-07,-1.026531114892118432e-06,-3.310327122318384239e-06,-5.614207871323478320e-06,-7.462573302241356381e-06,-8.553267144170662053e-06,-8.938004628309222159e-06,-9.040068930261661832e-06,-9.483233214111646243e-06,-1.079742987299508170e-05,-1.313383982453155042e-05,-1.613025271374139550e-05,-1.900790751039368236e-05,-2.087679810230958700e-05,-2.112433467444183919e-05,-1.971173858970149553e-05,-1.723201007809056377e-05,-1.468463704014296612e-05,-1.305200205630248688e-05,-1.286055606479966859e-05,-1.392748637917549325e-05,-1.541781973499879819e-05,-1.619885130730036943e-05,-1.534108862574096334e-05,-1.254275026574541600e-05,-8.284569318145221399e-06,-3.641934807548714688e-06,1.626862682170279178e-07,2.265694815197259260e-06,2.500614758497455036e-06,1.423284457139006410e-06,2.572086022804246263e-08,-7.169505158763174568e-07,-2.519891935976082201e-07,1.373291392034301821e-06,3.623106009593748256e-06,5.793086516304971953e-06,7.362722725645256141e-06,8.202642710679290949e-06,8.546975296317745600e-06,8.770212466549859504e-06,9.109872157185622529e-06,9.498356598323335221e-06,9.600292153810353061e-06,9.033239376024518932e-06,7.644602107418500936e-06,5.682678091343245773e-06,3.753994150629540860e-06,2.573468698102684709e-06,2.627370902484879502e-06,3.920660333823326613e-06,5.941956492797638397e-06,7.870618854555443201e-06,8.928006051737780031e-06,8.702870926813995194e-06,7.296303597370926897e-06,5.225699917734066934e-06,3.149769895830740331e-06,1.563164179388794364e-06,6.154276126736862440e-07,1.336321783605795158e-07,-1.863657498440413646e-07,-5.458058469525989359e-07,-9.097044028082278601e-07,-1.054132855894813715e-06,-7.642751258555227681e-07,-5.957480431237565883e-08,7.022489636942815422e-07,9.294855500313063886e-07,8.024893783404172756e-08,-2.011691442808105245e-06,-4.947449530164213586e-06,-7.834691607779074090e-06,-9.619880723237768562e-06,-9.545336818117875063e-06,-7.519971681097529148e-06,-4.218742615148987219e-06,-8.452035744208502446e-07,1.351506292881319629e-06,1.595003965346959160e-06,-9.719519127312281830e-08,-2.935611558312068220e-06,-5.714179077774248762e-06,-7.338144078339977961e-06,-7.287221206131372622e-06,-5.809987575798067447e-06,-3.771073192274518233e-06,-2.230771772917977865e-06,-1.954038413243032129e-06,-3.070406505161381009e-06,-5.030540796555832888e-06,-6.867368678359295050e-06,-7.634639246782171389e-06,-6.823410407843492270e-06,-4.575960700420802639e-06,-1.613260904169891865e-06,1.080589817801055881e-06,2.672720936459774117e-06,2.817275486092540384e-06,1.778726149524197033e-06,3.044641874998877791e-07,-6.878722335515128714e-07,-4.741698890556951538e-07,1.204831010903441458e-06,4.060630475191239116e-06,7.378715762146768336e-06,1.028361034862740403e-05,1.203955846759799182e-05,1.227750135777796707e-05,1.107691114240585982e-05,8.889831827348218990e-06,6.350727924007082146e-06,4.050352389417792423e-06,2.355806146108595148e-06,1.334661886584547734e-06,7.996572167341041467e-07,4.472341995865070006e-07,3.222387315705414299e-08,-4.887425480225478575e-07,-8.991704229379370191e-07,-7.730647244803190314e-07,3.812048656342460067e-07,2.930970928236992590e-06,6.947263726025883934e-06,1.211021576800956483e-05,1.772754218900303634e-05,2.286664648154306342e-05,2.656590369775682501e-05,2.806674923543928327e-05,2.700226802932434138e-05,2.349094628487415624e-05,1.811123879063058619e-05,1.176505031408255627e-05,5.466876395192410463e-06,1.129855558952727215e-07,-3.711899154166461972e-06,-5.844086274812932730e-06,-6.542059017127444894e-06,-6.381857925802181272e-06,-6.075495413505630267e-06,-6.260638873803246973e-06,-7.317777525531963955e-06,-9.265003534318051265e-06,-1.176079227154008487e-05,-1.421571694565137603e-05,-1.598213460101683255e-05,-1.656568757272566485e-05,-1.579254137173727212e-05,-1.387663377176610493e-05,-1.136084219115557452e-05,-8.947069576730638790e-06,-7.269729119012414434e-06,-6.690555825942627497e-06,-7.189574343387955015e-06,-8.395555800072891734e-06,-9.748397689954856114e-06,-1.073353822575539741e-05,-1.109575568517685349e-05,-1.094215051467497248e-05,-1.068458184451600479e-05,-1.083719255161377273e-05,-1.174930054650213846e-05,-1.338944268692723608e-05,-1.528392077271017600e-05,-1.665340621755341118e-05,-1.670615320324538714e-05,-1.497220242672281779e-05,-1.153443337369987017e-05,-7.046597686090562094e-06,-2.515175377475467134e-06,1.074632208045171841e-06,3.134642466912473563e-06,3.688926251034823634e-06,3.331601316785461815e-06,2.942563082303289163e-06,3.285716783308345980e-06,4.669106252669110422e-06,6.819169474152509010e-06,9.022715179816773680e-06,1.046542339410797356e-05,1.060410353740050794e-05,9.396373978834863402e-06,7.283406629103486061e-06,4.944322992006474515e-06,2.954079202075882251e-06,1.523294589194995508e-06,4.541096441024949176e-07,-6.677382962381742118e-07,-2.150351421165951173e-06,-3.921243316629009887e-06,-5.460194896140305030e-06,-5.994062039484994938e-06,-4.870342145577726101e-06,-1.925624948034854251e-06,2.344771453738096121e-06,6.919966401422852624e-06,1.064629873984003456e-05,1.271460641084371549e-05,1.299725710037219038e-05,1.208014517172905844e-05,1.096737656400660720e-05,1.059277684671264409e-05,1.136629167318632151e-05,1.296862242118074808e-05,1.449097955311122018e-05,1.485504067342372793e-05,1.331876675596578280e-05,9.837343252074300473e-06,5.119734621738740202e-06,3.630055588381572062e-07,-3.210251985563580350e-06,-4.807329125753087885e-06,-4.326901266261153982e-06,-2.337548902014011412e-06,1.894322700398524752e-07,2.260397994655766681e-06,3.194479367547809541e-06,2.799451216251853502e-06,1.357038866054646804e-06,-5.369667338025852416e-07,-2.194246549359622105e-06,-3.040074591806273049e-06,-2.759828712321552974e-06,-1.373801693540933220e-06,7.581892379444816791e-07,3.004227747378394534e-06,4.604993590701891943e-06,4.887027947596559181e-06,3.501836533528602285e-06,6.111472719524383792e-07,-3.073029134488061725e-06,-6.450442601758186769e-06,-8.376301613556098714e-06,-8.076981397633264793e-06,-5.472874680242738672e-06,-1.258552531794193311e-06,3.319825650789349202e-06,6.919860796130949707e-06,8.610391546417510382e-06,8.215333568002418005e-06,6.341456727462571065e-06,4.075096829944919033e-06,2.481998382066434036e-06,2.134750523350279112e-06,2.879443028285233402e-06,3.942154023477478303e-06,4.318988624432927740e-06,3.264878341173814510e-06,6.560849063286453339e-07,-2.934108777519671195e-06,-6.471413821172645267e-06,-8.892477042367805774e-06,-9.536416571933398068e-06,-8.392261045296119470e-06,-6.071633621916947377e-06,-3.540314830413410120e-06,-1.738999735469086832e-06,-1.253025084396126445e-06,-2.149364769106115559e-06,-4.016009934155916742e-06,-6.157240699133798633e-06,-7.852359209872103568e-06,-8.585300270748125878e-06,-8.184598373937506530e-06,-6.853190690054948496e-06,-5.096721900610089963e-06,-3.573450139263455028e-06,-2.896914548608501268e-06,-3.433803271008264246e-06,-5.153758727623380245e-06,-7.592746595848510909e-06,-9.970995076651536308e-06,-1.145484062117186116e-05,-1.148401382884397796e-05,-1.003466934279664190e-05,-7.688207188896478242e-06,-5.441299610179171147e-06,-4.304445615334338948e-06,-4.845635040650262831e-06,-6.885064884048880194e-06,-9.501392837018686767e-06,-1.137956612434753910e-05,-1.137017491692539711e-05,-9.017554664437398221e-06,-4.809141210617938094e-06,-1.317866335516217395e-08,3.842053271987278340e-06,5.623542602687088336e-06,5.087936412321795835e-06,2.986113983320624515e-06,7.257188626112865428e-07,-2.565111079513253124e-07,8.729129102229213573e-07,3.991690747506663598e-06,8.098937429736318764e-06,1.177039365480322531e-05,1.376921816439044117e-05,1.353107674809593905e-05,1.131892690270304807e-05,8.011433523386043545e-06,4.662263777827510978e-06,2.060516179390493558e-06,4.950381227694872212e-07,-1.996169363190647243e-07,-3.891176568266857867e-07,-3.481757685605755490e-07,-1.003445033863057471e-07,5.368109473301520500e-07,1.753461382148545773e-06,3.535813423512983671e-06,5.581776568435264174e-06,7.403195867962298092e-06,8.559258493234989427e-06,8.885147796962557246e-06,8.579719057090505664e-06,8.095616946680445601e-06,7.888888744663107166e-06,8.167533935247191433e-06,8.782029974580714396e-06,9.322676974392598315e-06,9.371932800829207541e-06,8.770254945212799298e-06,7.742382419990654632e-06,6.805414567506364025e-06,6.500469938373705709e-06,7.089974914274967372e-06,8.386819429002839222e-06,9.815009195415992755e-06,1.067897729193813266e-05,1.050621843162488155e-05,9.286346137735577281e-06,7.481960434271789099e-06,5.805192732834226889e-06,4.875191016964752687e-06,4.931493434384788253e-06,5.745102902194482999e-06,6.762083511191914825e-06,7.392034596461004717e-06,7.281760378576861994e-06,6.430547595424729059e-06,5.097088977854722324e-06,3.566608086178921924e-06,1.924524724469018092e-06,-2.266737608654803107e-08,-2.624374156859859225e-06,-6.124117498448073757e-06,-1.040771004205219513e-05,-1.491444067152738360e-05,-1.878343185527900467e-05,-2.118320435012667442e-05,-2.167095933827086526e-05,-2.040372993414916287e-05,-1.809064991466184324e-05,-1.570062273168632502e-05,-1.405904343279450122e-05,-1.352051498872017719e-05,-1.386562370636245142e-05,-1.445980289115796533e-05,-1.458739372330028639e-05,-1.379613944347559880e-05,-1.209259230233594204e-05,-9.910374556997175087e-06,-7.886573431284825717e-06,-6.569256097445378632e-06,-6.200127513703765269e-06,-6.665676176186200243e-06,-7.618712472617321775e-06,-8.688705292564852028e-06,-9.664337790790053913e-06,-1.055799288162168436e-05,-1.153050395202926828e-05,-1.272736517417610872e-05,-1.411844398108684246e-05,-1.542555593394900415e-05,-1.617510754536132233e-05,-1.585324444897310997e-05,-1.409752718945026278e-05,-1.084878610629728358e-05,-6.408142982224389997e-06,-1.382330405653805413e-06,3.462672087508852472e-06,7.395846178010998717e-06,9.910897945948208396e-06,1.086237152482411139e-05,1.050966789660898953e-05,9.448677442025924257e-06,8.437872227053540400e-06,8.159863298887632148e-06,8.990833851472813408e-06,1.086288125345968338e-05,1.328407872609166391e-05,1.552659451717323353e-05,1.692176200976087960e-05,1.714433905344941664e-05,1.635813160751188415e-05,1.514549795413747098e-05,1.423837089032868604e-05,1.416644393390310783e-05,1.498935927683035072e-05,1.625221599437833426e-05,1.720284539867765982e-05,1.717936670201524905e-05,1.598165256058286930e-05,1.403265601201118297e-05,1.222672674904677540e-05,1.151351474484532118e-05,1.240500251661162645e-05,1.464771921327215644e-05,1.723853752040842906e-05,1.880499063872760943e-05,1.819326221616048066e-05,1.499671796433616141e-05,9.773246534221800139e-06,3.838473865653554665e-06,-1.279890889113682307e-06,-4.479338120293905017e-06,-5.518585508523000000e-06,-5.054286539332559980e-06,-4.270641596989624105e-06,-4.287293355373137653e-06,-5.632525847082075079e-06,-8.029819674472109671e-06,-1.058700261341829502e-05,-1.227857025244933799e-05,-1.247204208498607337e-05,-1.123638789909221134e-05,-9.287948381845511359e-06,-7.614963923762427524e-06,-6.981005100076145748e-06,-7.561097891093716985e-06,-8.888363393347545219e-06,-1.012590016001549356e-05,-1.051376029256465460e-05,-9.757920861385913680e-06,-8.166531314235572946e-06,-6.474630922462982238e-06,-5.459079353922667828e-06,-5.547609425932184993e-06,-6.619632682488517654e-06,-8.089346896616858164e-06,-9.213229065082262169e-06,-9.452690007145332220e-06,-8.704594996699040738e-06,-7.292625369166967430e-06,-5.744349254250103786e-06,-4.490304588076533808e-06,-3.653976431195870682e-06,-3.041166766697019318e-06,-2.320262937690979580e-06,-1.277165281712870315e-06,1.077561341102119155e-08,1.188067900041236663e-06,1.818295204985163258e-06,1.653581732762012595e-06,8.181783913528272578e-07,-2.098657039596919979e-07,-8.259973948833718067e-07,-6.250430386175872856e-07,3.466466544294937032e-07,1.556448833224076471e-06,2.205075352446982910e-06,1.606805127716982769e-06,-4.506361682751313228e-07,-3.545564867767869796e-06,-6.748574394116463784e-06,-8.986583949412960508e-06,-9.482123803455309299e-06,-8.069808677423576866e-06,-5.250762795120540852e-06,-1.968483122401169896e-06,7.842330052394016040e-07,2.347923641027020453e-06,2.605849108292225041e-06,1.947128134023384621e-06,1.026478934176845301e-06,4.491011414146501838e-07,5.274220708658787276e-07,1.205330764529354007e-06,2.156661010322062521e-06,2.984421315211422062e-06,3.412630622944532858e-06,3.384089677312295181e-06,3.036764421215006912e-06,2.594225260564227090e-06,2.240424812868263807e-06,2.043225207369243093e-06,1.954286262119396922e-06,1.869272065509814555e-06,1.705467454334025233e-06,1.454526506100834634e-06,1.190236334833141751e-06,1.038248797670532192e-06,1.130636292583723188e-06,1.566658758994173233e-06,2.388089540869688767e-06,3.565076510660406275e-06,4.986372523251635471e-06,6.456180555542172231e-06,7.710065386648534691e-06,8.463149625648607260e-06,8.490028038776939581e-06,7.713320927338352935e-06,6.260794754769162324e-06,4.453501946460075978e-06,2.713488631289702094e-06,1.418946242010417563e-06,7.666654197997304198e-07,7.065891035709627858e-07,9.842940466617987472e-07,1.276001929050048477e-06,1.352786639901023373e-06,1.192327802109557204e-06,9.801813023269666731e-07,9.983229917604252106e-07,1.458540646504573447e-06,2.369887029504940715e-06,3.514099634678515845e-06,4.546518579412469640e-06,5.171356781656248916e-06,5.296336076835503569e-06,5.078253243756648655e-06,4.827234279216290358e-06,4.815143345963083099e-06,5.091183104914179971e-06,5.412003094406216271e-06,5.338579430410745057e-06,4.463711036759098160e-06,2.658022551982970264e-06,2.010205694456141691e-07,-2.287363825023818852e-06,-4.101024712333483712e-06,-4.774686165987015200e-06,-4.322314393184148467e-06,-3.256981412616084146e-06,-2.362563448360954211e-06,-2.310284468909627114e-06,-3.297597281749590884e-06,-4.889004384409256600e-06,-6.152932973701469553e-06,-6.053365600685923126e-06,-3.932787500882991862e-06,1.274348666275345957e-07,5.236582480319862458e-06,9.958029036578366878e-06,1.280658475790094236e-05,1.278014801144440222e-05,9.714482567307748974e-06,4.328568544988516010e-06,-2.041674354352606484e-06,-7.900926594252689981e-06,-1.206004124697639315e-05,-1.394433343465145177e-05,-1.366117635773137003e-05,-1.184617742447277782e-05,-9.383959757785923636e-06,-7.122398614535119880e-06,-5.669388713664889857e-06,-5.304373205714453322e-06,-5.986064613364648127e-06,-7.415488411157061909e-06,-9.121421043901212377e-06,-1.055721180427075954e-05,-1.121228850439214662e-05,-1.073592993817783537e-05,-9.049532787427206105e-06,-6.404363596436470695e-06,-3.343708090307994072e-06,-5.585109618257091922e-07,1.327010993290995335e-06,1.963064871149597498e-06,1.389738606639095333e-06,6.928944759131409866e-09,-1.593117822483340612e-06,-2.860620039929897477e-06,-3.489058924651845478e-06,-3.496611888621820056e-06,-3.159386331189200322e-06,-2.837027563276905911e-06,-2.779298060735424884e-06,-3.005650234094260764e-06,-3.308452009549874775e-06,-3.366965411155112600e-06,-2.906530656707405354e-06,-1.821689474963169635e-06,-2.086935988747342599e-07,1.695110996008212993e-06,3.619695413821331033e-06,5.354988261527869300e-06,6.783048429731870691e-06,7.847311466467654626e-06,8.495742385616029006e-06,8.647756632426138721e-06,8.214723071705845933e-06,7.164140147288919329e-06,5.583597290729906409e-06,3.694514099259541860e-06,1.792683601057634791e-06,1.376083319336285997e-07,-1.151711516843260237e-06,-2.133658433372587231e-06,-2.986668639981509151e-06,-3.884409220378946886e-06,-4.872497569919788324e-06,-5.820373387215200072e-06,-6.482815294662142384e-06,-6.642437649175847232e-06,-6.252886830668558624e-06,-5.494152979701269224e-06,-4.695410147041289084e-06,-4.156125430913680920e-06,-3.961540803264521604e-06,-3.904558832131632748e-06,-3.577826565563714810e-06,-2.608130366346089933e-06,-9.177480902749309887e-07,1.135649841712574342e-06,2.842736509743145301e-06,3.443176567279136888e-06,2.517497851379993774e-06,2.786342193416991847e-07,-2.400708466392884112e-06,-4.273097183004316751e-06,-4.210788011520872971e-06,-1.694215464082267224e-06,2.934305645903072277e-06,8.582413842015356080e-06,1.384886026200554016e-05,1.760137705158885436e-05,1.942996973584789301e-05,1.976939069464423918e-05,1.963886055016004895e-05,2.012678344186168800e-05,2.186606484980179168e-05,2.474459156544836589e-05,2.797707051330884203e-05,3.048819300447131220e-05,3.141029685877797607e-05,3.045258695263710740e-05,2.797328699413553326e-05,2.474007533944557247e-05,2.151834421797603190e-05,1.870411279173028355e-05,1.618309950646735701e-05,1.347217084268227175e-05,1.005179026795705364e-05,5.704681171479548741e-06,6.822818137263478032e-07,-4.381131081083912861e-06,-8.751831063544380799e-06,-1.192325059065232333e-05,-1.381793255469639789e-05,-1.477213319804749137e-05,-1.532990176742541946e-05,-1.597105590980867708e-05,-1.692154770691921598e-05,-1.813586925258828993e-05,-1.943602412843207594e-05,-2.070141950219726924e-05,-2.197999020926377114e-05,-2.344550553089322226e-05,-2.522649807844478951e-05,-2.721908593420228756e-05,-2.901674076528837142e-05,-3.002960254965353362e-05,-2.975583433789056380e-05,-2.806948512574933751e-05,-2.536128598057848892e-05,-2.243195792124238170e-05,-2.016301802195252831e-05,-1.911251365275978045e-05,-1.923545038341667923e-05,-1.987845564245272826e-05,-2.006668364052981024e-05,-1.895368589849689725e-05,-1.621835995296104613e-05,-1.221417205752107821e-05,-7.796612140062536038e-06,-3.915105405547395066e-06,-1.173507750781130629e-06,4.222689797320305271e-07,1.408175306160098246e-06,2.535304019781154502e-06,4.349166118546588588e-06,6.897916647862130028e-06,9.721976994333534074e-06,1.212676186631331329e-05,1.358811617473724561e-05,1.406683850393343555e-05,1.405395292646080218e-05,1.431008040256176693e-05,1.542732634832981255e-05,1.744403555888648414e-05,1.972641412094066493e-05,2.120163902926720800e-05,2.084851354483996483e-05,1.821442353508627706e-05,1.370242918123355002e-05,8.475143741979750865e-06,4.003829147534401195e-06,1.462980378360288200e-06,1.247841144930683912e-06,2.836439249190841217e-06,5.055857912850362588e-06,6.623318015719211008e-06,6.707579326221819847e-06,5.254185242925620729e-06,2.937488078437014782e-06,7.827827848894767752e-07,-3.451362115177258590e-07,-1.376607833092544931e-07,1.058281673616369363e-06,2.465319519915473743e-06,3.294490078266637687e-06,3.139683810711179150e-06,2.153078961469631485e-06,9.253734334754122166e-07,1.456130654777741146e-07,2.230124593045030071e-07,1.065620763073845018e-06,2.125202516598542511e-06,2.680148163364277829e-06,2.208803642488598894e-06,6.632935638154943238e-07,-1.492410484782379786e-06,-3.496117729010049320e-06,-4.643370445882780835e-06,-4.608441044330658813e-06,-3.574819985189851030e-06,-2.117873413571094274e-06,-9.062948748502015350e-07,-3.763112142845425298e-07,-5.407055717923964139e-07,-1.021435064303885783e-06,-1.278536435515410282e-06,-9.085040834932766813e-07,1.474100886658223939e-07,1.594474502768722404e-06,2.977933554320106734e-06,3.972238207960842048e-06,4.604686474832852764e-06,5.280608367477263534e-06,6.576898704158338451e-06,8.893047459173106134e-06,1.213256458573266768e-05,1.558878113828303491e-05,1.812264439163734032e-05,1.858418222236393107e-05,1.630716124684766625e-05,1.145726701367953902e-05,5.064576420069849072e-06,-1.298025120344526803e-06,-6.074635378907937628e-06,-8.300258332259726569e-06,-7.952213302230915623e-06,-5.932641910005567069e-06,-3.689876819536378432e-06,-2.636974182557469716e-06,-3.607030184330303627e-06,-6.562731759581009100e-06,-1.066392009715928797e-05,-1.464379814021426621e-05,-1.731965313243211829e-05,-1.802049002130901180e-05,-1.676650191716267307e-05,-1.415518373619915512e-05,-1.103881010848688969e-05,-8.159249465842022668e-06,-5.905458586568777490e-06,-4.282813847222232473e-06,-3.072680022137193910e-06,-2.070128638419187928e-06,-1.259667073519982170e-06,-8.332489053210710929e-07,-1.046085196291836000e-06,-1.996265768077355465e-06,-3.458142524151651156e-06,-4.875115384702442761e-06,-5.537373175539712786e-06,-4.874321516723232075e-06,-2.727652867603016698e-06,5.285267576207863943e-07,4.088335137743286845e-06,7.002785993235202849e-06,8.535883807184662612e-06,8.434069153168588013e-06,6.992178967967441420e-06,4.890162638915815824e-06,2.877698909805056701e-06,1.451117370062353777e-06,6.678133219679411025e-07,1.776751754596416420e-07,-5.504109963549483391e-07,-1.919182447053192974e-06,-3.960488297363595490e-06,-6.277147217541105902e-06,-8.199783961000201154e-06,-9.087918002859089327e-06,-8.635574307894221187e-06,-7.036960474984924096e-06,-4.929860129373387064e-06,-3.135340551157457605e-06,-2.306324959065194707e-06,-2.641615470258400362e-06,-3.795519881394439878e-06,-5.027532378617094913e-06,-5.529583522801810399e-06,-4.788093104162436699e-06,-2.820687716576654380e-06,-1.812861091963577993e-07,2.271198212815705680e-06,3.740967135406341772e-06,3.839930820346809869e-06,2.758290039856627601e-06,1.186689714665502949e-06,2.404865153121369572e-08,-1.933683940241314704e-09,1.361837945973035167e-06,3.794567905277643418e-06,6.543749293526762701e-06,8.741329909103589196e-06,9.753838127379332301e-06,9.417325173472365044e-06,8.064341362549138162e-06,6.344727011688318713e-06,4.931250181173842637e-06,4.245497517677689506e-06,4.321159863879917316e-06,4.852330861364032884e-06,5.387860866389570606e-06,5.569569125361405796e-06,5.299883011448203419e-06,4.765935606836063197e-06,4.319922020363738574e-06,4.283762113908846514e-06,4.778027164919730926e-06,5.657621839281879827e-06,6.580822378163149794e-06,7.172513617734728336e-06,7.198612274113902473e-06,6.666520982304620706e-06,5.805143288128208624e-06,4.937419418685858959e-06,4.309664932205382471e-06,3.961514229106562618e-06,3.700119377480147652e-06,3.193078035460245961e-06,2.139580235098569863e-06,4.431041370093616356e-07,-1.693200563685322048e-06,-3.795693701141688973e-06,-5.270057894095334928e-06,-5.618361791259450702e-06,-4.641616856526386830e-06,-2.548948729694148489e-06,7.321186893290470242e-08,2.428930904622183422e-06,3.765160301833160090e-06,3.623973639379295567e-06,2.005923982028152513e-06,-6.174507160962641993e-07,-3.453912772438168701e-06,-5.657914394609330921e-06,-6.624026635572603351e-06,-6.199969816852466370e-06,-4.736329664679976775e-06,-2.947535383241054852e-06,-1.630992118965347491e-06,-1.350615890314565458e-06,-2.211498081110962637e-06,-3.821605620085858250e-06,-5.462797464204769089e-06,-6.405305725942374782e-06,-6.234750242028780199e-06,-5.049303853079655386e-06,-3.435562811598128577e-06,-2.225923440344393062e-06,-2.137560581972372357e-06,-3.449331523295288235e-06,-5.860607340386287046e-06,-8.598208300020845630e-06,-1.072794039001428309e-05,-1.153534321892212515e-05,-1.080886086790089789e-05,-8.903025303750354430e-06,-6.559359170930602224e-06,-4.572118848516394058e-06,-3.453706560510644972e-06,-3.249374425313028275e-06,-3.576301620105544874e-06,-3.854794816846408435e-06,-3.610920261047354791e-06,-2.702006345337303941e-06,-1.360789095632113475e-06,-4.694816725717710452e-08,8.101910978014139627e-07,1.043297333804448570e-06,8.355772926548564104e-07,6.232706034842108433e-07,8.629086844317440022e-07,1.780764190938020245e-06,3.229644515113112965e-06,4.725011464002240984e-06,5.645922252408264221e-06,5.509044387533255814e-06,4.192232318012986699e-06,2.010592527987627673e-06,-3.829819152995322019e-07,-2.223820310928831743e-06,-2.889912687931177651e-06,-2.085202618012761747e-06,1.059936804884375454e-07,3.290201498277514671e-06,6.908716873331196797e-06,1.038423212896785299e-05,1.321843693392120972e-05,1.502769782404911846e-05,1.554019964529639904e-05,1.459299229309916699e-05,1.215594756879313256e-05,8.381066014108440399e-06,3.647585885544847553e-06,-1.437902624072324352e-06,-6.115095649074557432e-06,-9.616332565486795781e-06,-1.135105939789483486e-05,-1.107162802017057085e-05,-8.962539436057315824e-06,-5.615790637879788880e-06,-1.889714219846373641e-06,1.314239153599372470e-06,3.294727788065332908e-06,3.742023127352063375e-06,2.817729753578152050e-06,1.093610655616792879e-06,-6.368500277845067556e-07,-1.618021196611567770e-06,-1.378720110271991308e-06,1.195820078297590509e-07,2.488237307264853303e-06,5.071300867947949211e-06,7.200201220714913475e-06,8.442244103173756776e-06,8.740116224494595199e-06,8.382735210564876791e-06,7.821299035268427252e-06,7.417028712135928734e-06,7.244113564532789963e-06,7.051228074724526061e-06,6.411908892929026621e-06,4.999109851681946620e-06,2.847790196506206459e-06,4.598792548509453988e-07,-1.330294493698755623e-06,-1.699390856171802694e-06,-2.463680778941668510e-07,2.721761627945191533e-06,6.186479664461622691e-06,8.736787527067667880e-06,9.103776212754156294e-06,6.694076389669635239e-06,1.887895317670592825e-06,-4.044001391340327056e-06,-9.390408765592685308e-06,-1.264266884641336558e-05,-1.306843197435454877e-05,-1.098010118022392307e-05,-7.591298259716006472e-06,-4.529484571725284285e-06,-3.214336217490174007e-06,-4.357240274475697681e-06,-7.770320741943297945e-06,-1.252909189718138932e-05,-1.738077022784476395e-05,-2.120006464151081302e-05,-2.330230136142738808e-05,-2.351726813473528299e-05,-2.205308241852846067e-05,-1.927273098536358995e-05,-1.552313428806304419e-05,-1.109655987804878415e-05,-6.306705976621872723e-06,-1.584555281877182797e-06,2.513803008091612413e-06,5.437187870380214085e-06,6.862224214152481264e-06,6.888639771351985340e-06,6.077098251128784077e-06,5.267856021968170115e-06,5.232311086645010985e-06,6.309291043577978547e-06,8.207413289166356216e-06,1.009162913788933652e-05,1.094138948792664605e-05,1.003196645107720473e-05,7.318101869639594764e-06,3.530644377064372874e-06,-7.767130523583164350e-08,-2.238655568587658356e-06,-2.206482806515336602e-06,-8.421436447274467770e-08,3.212340019962408304e-06,6.341604287509463605e-06,8.103256447201370301e-06,7.934031099867255035e-06,6.116118696508636334e-06,3.614828306472379766e-06,1.629534228173940219e-06,1.065884071078629390e-06,2.162531472076773659e-06,4.425002191786467542e-06,6.874994352498342603e-06,8.485070394199054698e-06,8.598936425408413293e-06,7.162717620278367227e-06,4.692871403964359843e-06,2.028241063448559321e-06,-1.279670453906673247e-09,-8.437981475295793190e-07,-3.414280563877009525e-07,1.311081117090933685e-06,3.699164268293566865e-06,6.325774357227701627e-06,8.696990693727033714e-06,1.035554037612442504e-05,1.090473435495145418e-05,1.006810264282703392e-05,7.792246892592012469e-06,4.347958864562140602e-06,3.540343268940697691e-07,-3.335297509042404406e-06,-5.876815085871632249e-06,-6.739439652589838656e-06,-5.931936284823569947e-06,-4.039964593889139019e-06,-2.028696961426909729e-06,-8.724631362408142320e-07,-1.159675563643162775e-06,-2.844774003233178103e-06,-5.262974744570475122e-06,-7.410449639788881159e-06,-8.373354437279189631e-06,-7.719789394487011375e-06,-5.682900235893530342e-06,-3.055611077063624740e-06,-8.458927340374576275e-07,1.528946762167572495e-07,-3.128627459620599307e-07,-1.875346130502542647e-06,-3.734803109019217868e-06,-5.027875484890450345e-06,-5.207508155258354948e-06,-4.269104141142405732e-06,-2.731982828658394287e-06,-1.395569988272739955e-06,-9.856353408096241742e-07,-1.846319974078735144e-06,-3.804776899292713975e-06,-6.254361983304472395e-06,-8.408013967243416263e-06,-9.606874464085648574e-06,-9.555969420846928866e-06,-8.399540404223821926e-06,-6.621271905295480322e-06,-4.826118705855260847e-06,-3.501678223886942346e-06,-2.854661598447548274e-06,-2.777791978735566187e-06,-2.944701305722698589e-06,-2.979982460508382144e-06,-2.627544757517106712e-06,-1.849366784482690437e-06,-8.216650643041991906e-07,1.598898503125497804e-07,8.184230434504502350e-07,1.016410617659347170e-06,8.096147554042248733e-07,4.168692406220677686e-07,1.246964483800019072e-07,1.718606068794767771e-07,6.641050864214435169e-07,1.552204088302670014e-06,2.675663907689607325e-06,3.844595632799633658e-06,4.917464531982085694e-06,5.839241450515256224e-06,6.628748117820421403e-06,7.332500758410385865e-06,7.979512150698335287e-06,8.567631495571557861e-06,9.089010285898186609e-06,9.573380085674818626e-06,1.011074333440574180e-05,1.082209109829739222e-05,1.177685297580392495e-05,1.289366563230838665e-05,1.388439862422868924e-05,1.429308083006516703e-05,1.364026949964310816e-05,1.162721096711476694e-05,8.311922000292391711e-06,4.166586994897231604e-06,-3.029943723938959889e-08,-3.439956775532838041e-06,-5.452068111459752450e-06,-5.893407481368236255e-06,-5.064336782958131236e-06,-3.588442001115609009e-06,-2.147525999675749921e-06,-1.226964971255346926e-06,-9.870847887125325056e-07,-1.308323077552439120e-06,-1.966249641237976331e-06,-2.825535308186149951e-06,-3.936246118620822958e-06,-5.475548857279183768e-06,-7.571158826824748322e-06,-1.011779642676721564e-05,-1.271069394838339822e-05,-1.475991410312344313e-05,-1.574592803863067675e-05,-1.548705174124393499e-05,-1.426583152959185599e-05,-1.272359010939381955e-05,-1.155263057700578142e-05,-1.113178155528368911e-05,-1.129801363582173090e-05,-1.139264235456749185e-05,-1.058594294951542081e-05,-8.334957735562965547e-06,-4.744659314106074865e-06,-6.323744756355361502e-07,2.767916719806281751e-06,4.345289731272627558e-06,3.647437381760113369e-06,1.149745270382348002e-06,-1.887822274283161066e-06,-3.927758811775557437e-06,-3.801109413017819101e-06,-1.197067411655185904e-06,3.227306943704345470e-06,8.160007839091946240e-06,1.221249363995208692e-05,1.448616758867419339e-05,1.486733598936718449e-05,1.393527449447836718e-05,1.256329262338379114e-05,1.143916179538740757e-05,1.075623945806815419e-05,1.022147651926680727e-05,9.350057760365292848e-06,7.863110078394403604e-06,5.954774524775144047e-06,4.271982954668522160e-06,3.610854380798863583e-06,4.490588915367444124e-06,6.835219690875502007e-06,9.939313958731592401e-06,1.274552714526384217e-05,1.429900774390123845e-05,1.415201593125595776e-05,1.251904883938771720e-05,1.011257226563277346e-05,7.752864324585718726e-06,5.957056371814574140e-06,4.715776615437462238e-06,3.562227420338875761e-06,1.884899842365081371e-06,-6.876345706288947836e-07,-4.031364734121193721e-06,-7.528189346957022165e-06,-1.031589960321417411e-05,-1.165485338117277882e-05,-1.122977711292918288e-05,-9.250341865964027582e-06,-6.324192261591780557e-06,-3.189211661389045354e-06,-4.492065384627927282e-07,1.565828079060783090e-06,2.776924013025662781e-06,3.225335776547855012e-06,2.938224081399846233e-06,1.879222127908116571e-06,5.625588322737454325e-09,-2.619811736209246045e-06,-5.750648954619410595e-06,-8.978802646607802866e-06,-1.185971221289242626e-05,-1.407732591641656856e-05,-1.555761549275400311e-05,-1.646624365720323059e-05,-1.709142168670311999e-05,-1.767765452386739356e-05,-1.830161204647186692e-05,-1.885321196803441704e-05,-1.912089672350171735e-05,-1.891925446464348527e-05,-1.817650548570558336e-05,-1.693111373890857503e-05,-1.525059614427457984e-05,-1.314071683113524490e-05,-1.052323559176930786e-05,-7.316101669296993625e-06,-3.576735648977054755e-06,3.872116687770132864e-07,4.035130187089110452e-06,6.770119315783531377e-06,8.209906108440031582e-06,8.413431775908818448e-06,7.922365226587027305e-06,7.557400122158215665e-06,8.036890312747569770e-06,9.593350257306568115e-06,1.178875937080592083e-05,1.364935790563120409e-05,1.408755906939221023e-05,1.242792966659780016e-05,8.785671658745007731e-06,4.101362614598526543e-06,-2.060176597355433930e-07,-2.820293561475562583e-06,-3.076743916263667141e-06,-1.221029336466191842e-06,1.741700656648109201e-06,4.529872066143992769e-06,6.163581010090235363e-06,6.359826026641922904e-06,5.565217126413816428e-06,4.632784847612547668e-06,4.327828979071935621e-06,4.926750433860873542e-06,6.113338836488364721e-06,7.212348492839307691e-06,7.618442346674201657e-06,7.176028229663740316e-06,6.295899451187677894e-06,5.740779651955736216e-06,6.195004136632363194e-06,7.854966025990676255e-06,1.027061957825394646e-05,1.253629300704523864e-05,1.374075112789418057e-05,1.344228548589536020e-05,1.191288457592303590e-05,1.001056178413986017e-05,8.732627489247736936e-06,8.674316946889098682e-06,9.675694935776377173e-06,1.085171919397182066e-05,1.100817051268126572e-05,9.247039873628412737e-06,5.461233440796265688e-06,4.649416308170603850e-07,-4.318469264428401022e-06,-7.471551125656186488e-06,-8.210386404248061652e-06,-6.725629267231666900e-06,-4.076135277475111570e-06,-1.690780802401092336e-06,-7.216093481175865216e-07,-1.558248281736376224e-06,-3.728484847944113245e-06,-6.217087783054894079e-06,-8.030717964985120051e-06,-8.721141065605721325e-06,-8.606482528316021887e-06,-8.584328857869532773e-06,-9.633247724260032605e-06,-1.225136145359023708e-05,-1.610987321025179127e-05,-2.009507825284435927e-05,-2.272781132583502435e-05,-2.277402862441182027e-05,-1.977574593252930623e-05,-1.427302152327381167e-05,-7.629900157056118511e-06,-1.550095003758200759e-06,2.507728482896489847e-06,3.781045907003978164e-06,2.364252389144112857e-06,-9.430659134085398038e-07,-4.996141577794899610e-06,-8.704639417114913360e-06,-1.131967495404308667e-05,-1.253311947294027246e-05,-1.240694567797644958e-05,-1.121438002632357750e-05,-9.286538121279097832e-06,-6.924005903082439210e-06,-4.379860115009524501e-06,-1.880196705978628859e-06,3.612566811016306901e-07,2.158471719735494557e-06,3.392020559447570540e-06,4.044827510961858279e-06,4.209251578337610374e-06,4.059035146263994577e-06,3.801737138350798055e-06,3.636877681142553208e-06,3.736115534370852543e-06,4.241412256754687031e-06,5.260564653197148270e-06,6.839940931111200892e-06,8.913755561155356163e-06,1.125623767107988439e-05,1.347881428146953328e-05,1.510445148861559238e-05,1.571540440532744019e-05,1.512527714664242425e-05,1.349704235858957160e-05,1.133629137894793157e-05,9.336669312964252532e-06,8.123466857679432837e-06,7.998469917541011574e-06,8.802911307452095861e-06,9.972980628875875782e-06,1.077859392534346541e-05,1.064841751808079657e-05,9.435496666614325145e-06,7.495537950533096575e-06,5.530490283054044342e-06,4.258841563411205581e-06,4.060083365083082922e-06,4.761110639755626429e-06,5.673464326103381593e-06,5.876575045198608675e-06,4.625602509622110882e-06,1.698906142269681518e-06,-2.477790467434095129e-06,-6.993315361881535726e-06,-1.082894656239910913e-05,-1.327938814830686062e-05,-1.422144528945394208e-05,-1.410581867123602338e-05,-1.367961639510959986e-05,-1.357807466896330143e-05,-1.398969528645417835e-05,-1.456555304947615129e-05,-1.462439995527195438e-05,-1.355639948516654707e-05,-1.122244638901811120e-05,-8.137282055112384988e-06,-5.321614665707078699e-06,-3.868204740623552110e-06,-4.413723271743646660e-06,-6.769376308057765919e-06,-9.904492035891372377e-06,-1.232083763838580339e-05,-1.267190462454291382e-05,-1.035740070770218042e-05,-5.820431534762413125e-06,-3.996787732097779123e-07,4.212721748113775193e-06,6.675524750114803532e-06,6.553778479316456811e-06,4.476698430023754484e-06,1.827415097770593190e-06,1.065039162024891669e-07,2.598363794201941687e-07,2.276321078254950284e-06,5.234762174951848671e-06,7.769904622629551273e-06,8.733553868525768238e-06,7.738484544301743999e-06,5.331799369210422538e-06,2.721999696078027515e-06,1.195666025594371852e-06,1.504829922120100051e-06,3.516422100445758744e-06,6.286849289055030949e-06,8.520252137435069045e-06,9.186755170625776591e-06,8.003953934627842755e-06,5.554697224398219449e-06,2.991612105869368410e-06,1.477143260460423629e-06,1.631523278799647721e-06,3.251810419041701693e-06,5.429759252106616967e-06,7.002496968094013341e-06,7.112455848942234385e-06,5.606971594396461327e-06,3.092865615495787398e-06,6.325453868003531480e-07,-7.598565099351246037e-07,-5.745966356617917580e-07,9.987968904285603611e-07,3.214944384133648652e-06,5.163656903896775220e-06,6.202768957185384255e-06,6.219223573276388926e-06,5.603828423549328723e-06,4.976389689571581735e-06,4.822701709581302365e-06,5.240488187942324661e-06,5.922922666343555217e-06,6.374975795496926622e-06,6.231340506290612062e-06,5.491648805945407331e-06,4.536001260227583543e-06,3.905276624611838602e-06,3.961295512696503659e-06,4.612211522269960141e-06,5.260835104066268428e-06,5.021590847766292772e-06,3.113128488161308424e-06,-7.600881543812460878e-07,-6.224040888301736136e-06,-1.234218225375231525e-05,-1.796572771985666293e-05,-2.216371934307559901e-05,-2.453559314965891435e-05,-2.527277109741035799e-05,-2.496279490352482832e-05,-2.425404653572356279e-05,-2.355832377468253098e-05,-2.293464306835117449e-05,-2.219146586245090538e-05,-2.112389802852148043e-05,-1.973144058023754352e-05,-1.827753876410826217e-05,-1.714524783156590372e-05,-1.656351453281296326e-05,-1.636096690460012363e-05,-1.590314765830949919e-05,-1.428248118120821708e-05,-1.070042656089646396e-05,-4.874164988110389893e-06,2.728277605243324789e-06,1.095290286905745416e-05,1.831941340114975046e-05,2.353410936687938537e-05,2.594061239053608008e-05,2.571743353081173530e-05,2.374298054683066561e-05,2.119525940372433723e-05,1.906743915205269340e-05,1.781026613369987647e-05,1.724675511049659910e-05,1.677651266592335475e-05,1.575678312698893262e-05,1.387384250717762723e-05,1.133241243471527032e-05,8.782010033870508699e-06,7.022892638745583708e-06,6.633325625292109237e-06,7.691016194329842903e-06,9.713962906962493271e-06,1.184446243434058491e-05,1.319198494205698062e-05,1.318392567640110024e-05,1.177516301148376689e-05,9.433885701276187072e-06,6.920412846644642115e-06,4.963228916686716338e-06,3.974897495672630309e-06,3.925479446235424468e-06,4.416181487457733677e-06,4.905861615271966291e-06,4.977749645418156652e-06,4.521258317815930438e-06,3.748098267804156476e-06,3.041857367005108542e-06,2.718924476732005219e-06,2.820117800079121867e-06,3.037601752426341267e-06,2.817401698618302216e-06,1.593861408077097870e-06,-9.517831035764164522e-07,-4.730037150067829452e-06,-9.255757747296409550e-06,-1.382932970275153618e-05,-1.780049934316822320e-05,-2.078979559284278644e-05,-2.276500629732876061e-05,-2.394447947545302055e-05,-2.458850316633899358e-05,-2.479885508705028844e-05,-2.444287085905863380e-05,-2.325137181269813438e-05,-2.104224499780481551e-05,-1.794431554147923327e-05,-1.448275054311876875e-05,-1.144979344525483821e-05,-9.595496113074037089e-06,-9.276584964928418761e-06,-1.024145514088386661e-05,-1.167865193172885057e-05,-1.253397658370477975e-05,-1.196563553962447049e-05,-9.727144276620044742e-06,-6.289230161452516656e-06,-2.630416424038823454e-06,2.134840141981196354e-07,1.627836120006850860e-06,1.691894703664689840e-06,1.108925833373801453e-06,8.265163336838099145e-07,1.537905451752082778e-06,3.319816167208431783e-06,5.596762389931606832e-06,7.455606042180188397e-06,8.150279907613761538e-06,7.530602748367130936e-06,6.159616675242286043e-06,5.040440549782243055e-06,5.079357110560805772e-06,6.560756295576773003e-06,8.920639349594108161e-06,1.096584850283528722e-05,1.146095917478252500e-05,9.806187063553993850e-06,6.461512294557623611e-06,2.876177714413307115e-06,9.146929560541368100e-07,2.019913004364027316e-06,6.497189846066459936e-06,1.326613383803574824e-05,2.022041901590559726e-05,2.505652244408085801e-05,2.621199295503176617e-05,2.349850671077311024e-05,1.815170865628260095e-05,1.228403791619770632e-05,7.993669869787733102e-06,6.528128226501088514e-06,7.860695463465249924e-06,1.083636625640554891e-05,1.378137174488931925e-05,1.527059778659751671e-05,1.469949035196787647e-05,1.242426068949401906e-05,9.451139491142953987e-06,6.864099352723202911e-06,5.284119880791449857e-06,4.611482567535793012e-06,4.147165466681131124e-06,3.002796209464021994e-06,5.811409316451826303e-07,-3.104953997504860237e-06,-7.412244182627666999e-06,-1.133365991426001166e-05,-1.391206904276779503e-05,-1.461082480060778098e-05,-1.349079118320346193e-05,-1.114410187231903895e-05,-8.442077632710291542e-06,-6.220097271536082823e-06,-5.024859704303995356e-06,-5.000979762051875813e-06,-5.926461173287397860e-06,-7.353226294496930564e-06,-8.787013901628231872e-06,-9.848083851049836630e-06,-1.037526933209029766e-05,-1.045614011992464159e-05,-1.037989967806981778e-05,-1.052139652061061996e-05,-1.118088892620675039e-05,-1.242497362294486681e-05,-1.398936144646875943e-05,-1.529913146033914942e-05,-1.562799180651948218e-05,-1.436164830669193567e-05,-1.127462953450078642e-05,-6.704272603714657955e-06,-1.529940594819419711e-06,3.062888561539595398e-06,5.962955473397220405e-06,6.517932574301363833e-06,4.770685974994231245e-06,1.448121737472213378e-06,-2.297123013798099790e-06,-5.290952208553856311e-06,-6.729519117909080126e-06,-6.411151739553824949e-06,-4.734092944403378206e-06,-2.484769729510743613e-06,-5.212815370311258503e-07,5.158444027059443889e-07,3.651759122517365364e-07,-8.533667563257641690e-07,-2.757321123495093213e-06,-4.864716028395373273e-06,-6.729051688674520032e-06,-8.010519730849751923e-06,-8.490799086428649019e-06,-8.063975579456951227e-06,-6.733492615009467276e-06,-4.622396829796798206e-06,-1.980249453758407296e-06,8.379801906119341794e-07,3.432886307969264647e-06,5.448769325971500031e-06,6.656710363225612885e-06,6.998980668230403123e-06,6.579350147265028728e-06,5.610421867009671757e-06,4.347829628008806195e-06,3.041041165567105833e-06,1.912894962696510612e-06,1.157430832713706318e-06,9.336550079378927989e-07,1.339913827485296461e-06,2.374757829086947856e-06,3.910364787969125260e-06,5.707896340637544629e-06,7.484926685387369589e-06,9.012804892243410888e-06,1.019653845082437063e-05,1.109006589236393985e-05,1.183027337868026215e-05,1.251962287780346690e-05,1.312322378024175110e-05,1.344760225433671987e-05,1.322907831224695097e-05,1.229722264707486529e-05,1.072731604192996238e-05,8.887160683613585594e-06,7.329055141866283108e-06,6.558358504913136243e-06,6.784473253342165177e-06,7.785556726795953033e-06,8.974733515744423741e-06,9.659058655197010580e-06,9.379701328303433362e-06,8.167340267891557432e-06,6.573995782489362509e-06,5.444081448574705648e-06,5.516170293917253182e-06,7.038287298528174489e-06,9.584493069030808752e-06,1.217216090766881623e-05,1.363825774109208715e-05,1.310805763849637463e-05,1.034368151522974893e-05,5.816647388174093101e-06,4.805493658641806242e-07,-4.638700461697655329e-06,-8.837254783473859934e-06,-1.193383632188544836e-05,-1.420423669211895985e-05,-1.611413483934975036e-05,-1.800998055078239534e-05,-1.993428368398838166e-05,-2.164979875245803766e-05,-2.283435057584404910e-05,-2.331290516487633066e-05,-2.317803098444375421e-05,-2.272146840865842647e-05,-2.221681694602108085e-05,-2.168908903079709677e-05,-2.082496868849380455e-05,-1.910456568390745026e-05,-1.610889517360385509e-05,-1.184653929814466310e-05,-6.911648608244321744e-06,-2.356487403374260610e-06,6.968459143755775297e-07,1.540680925691790307e-06,2.325247113836647479e-07,-2.368508696355773378e-06,-4.918091747264606528e-06,-6.126932247080635343e-06,-5.286182644358299629e-06,-2.542540875096136915e-06,1.196939502558389599e-06,4.678855308741882578e-06,6.840718131159360160e-06,7.227709685608604755e-06,6.112780146293556978e-06,4.290304252517294028e-06,2.664858975422168039e-06,1.840601582879610283e-06,1.897820897995096591e-06,2.438491296299506836e-06,2.849577070934806991e-06,2.637891191265791419e-06,1.675063294054367554e-06,2.536185881019492864e-07,-1.044994452075822093e-06,-1.586334354573689336e-06,-9.102139389921913529e-07,1.133108979886254241e-06,4.358858396672663758e-06,8.304500755310129415e-06,1.232024290767118140e-05,1.566687561183204599e-05,1.762702586758630423e-05,1.764883229067551422e-05,1.551881132961331822e-05,1.151505728743213148e-05,6.456289140022426377e-06,1.570691782436577401e-06,-1.827744504449998919e-06,-2.771778147032171062e-06,-1.019767302116108033e-06,2.794421314886934453e-06,7.341239035203801578e-06,1.106826410821527449e-05,1.278994680181773406e-05,1.214716838346705197e-05,9.729069144477908308e-06,6.790211278093756651e-06,4.677025878707135638e-06,4.214147544672371905e-06,5.326427863830122260e-06,7.070252730081998865e-06,8.063266391713508476e-06,7.120104898815143431e-06,3.808183834544090590e-06,-1.324569361125173596e-06,-6.947712653306317226e-06,-1.147813540856624403e-05,-1.370430998392414230e-05,-1.323589740741759423e-05,-1.059938502619682780e-05,-6.964206262317924727e-06,-3.642834792121989773e-06,-1.591384284929272093e-06,-1.113529666755877642e-06,-1.861182526690199078e-06,-3.088747925476453344e-06,-4.018508499822632638e-06,-4.152086227985959622e-06,-3.415399413770250084e-06,-2.115546554792651746e-06,-7.688877872655806335e-07,1.047400603484971373e-07,1.421231411001745270e-07,-7.832510413792821302e-07,-2.552421498115090776e-06,-4.836695184088166070e-06,-7.159732666241141755e-06,-8.986090454485661294e-06,-9.842379927681502082e-06,-9.460479368763016601e-06,-7.901711485281390413e-06,-5.599972109094125799e-06,-3.272952182842244051e-06,-1.699183619861284433e-06,-1.426025513456381028e-06,-2.524843661911939217e-06,-4.511739007219120730e-06,-6.494379643393816937e-06,-7.508130587507492429e-06,-6.912043417018716364e-06,-4.674455698571535384e-06,-1.414343826288353421e-06,1.833093610768391210e-06,4.034672764165381043e-06,4.582577650215782486e-06,3.536901704785135387e-06,1.579846769662907924e-06,-2.967105192101154078e-07,-1.228250482169654457e-06,-8.421337566210977120e-07,6.114843650762365903e-07,2.413538438630243914e-06,3.734083213077903683e-06,4.021938655944039097e-06,3.243884986185017766e-06,1.867181986810337547e-06,6.031836147829478763e-07,4.270994660420648752e-08,3.626060262412002281e-07,1.245619655520371328e-06,2.051262635783748828e-06,2.153853098358738512e-06,1.282957084142743480e-06,-3.011551758364588513e-07,-1.887697694372098446e-06,-2.621777941593053464e-06,-1.900055059695150998e-06,3.264007684774667461e-07,3.485555499761982967e-06,6.592648172420196987e-06,8.647666267797466215e-06,9.049697959858160260e-06,7.845782496306938849e-06,5.703694641698784032e-06,3.619916792672061551e-06,2.491373972547786805e-06,2.739595420275381320e-06,4.151613045192926131e-06,6.003881476115312054e-06,7.407971815556781001e-06,7.717550878026984272e-06,6.810429047280724575e-06,5.119067953815805322e-06,3.400529435026601955e-06,2.358093379502173796e-06,2.295294540705404763e-06,2.966788431097635984e-06,3.696718618374737217e-06,3.708130954409162195e-06,2.506580455537295232e-06,1.351836749625207644e-07,-2.820538580240612534e-06,-5.480734479913343899e-06,-7.055130955360903125e-06,-7.182575228812636620e-06,-6.069587922323854050e-06,-4.369486676957114830e-06,-2.868037049188523634e-06,-2.131394712076514520e-06,-2.284117790121808233e-06,-3.014950042260357363e-06,-3.792341917784201739e-06,-4.168865735078444483e-06,-4.014857491939433598e-06,-3.564671483045163310e-06,-3.259965158521695797e-06,-3.480512432993162817e-06,-4.309695375442551272e-06,-5.460962296177769686e-06,-6.405474709979771023e-06,-6.635568862458657714e-06,-5.928378224704434587e-06,-4.474500932620447919e-06,-2.806153388453251803e-06,-1.560562005647763007e-06,-1.194917655005781608e-06,-1.788973156177427116e-06,-3.022954531992578644e-06,-4.329768815611144953e-06,-5.138565307255941869e-06,-5.092230545314694210e-06,-4.147740197567113257e-06,-2.536151210799708162e-06,-6.289257231503986977e-07,1.207650588898148427e-06,2.702233254810585407e-06,3.693189174927501891e-06,4.099197007545856316e-06,3.897026631832673897e-06,3.138504327865921596e-06,1.995180877535046527e-06,7.829980676851493200e-07,-8.262148197520285628e-08,-2.131796726541409748e-07,5.891482924975764317e-07,2.213510608075999616e-06,4.244533170949515909e-06,6.109851101675854482e-06,7.315373291965150923e-06,7.657141006740741129e-06,7.299461564715900461e-06,6.671620510792635504e-06,6.230207012416785634e-06,6.210316480795571596e-06,6.502387600159157183e-06,6.729871841094379334e-06,6.495095848246094464e-06,5.663103378926654268e-06,4.520660775927579310e-06,3.702570624681069634e-06,3.896179120785025612e-06,5.457676544086935969e-06,8.135023222541539289e-06,1.105573887769736834e-05,1.301669998173216434e-05,1.296540069719922371e-05,1.046159282478478465e-05,5.906713834378664935e-06,4.290877144444061643e-07,-4.532270904384505646e-06,-7.767880034739434335e-06,-8.734138445592676961e-06,-7.712581594078007081e-06,-5.648141456871741539e-06,-3.761326301632998628e-06,-3.112077815261800857e-06,-4.286821802057570579e-06,-7.298532064782609247e-06,-1.168214229904741410e-05,-1.669124275231569218e-05,-2.149014311432386113e-05,-2.528227952115023728e-05,-2.738339012148309032e-05,-2.728983898605461984e-05,-2.478277559981746495e-05,-2.005621592400900490e-05,-1.379927346399926101e-05,-7.143039021261893308e-06,-1.423262551639562593e-06,2.202834306285487414e-06,3.157885633308500997e-06,1.695687626519072090e-06,-1.127561980875163708e-06,-3.785282964775621747e-06,-4.809656462464010280e-06,-3.320351442439756894e-06,6.537849878337645533e-07,6.187157741387784965e-06,1.179771976345805376e-05,1.598034105530001873e-05,1.772899372022379043e-05,1.685851998798759829e-05,1.402363299994948395e-05,1.045017722883308517e-05,7.492856273705909597e-06,6.180378492694592911e-06,6.895180197637358113e-06,9.276377157470502944e-06,1.235882931447016213e-05,1.489339172526969184e-05,1.574845961255271409e-05,1.427550154518421182e-05,1.053098919183771719e-05,5.282561282202782216e-06,-2.146847962111046922e-07,-4.614590043895619843e-06,-6.926538194496125769e-06,-6.856556914953646348e-06,-4.908105695195705773e-06,-2.186736529964013717e-06,3.284819037920489632e-08,8.143338763381579376e-07,-6.624554352836583123e-08,-2.045103838780370463e-06,-4.037056177464315108e-06,-4.935832608761535928e-06,-4.129322409013969986e-06,-1.795209805421928366e-06,1.163775665406646867e-06,3.521803229442255447e-06,4.287456586497170107e-06,3.158952289749098778e-06,6.644029974754867221e-07,-2.078110199114668672e-06,-3.866293860356601618e-06,-3.946169666868739315e-06,-2.323394714375304790e-06,2.838843286693125721e-07,2.812976938512740797e-06,4.355559085192098585e-06,4.542915301553806736e-06,3.640194228620492846e-06,2.324755172054473300e-06,1.282107782971041362e-06,8.373332780891025989e-07,8.100162654233577613e-07,6.559247808211729667e-07,-1.936233615014359596e-07,-1.984042462198066010e-06,-4.468776361800033212e-06,-7.007083715429624122e-06,-8.873020155854972988e-06,-9.610420687250610476e-06,-9.248018205506472429e-06,-8.265647194661143938e-06,-7.334028846807414071e-06,-6.967000612245693401e-06,-7.266386095032827253e-06,-7.886978249281512479e-06,-8.232600582211616313e-06,-7.776010237465692294e-06,-6.336112302104601941e-06,-4.173480737504147068e-06,-1.861823251049353293e-06,-6.687285721001998135e-09,1.044704979929782018e-06,1.361162708267292916e-06,1.383278255658919588e-06,1.708568498881785766e-06,2.815359211665541450e-06,4.853714587595433967e-06,7.588047558701489775e-06,1.049777353215774868e-05,1.297174261922498926e-05,1.450258482513009343e-05,1.480679843922772333e-05,1.384719866661600830e-05,1.178443595845573124e-05,8.907190551482343079e-06,5.579123339221055841e-06,2.208557338916387955e-06,-7.812711584280168911e-07,-3.008182099141851997e-06,-4.218318250972075175e-06,-4.376694792080746503e-06,-3.711703763076170459e-06,-2.671683788267114204e-06,-1.788018414703724247e-06,-1.486999393635007825e-06,-1.926077240644270299e-06,-2.929203601444788102e-06,-4.057903602344923546e-06,-4.795837369930548094e-06,-4.772447647154562314e-06,-3.930849412780915893e-06,-2.566605649135754577e-06,-1.218136417064598015e-06,-4.521877052926269216e-07,-6.317615489101009998e-07,-1.760953572568553385e-06,-3.469476900433741055e-06,-5.143572468730037209e-06,-6.152777631648792137e-06,-6.085857711396758760e-06,-4.906816674569043827e-06,-2.972700833519663065e-06,-9.064244791313050172e-07,6.289756966565525644e-07,1.172257270171026950e-06,6.333942289803114312e-07,-6.723508360183919147e-07,-2.139373080779401576e-06,-3.094068444076933923e-06,-3.041934951346616776e-06,-1.846304278462220443e-06,2.289276058046839138e-07,2.627345866997592594e-06,4.713912187494750398e-06,6.007910141487773185e-06,6.342348081981397425e-06,5.890600063234538232e-06,5.059129438536175918e-06,4.301760904178432253e-06,3.940382378481973421e-06,4.066303743551337194e-06,4.552409837028374575e-06,5.151720305078146854e-06,5.620659712056938190e-06,5.803131236475616400e-06,5.643060731420455488e-06,5.138819022270497860e-06,4.285961709946592390e-06,3.056203702306256772e-06,1.430620107047599334e-06,-5.369597742994860606e-07,-2.677237902103280021e-06,-4.727113662079375276e-06,-6.420080590803718067e-06,-7.601020497173539973e-06,-8.294389330336770762e-06,-8.671114505452691965e-06,-8.915164067763288482e-06,-9.056636224729490119e-06,-8.874544453474007800e-06,-7.951523902968802093e-06,-5.887164699246583251e-06,-2.582230096890680912e-06,1.555242004635741067e-06,5.618402858200711506e-06,8.470211811266629441e-06,9.187239010050793760e-06,7.488734074722275707e-06,3.940880822406109873e-06,-1.888907530897401210e-07,-3.395720862916004748e-06,-4.532179375764229367e-06,-3.272145113443081283e-06,-2.300099411674272098e-07,3.324218100335616358e-06,6.025089610972238316e-06,6.988289400386491980e-06,6.138763419857898647e-06,4.148585614317727232e-06,2.034546501006176753e-06,6.300189577387540269e-07,2.000463973356241537e-07,3.858209324799145105e-07,4.883455239868902772e-07,-7.681627223279129420e-08,-1.408340764189576127e-06,-3.036361928193903436e-06,-4.173800466132854109e-06,-4.163938009023668833e-06,-2.876835635133697711e-06,-8.311993797600540478e-07,1.035720248507510655e-06,1.836903022717880217e-06,1.196699126450251290e-06,-5.443308821749592355e-07,-2.497355212587313335e-06,-3.684225264761839196e-06,-3.546814190739947746e-06,-2.233148533627634084e-06,-5.005596583000743459e-07,7.206955512921792467e-07,8.739533680711243530e-07,1.349594235472414481e-07,-6.255800123792514959e-07,-2.797775501926654138e-07,1.930242589276418588e-06,5.898949653716879542e-06,1.056825449315330459e-05,1.431739033403438891e-05,1.566497130725378562e-05,1.395155987027247682e-05,9.668918233945377968e-06,4.266907417054742764e-06,-4.795757244886533706e-07,-3.247837286863790223e-06,-3.723703737012899811e-06,-2.680532458818805791e-06,-1.556338364454346428e-06,-1.743879448110541749e-06,-3.938111897555892367e-06,-7.844457452550885932e-06,-1.236506236710944339e-05,-1.614513090190502673e-05,-1.819497123944715275e-05,-1.828466983233893460e-05,-1.693964930740875165e-05,-1.507399570901439999e-05,-1.347604999640763959e-05,-1.241964906943211521e-05,-1.159109115707892301e-05,-1.034633470930928218e-05,-8.139844025114735177e-06,-4.884927529780081595e-06,-1.053230562656255547e-06,2.532483877475195818e-06,5.093623128679932687e-06,6.264673293622539492e-06,6.241779479871194451e-06,5.639034686508571673e-06,5.136728673923037660e-06,5.113396194318399254e-06,5.457627602726820361e-06,5.656981384231420016e-06,5.113999123696853975e-06,3.520864092731173039e-06,1.094972945143206702e-06,-1.449777000662246859e-06,-3.186615941702809735e-06,-3.378282077198304823e-06,-1.806075291602124595e-06,1.126742267410558201e-06,4.558178275116961598e-06,7.513554723894804464e-06,9.273334054898822108e-06,9.605392068141570543e-06,8.780118539215204420e-06,7.391322308483881860e-06,6.086624970621995815e-06,5.332761282070827148e-06,5.302234103351898534e-06,5.896624605657302443e-06,6.858843183060191781e-06,7.901254663440166205e-06,8.793581069091132074e-06,9.394753383751138035e-06,9.648023677456174692e-06,9.568795321547823689e-06,9.239357544788160076e-06,8.800937389603759881e-06,8.422541957197025671e-06,8.238585715919548441e-06,8.275578092012459596e-06,8.410924487907249164e-06,8.403635148964797119e-06,8.002476900294959417e-06,7.088180261905250826e-06,5.772546089037148329e-06,4.384371600627203550e-06,3.324341311718856658e-06,2.845225332211435810e-06,2.869262648210352403e-06,2.955300319356543159e-06,2.464447487884336343e-06,8.708097780634005111e-07,-1.925044347547435518e-06,-5.446670299428482443e-06,-8.761036707731694077e-06,-1.084499008816649700e-05,-1.104686308626937870e-05,-9.424813904297728263e-06,-6.782620673355316771e-06,-4.358173609585505096e-06,-3.289016577236698775e-06,-4.099230188676331556e-06,-6.457817374286056528e-06,-9.339464690066133506e-06,-1.152621636576810709e-05,-1.221582932405825645e-05,-1.143762138140845785e-05,-1.005816964817154589e-05,-9.354074552623179879e-06,-1.034523240796069460e-05,-1.321247933575409588e-05,-1.709887269868363749e-05,-2.041935258940952473e-05,-2.155894234570127397e-05,-1.964273620231369338e-05,-1.501022953234277376e-05,-9.152117825163613496e-06,-4.114285092131624117e-06,-1.625680141438270958e-06,-2.343250660809095858e-06,-5.560682557036779135e-06,-9.517946463023374350e-06,-1.217352746366693658e-05,-1.209025609641237299e-05,-9.037744279549065490e-06,-4.050399343528026844e-06,1.066720076734145978e-06,4.542301439369017886e-06,5.382028817953316229e-06,3.726239968052978241e-06,6.916500679450336080e-07,-2.190103846067510834e-06,-3.649556077362444956e-06,-3.157022480550884638e-06,-1.008982629666683520e-06,1.964048561798137159e-06,4.875494692093187988e-06,7.185623336345735366e-06,8.837924918215777921e-06,1.009929407018804714e-05,1.123816066687110358e-05,1.225380802867172106e-05,1.282626018660024028e-05,1.251807627435384353e-05,1.110584598386769894e-05,8.835856038141886017e-06,6.432114999520270180e-06,4.818732503174526035e-06,4.680852449479647791e-06,6.090488865123200218e-06,8.407507463186036432e-06,1.053510416505228894e-05,1.142797166277552771e-05,1.061296748224499609e-05,8.460301810039630682e-06,6.054066328870395831e-06,4.703101025069899415e-06,5.312942682971588317e-06,7.917029951401206137e-06,1.159949115192376000e-05,1.486161204437792768e-05,1.627466750740165814e-05,1.512338781439820032e-05,1.174351345177781688e-05,7.394668384119641910e-06,3.721483547143609352e-06,2.042642726593282967e-06,2.783418272461422578e-06,5.299456201666172439e-06,8.162173578445798569e-06,9.772345774346540492e-06,9.030459381640266398e-06,5.778761401858173659e-06,8.405932505764910693e-07,-4.337884140640572974e-06,-8.272571487003387087e-06,-1.000038348236302393e-05,-9.390935792481305697e-06,-7.110458028821121090e-06,-4.288114275021653422e-06,-2.048845906556486728e-06,-1.110408114527520462e-06,-1.591213477696054386e-06,-3.072108215841995677e-06,-4.849235891524551359e-06,-6.250449304074889180e-06,-6.884102638943044465e-06,-6.737721566400851963e-06,-6.116256792924058907e-06,-5.472360105577224920e-06,-5.211683898521859795e-06,-5.549433427800419870e-06,-6.460864077735102068e-06,-7.726430575353897032e-06,-9.038791572564423892e-06,-1.012340252476685935e-05,-1.082794901501163881e-05,-1.115319780428461099e-05,-1.122128594299423591e-05,-1.119956952745011033e-05,-1.121291781751228762e-05,-1.128068804947414491e-05,-1.130505918309333142e-05,-1.111711727284976697e-05,-1.056251472728067352e-05,-9.589227301161568420e-06,-8.295189030760456885e-06,-6.907835456249334348e-06,-5.697019465510219223e-06,-4.855453319451861691e-06,-4.401227357201797473e-06,-4.153226352106772085e-06,-3.800943654736933131e-06,-3.046460728505722951e-06,-1.758072482662104131e-06,-6.178410651750978081e-08,1.681867770726828088e-06,3.019019718816681613e-06,3.608769927933201120e-06,3.404592951781622872e-06,2.722725029097811814e-06,2.152727124475647411e-06,2.333703374096429569e-06,3.683235836590283842e-06,6.195395952391456001e-06,9.403285770612481985e-06,1.253627810437056498e-05,1.481860852660704532e-05,1.579002720566059244e-05,1.551092235806087542e-05,1.455457654290401305e-05,1.377413476882681754e-05,1.392768088459667730e-05,1.531140198614672459e-05,1.755835398800752319e-05,1.970226667637595055e-05,2.050258337014576382e-05,1.891870300793284016e-05,1.455247177625160363e-05,7.878786389002777766e-06,1.581709392633466306e-07,-6.953894295319552268e-06,-1.196501821421854975e-05,-1.406328663439323685e-05,-1.339420594112358282e-05,-1.098604416733279179e-05,-8.348370357454218369e-06,-6.897951481429681533e-06,-7.435689509914929175e-06,-9.877859646866237993e-06,-1.334124879472240478e-05,-1.653694259463939822e-05,-1.830201506504236200e-05,-1.804564396313736586e-05,-1.592897786445759392e-05,-1.271778307196867844e-05,-9.390849483590153242e-06,-6.691572031452402302e-06,-4.828709757715763762e-06,-3.457376304284766700e-06,-1.937723718316719969e-06,2.616699707292535820e-07,3.215706545025732332e-06,6.422725265749252308e-06,8.976928444570108048e-06,9.959208914562120093e-06,8.868511926393315666e-06,5.894911345955018695e-06,1.906482856136758915e-06,-1.849130527364273396e-06,-4.201113808963790939e-06,-4.476145712494529201e-06,-2.711588989991994360e-06,4.139418045279851685e-07,3.883933060053960506e-06,6.738781865744272959e-06,8.395711073553141073e-06,8.778020129296959721e-06,8.232714049843181068e-06,7.306716676911746049e-06,6.498412120620005494e-06,6.088261648221148034e-06,6.095391333913233569e-06,6.341241429427875086e-06,6.560611637434932033e-06,6.500148402943412441e-06,5.975405761742916966e-06,4.894610160043707023e-06,3.275083673175172506e-06,1.267483519054237185e-06,-8.252312832866193599e-07,-2.569051474841687368e-06,-3.490191906410512532e-06,-3.230912256478776740e-06,-1.717086483009577857e-06,7.447392363660826287e-07,3.510664239424022671e-06,5.796492187887582994e-06,6.965221771361925447e-06,6.784348247745151605e-06,5.528860975451455128e-06,3.865597146437031217e-06,2.554178028073454656e-06,2.092081132233359278e-06,2.468754675079971761e-06,3.152593737900311470e-06,3.329821566269092161e-06,2.293765232254956964e-06,-1.946683359191318664e-07,-3.748971464179487819e-06,-7.485362008750648835e-06,-1.038777113201439086e-05,-1.174566473054406684e-05,-1.146179085107235276e-05,-1.008352202203756564e-05,-8.538550818788043852e-06,-7.693929235364737045e-06,-7.941487894207657360e-06,-9.002534754555035557e-06,-1.004486548932730689e-05,-1.006215478133409453e-05,-8.346184211662331727e-06,-4.840862099446636604e-06,-2.212857401001762278e-07,4.335587086470300219e-06,7.587315802926096393e-06,8.682578596106323347e-06,7.450864826687246309e-06,4.418708285195534193e-06,5.669620335416408881e-07,-3.050891030991644502e-06,-5.664535147055226817e-06,-6.981950314426033216e-06,-7.173453850662253661e-06,-6.689552644866506267e-06,-6.019779322561338585e-06,-5.504799345233737748e-06,-5.267289574621340206e-06,-5.257750115615945704e-06,-5.356478555795749878e-06,-5.458089567305643631e-06,-5.492723343656893979e-06,-5.388358341104730033e-06,-5.020732632662017928e-06,-4.206869621214794140e-06,-2.769925262612400473e-06,-6.535920202223883284e-07,1.977168710858045323e-06,4.719763321087381972e-06,7.037900686079882979e-06,8.459739312250299891e-06,8.786507895003567718e-06,8.207001312987097512e-06,7.245302248390437728e-06,6.543539527537415333e-06,6.564860768543156929e-06,7.352356562892741264e-06,8.468170969524651062e-06,9.162620320689151269e-06,8.716352646043911515e-06,6.808856760349680609e-06,3.739438977481036761e-06,3.808710615046194872e-07,-2.138030125911808963e-06,-2.897455771312450514e-06,-1.597539067768005727e-06,1.275386993645527024e-06,4.616664893690102951e-06,7.146328740471389238e-06,7.939965196564918205e-06,6.813269216958420940e-06,4.386093445843213747e-06,1.794149547968657726e-06,1.768509358975505769e-07,1.731175725866950264e-07,1.653521497446519854e-06,3.807053173441998954e-06,5.535185637500358724e-06,5.963276068642682169e-06,4.827837619509621558e-06,2.562368385108291262e-06,5.267353741284949029e-08,-1.807682675899501146e-06,-2.538187304262446601e-06,-2.263642687153136111e-06,-1.593036461034924707e-06,-1.260206364596438063e-06,-1.720612035671687198e-06,-2.916661707769018742e-06,-4.332524286363956323e-06,-5.305523249958150347e-06,-5.424490993758000625e-06,-4.796912759131584015e-06,-4.032448513543689100e-06,-3.937872926081111309e-06,-5.072382616648614172e-06,-7.392879407926994051e-06,-1.018288987579580457e-05,-1.232187323061504609e-05,-1.278121554873414695e-05,-1.111472643515494005e-05,-7.705466440507754305e-06,-3.642066488555440393e-06,-2.727624009177421321e-07,1.361225674102020828e-06,9.542906522070405678e-07,-9.652450316280233327e-07,-3.302846977094773250e-06,-4.897313393477412634e-06,-5.016057071239496820e-06,-3.622730941956005814e-06,-1.310875855577517435e-06,1.041349546048969342e-06,2.713484538635226396e-06,3.466631161943181606e-06,3.603816043130236377e-06,3.756615377164163393e-06,4.518756538010520507e-06,6.112415473207384827e-06,8.245692118104364717e-06,1.021993612245347320e-05,1.122592977071301005e-05,1.068615474122232360e-05,8.491067343017920380e-06,5.037520416035978565e-06,1.071925754589214641e-06,-2.577693950691921922e-06,-5.263011906162487218e-06,-6.674438491599219874e-06,-6.860789440713894873e-06,-6.134428127485447441e-06,-4.923813727362100348e-06,-3.636939781256785722e-06,-2.573950283065312180e-06,-1.894883272263207596e-06,-1.626755907113048900e-06,-1.689831452892832294e-06,-1.930689390208878586e-06,-2.158799411358037507e-06,-2.185737573347306293e-06,-1.861962943881458338e-06,-1.101695920660980673e-06,1.112889895039907823e-07,1.734311516984687782e-06,3.679374837049924090e-06,5.813849920308526627e-06,7.943596173175266411e-06,9.793823911627006146e-06,1.101843038823152031e-05,1.126538194236353605e-05,1.029923960960039941e-05,8.142432850563164793e-06,5.166498622045159434e-06,2.065548831370320010e-06,-3.148143941432432264e-07,-1.252563008537311903e-06,-4.257959029743949108e-07,1.933152684718958883e-06,5.092040467469445202e-06,8.080420474404952167e-06,1.005948865497637628e-05,1.064036308142121765e-05,1.000319466257064664e-05,8.755289391753994007e-06,7.589222133409717288e-06,6.902994431072215105e-06,6.571284620879423263e-06,5.991165479683851359e-06,4.394355588117650394e-06,1.282973429275258713e-06,-3.225723627476605677e-06,-8.328774127305737862e-06,-1.280017291362098883e-05,-1.548567263779956647e-05,-1.580957650972025628e-05,-1.405541317073115064e-05,-1.127823596616617864e-05,-8.873575721696934013e-06,-7.988572209485791538e-06,-9.037731401416575645e-06,-1.154106164305382747e-05,-1.435570007210745109e-05,-1.619206414514783203e-05,-1.617679150358737505e-05,-1.420763425583666314e-05,-1.094717847615363763e-05,-7.473488591115930341e-06,-4.764795018072105404e-06,-3.267281600530768420e-06,-2.747487566200540509e-06,-2.488719309787368418e-06,-1.723605809842199040e-06,-8.268213410781422657e-08,2.165792162208060753e-06,4.206167112138779343e-06,5.056566070309761596e-06,4.060584922147635165e-06,1.254439356724858233e-06,-2.569307080659858960e-06,-6.140556524056135804e-06,-8.214687149804719590e-06,-8.078908722059319347e-06,-5.839457020815003352e-06,-2.365172600323946431e-06,1.085407394052109625e-06,3.389957731203769688e-06,4.016236823841251986e-06,3.216315972850521814e-06,1.889648695000912480e-06,1.184607535888688092e-06,2.012798008131540403e-06,4.676549931449732142e-06,8.751728828827764180e-06,1.325588064706881571e-05,1.701649368197491956e-05,1.908344906081284732e-05,1.902799186077738512e-05,1.703101661865144542e-05,1.375439114846332411e-05,1.007012305803536018e-05,6.762656202004101130e-06,4.309993502701498884e-06,2.802289375504428810e-06,1.997709998306078749e-06,1.470035348513342848e-06,7.846296685434590047e-07,-3.521279449676893730e-07,-2.002219182103526050e-06,-3.973979258467142398e-06,-5.864733819116335644e-06,-7.158413543088451034e-06,-7.364140244926053726e-06,-6.172542643853381863e-06,-3.592643069157827626e-06,-2.164453210295400193e-08,3.795540252529171790e-06,6.933321846641830760e-06,8.549895703144001801e-06,8.172177703590616154e-06,5.896901376027043371e-06,2.415321048313424314e-06,-1.176456778474252053e-06,-3.738229495555372827e-06,-4.497959757644148641e-06,-3.359150984079248008e-06,-9.712750236732360249e-07,1.486203744886658508e-06,2.743711639295164789e-06,1.946338198728680605e-06,-9.743279538238879865e-07,-5.219188409768610961e-06,-9.381640567906757641e-06,-1.196380137319369899e-05,-1.195630078208850125e-05,-9.254278729833748807e-06,-4.738304577810917154e-06,2.350250957615626202e-08,3.346485744948380880e-06,4.056959218985658732e-06,1.933116817807836163e-06,-2.213252475320069320e-06,-6.846435677278268041e-06,-1.028584286737563499e-05,-1.132680384076410681e-05,-9.661447272454207763e-06,-5.941172923699210561e-06,-1.468333657623511326e-06,2.346415730742435163e-06,4.534223798623950587e-06,4.903307232199976964e-06,4.033356463182347070e-06,2.949253669438220374e-06,2.627912804857596016e-06,3.556671207469011912e-06,5.531014291976384541e-06,7.768709975351666185e-06,9.276560691619200637e-06,9.297466122864692797e-06,7.636712383486486390e-06,4.728458835790813239e-06,1.426185207651810294e-06,-1.373087476070402545e-06,-3.090029062110928098e-06,-3.645108625081093130e-06,-3.390981707648513881e-06,-2.849776153984503867e-06,-2.404726103594339685e-06,-2.113121278391005274e-06,-1.738791748831386458e-06,-9.815881458905659256e-07,2.299839105316648406e-07,1.560037847879621544e-06,2.326729059698444050e-06,1.806557148660889175e-06,-3.517485872834248667e-07,-3.815144859417280087e-06,-7.542031783184076936e-06,-1.010722329663876469e-05,-1.026831400782167119e-05,-7.533191088616512086e-06,-2.461629015249758015e-06,3.465752841104804926e-06,8.389681287565342715e-06,1.081239211451174766e-05,1.021834354720395935e-05,7.295164442433828701e-06,3.642350980806890477e-06,1.081115254677176767e-06,8.603519329317212783e-07,3.106272409132969335e-06,6.760130454826577542e-06,1.003437177149406691e-05,1.118871806128349038e-05,9.287519172738838147e-06,4.610845894029660347e-06,-1.452475865032705083e-06,-6.973595233997941603e-06,-1.026076672123916310e-05,-1.051190475452428394e-05,-8.077922521713971741e-06,-4.251253830576836085e-06,-6.987490634559751691e-07,1.202763481031705852e-06,8.524398075973712202e-07,-1.441581713607183646e-06,-4.692111578568884909e-06,-7.686602244875899309e-06,-9.454956831733790466e-06,-9.570256029787836498e-06,-8.201243678308598432e-06,-5.950726768565769044e-06,-3.589989590880231632e-06,-1.809204242650762824e-06,-1.058060412240902151e-06,-1.486030849853075716e-06,-2.947269932411622773e-06,-5.031254976547136434e-06,-7.108744137646245196e-06,-8.414966344173188377e-06,-8.198826344807396910e-06,-5.937167252538934761e-06,-1.561547039388349845e-06,4.395865919443931087e-06,1.082956284880924464e-05,1.629981552428947115e-05,1.943486515988378780e-05,1.936625424056293937e-05,1.603435208079732988e-05,1.023764931823452945e-05,3.394223435944131334e-06,-2.902983433717593956e-06,-7.373747255992158720e-06,-9.403757188465955991e-06,-9.145323389159099424e-06,-7.352043988505656629e-06,-5.036900689929017547e-06,-3.100979510531743608e-06,-2.071729599333050719e-06,-2.025670584290548349e-06,-2.684879180145363752e-06,-3.609557734125604315e-06,-4.387410463730185668e-06,-4.746894989622291981e-06,-4.575287793583117946e-06,-3.873133891731185561e-06,-2.699214397987457408e-06,-1.147527683646929002e-06,6.377372901781845058e-07,2.438154574724910252e-06,3.969810082895198235e-06,4.949851369174669965e-06,5.208482131707743314e-06,4.797351022582564282e-06,4.031034915908913522e-06,3.417519868684844736e-06,3.480508429164104105e-06,4.530710415930768791e-06,6.479211020251724112e-06,8.784108576670267418e-06,1.057804942655546189e-05,1.095355386887376233e-05,9.312861623110614494e-06,5.649513524667679869e-06,6.400015033287962329e-07,-4.513684069908955502e-06,-8.456331092190917372e-06,-1.014309099837188567e-05,-9.222743595574528554e-06,-6.185700697991411628e-06,-2.202641547591589763e-06,1.302570871613907384e-06,3.192531104291529783e-06,3.060016185274467135e-06,1.393582386759127804e-06,-6.140195690637416778e-07,-1.551298987663000751e-06,-3.797985226607661520e-07,3.107770710392470992e-06,8.157194409236674513e-06,1.331482731478863655e-05,1.698488216237930399e-05,1.805872010074955646e-05,1.635795091017171977e-05,1.270672664903760089e-05,8.601337033274133851e-06,5.612500560039656776e-06,4.765805452723954875e-06,6.151461660230932244e-06,8.914539849728811684e-06,1.161611365756933525e-05,1.280479513093629043e-05,1.156128893141325757e-05,7.805055569408968794e-06,2.264450485451002630e-06,-3.844439150746660304e-06,-9.273995245550727340e-06,-1.314644700973303056e-05,-1.516037293581162561e-05,-1.556326990751816640e-05,-1.495152034980354536e-05,-1.401394356433142095e-05,-1.332720006469266827e-05,-1.325628290262732917e-05,-1.394790310864868467e-05,-1.536506044254042728e-05,-1.731412260894055874e-05,-1.945131890277493241e-05,-2.129529742560504446e-05,-2.228753262438022402e-05,-2.192103771589843384e-05,-1.991192555074970593e-05,-1.634634702673651866e-05,-1.172541959098748596e-05,-6.864003614800459299e-06,-2.662226177645748788e-06,1.698384599626335018e-07,1.326500548242703106e-06,9.746134965116042931e-07,-3.465772682340910147e-07,-1.943206408910115131e-06,-3.204538597149824160e-06,-3.764035873925775128e-06,-3.533206984802827816e-06,-2.623325409215248537e-06,-1.220769616274467608e-06,5.074403534050030396e-07,2.432887491701740618e-06,4.418351224177887091e-06,6.256529933013306249e-06,7.657436751146246760e-06,8.317162011456183266e-06,8.048443439603504641e-06,6.908697398631923539e-06,5.249924367416375458e-06,3.645329465529333028e-06,2.705359182094053609e-06,2.852095692576427327e-06,4.146888749804454090e-06,6.248130323901751632e-06,8.522252536219706269e-06,1.026652965146661602e-05,1.095650286980802811e-05,1.042325165411571145e-05,8.897361883146163628e-06,6.911067409340328133e-06,5.103274887506651886e-06,4.003219487911058601e-06,3.868512430007829003e-06,4.627014271022345272e-06,5.932737296291899144e-06,7.308671800567378445e-06,8.324538579277149136e-06,8.749396620623824152e-06,8.627625981930028945e-06,8.249613033477483400e-06,8.021417603349332889e-06,8.273930074895460498e-06,9.080820911577673602e-06,1.016309339217813347e-05,1.093668002407254096e-05,1.070894739521207349e-05,8.965308702563882503e-06,5.635140268457421098e-06,1.214629057987703559e-06,-3.332616681255130900e-06,-6.888315572069693792e-06,-8.598215693232561546e-06,-8.226176704867943962e-06,-6.281067833514941381e-06,-3.839051545919348493e-06,-2.114780237515461319e-06,-1.954141610657574141e-06,-3.470172752536837711e-06,-5.992783912227044338e-06,-8.368229781939717110e-06,-9.484201733477007462e-06,-8.785975365832537386e-06,-6.544023675580739295e-06,-3.741741901535918970e-06,-1.626670014353548261e-06,-1.128627537221200882e-06,-2.416099753029912009e-06,-4.802581389023038996e-06,-7.052749070814676032e-06,-7.949892859034920985e-06,-6.861100771975338731e-06,-4.036083850018111957e-06,-5.005432228099728161e-07,2.403991409480644026e-06,3.616701836064849606e-06,2.813039727177116930e-06,5.145182182216500185e-07,-2.183773887736297356e-06,-4.123693684186945643e-06,-4.582984088688694412e-06,-3.532036570522887533e-06,-1.547839441386826030e-06,5.426950767065773495e-07,2.089651896853222716e-06,2.895967892293626394e-06,3.213768976296781024e-06,3.487788389485810670e-06,4.007412630927774908e-06,4.673575991279801526e-06,5.019100518517373141e-06,4.478142406345065383e-06,2.758513414416203713e-06,1.056737331861231103e-07,-2.704917640191979349e-06,-4.672462871298905477e-06,-5.039982835438465458e-06,-3.699341119683088523e-06,-1.320655662086053050e-06,8.801802298916660988e-07,1.648748506693476856e-06,2.502963915253333236e-07,-3.177222958876187717e-06,-7.642029265195978457e-06,-1.168708149510261273e-05,-1.397761743407423412e-05,-1.382834380360863297e-05,-1.144259113627575281e-05,-7.770473684940992843e-06,-4.065794468565047998e-06,-1.351290871955527182e-06,-3.097552784192117323e-08,1.918154872096602888e-07,7.905370545442682638e-08,4.364955664839297027e-07,1.710803360955733009e-06,3.785710440578230632e-06,6.053511590924227769e-06,7.708012733902492496e-06,8.110382340042554287e-06,7.060154288606605991e-06,4.861684862736442535e-06,2.177662113291414930e-06,-2.447947553928511287e-07,-1.845270077664381430e-06,-2.407430798274527337e-06,-2.057840443971527178e-06,-1.137792380078371330e-06,-2.937472099443507665e-08,9.795975070966240855e-07,1.744506793872360035e-06,2.232892603098584257e-06,2.459695204228619595e-06,2.442760518745727665e-06,2.208024810267653808e-06,1.834123450207713108e-06,1.495244863925196829e-06,1.456486146621689027e-06,2.000282357863816047e-06,3.302525730317761116e-06,5.311273311803053871e-06,7.690777943350848934e-06,9.872365789746596025e-06,1.120996648505845004e-05,1.119132473739498603e-05,9.627272622423890998e-06,6.744238655634753663e-06,3.139106902460474627e-06,-3.929292143896070643e-07,-3.098547439925647653e-06,-4.489728542328796129e-06,-4.472406885080255565e-06,-3.338659785882457586e-06,-1.632238631580991618e-06,5.623702067956012311e-08,1.284407950200330253e-06,1.871534642038562109e-06,1.893939039837242979e-06,1.575766919129965111e-06,1.131189780451314880e-06,6.330145876426114896e-07,-3.054307040644287029e-08,-1.089406562594669838e-06,-2.744699647357717522e-06,-5.009994078845615233e-06,-7.619753013820096452e-06,-1.005897564719128124e-05,-1.171664666276235913e-05,-1.210898452769364366e-05,-1.108161249272477297e-05,-8.900561439264339871e-06,-6.182875703853751801e-06,-3.683276847124335472e-06,-2.016504026255242451e-06,-1.427549043191099544e-06,-1.707760592173324928e-06,-2.297179391868321951e-06,-2.535340367771539122e-06,-1.957313700844186093e-06,-5.082683335718411268e-07,1.419411734506047042e-06,3.148493250126897694e-06,4.014187753741958910e-06,3.669983152477425346e-06,2.266629096523481308e-06,4.188123041141988574e-07,-1.036569099147127490e-06,-1.395216693906647858e-06,-4.042595974384695851e-07,1.595311538613957144e-06,3.773355363561892139e-06,5.130333752434466353e-06,4.906983279456407398e-06,2.915751212992029049e-06,-3.472287479155389875e-07,-3.863338901619441448e-06,-6.466985040520738096e-06,-7.285971680792844828e-06,-6.067662615908287790e-06,-3.256980356945393596e-06,2.054640590578926853e-07,3.279864541314788516e-06,5.250912894183106040e-06,5.999423940885995321e-06,6.007182786538477350e-06,6.094636776887093003e-06,7.006667685522431883e-06,9.028722324620530975e-06,1.180439309804067300e-05,1.443989691339540148e-05,1.585695700321741383e-05,1.524668544197568125e-05,1.243071113329912279e-05,7.972837654340189325e-06,2.989630101289044447e-06,-1.263659896636320870e-06,-3.860002015570335763e-06,-4.527120290256769510e-06,-3.702174706898197378e-06,-2.300545447247424721e-06,-1.306045999460531566e-06,-1.362123335768715326e-06,-2.535933712193579258e-06,-4.344753601428902787e-06,-6.015405273315118281e-06,-6.846253471494415125e-06,-6.502833729836305782e-06,-5.117913753274523347e-06,-3.164299747167835728e-06,-1.177339062690468613e-06,5.270936644980130150e-07,1.995870204529945889e-06,3.571481933386673532e-06,5.648726344164296940e-06,8.378810002472301976e-06,1.147451468416690224e-05,1.422590538161334118e-05,1.573777671111945136e-05,1.529335385836854837e-05,1.268375864840222750e-05,8.350575286911351191e-06,3.267230225259833375e-06,-1.400942639891152763e-06,-4.719568927994925039e-06,-6.314404144104924354e-06,-6.469733753834761994e-06,-5.958839880052212225e-06,-5.685173353153243096e-06,-6.293178718531307594e-06,-7.917281787820149488e-06,-1.017284263833238432e-05,-1.238339238797467013e-05,-1.393326132086042321e-05,-1.458039682907171110e-05,-1.458432316805424191e-05,-1.458912859109100761e-05,-1.531279672365508620e-05,-1.718246072435579752e-05,-2.008121244803361488e-05,-2.332462247624979431e-05,-2.588523385062081047e-05,-2.677499028615332990e-05,-2.542628040948974975e-05,-2.191211112873790498e-05,-1.691461068038393759e-05,-1.145837485331932846e-05,-6.524327252876293397e-06,-2.707939839194000759e-06,-6.257495826457648105e-08,1.814756481681718770e-06,3.504771153420654518e-06,5.427419648096856554e-06,7.600458073335647145e-06,9.606606377715850632e-06,1.078646573368234611e-05,1.057257200340130429e-05,8.815069072751302272e-06,5.949498365082006616e-06,2.921944313889980958e-06,8.884024750006662104e-07,8.006133569008383509e-07,3.039924255451144044e-06,7.244186322698973459e-06,1.239811316588457698e-05,1.715620673141347502e-05,2.028020294352086048e-05,2.103345330994204994e-05,1.939571476360417584e-05,1.603214720940822905e-05,1.204052714596173716e-05,8.576176875004570818e-06,6.488746611900716215e-06,6.090037533183517968e-06,7.117477068582494681e-06,8.886477458536238487e-06,1.056273550665662370e-05,1.145242587614302923e-05,1.121216066876057040e-05,9.916648248070216232e-06,7.975619690593348682e-06,5.944016329323645799e-06,4.303500595834652823e-06,3.298416924330780795e-06,2.884250330892216320e-06,2.800361338281137488e-06,2.728106599201817127e-06,2.459894248273281883e-06,1.999533156164629402e-06,1.543773372267726060e-06,1.349239988683251014e-06,1.545945305529870789e-06,1.992114906387197419e-06,2.256516671155470283e-06,1.762543752771785886e-06,5.223692978435438226e-08,-2.938255164833406604e-06,-6.724091121819353608e-06,-1.033406894210467302e-05,-1.259911380827603650e-05,-1.257378320841861286e-05,-9.926085387940741223e-06,-5.126820873947894662e-06,6.585901090604361663e-07,5.951772262644551300e-06,9.473839301823040721e-06,1.058373170465598870e-05,9.463072411155124824e-06,6.973520929757617846e-06,4.252761298852382989e-06,2.227617949658266847e-06,1.256041000359532019e-06,1.048171580354756889e-06,8.883739085568297667e-07,4.399910897949622495e-08,-1.834818708070572548e-06,-4.510282383595176151e-06,-7.238292697152835120e-06,-9.093579983076504415e-06,-9.385948667920307898e-06,-7.978261218866562190e-06,-5.367404697902163832e-06,-2.500125675962678847e-06,-4.125314494556128457e-07,1.482326588459639170e-07,-1.032939159665078574e-06,-3.612800254235501655e-06,-6.862950775354944955e-06,-9.946920616605905364e-06,-1.218021052237689040e-05,-1.318368758682858473e-05,-1.290471725787651785e-05,-1.154093323027556137e-05,-9.430181935737691316e-06,-6.959836581858229323e-06,-4.514268155826796397e-06,-2.446300212588997604e-06,-1.047016376251715319e-06,-5.017307466983057537e-07,-8.447594475723179355e-07,-1.941538057432726951e-06,-3.520317252140650136e-06,-5.249706807520913961e-06,-6.829613727214097889e-06,-8.051880329530528124e-06,-8.803222340564511873e-06,-9.019156327974004511e-06,-8.631468358798932551e-06,-7.560166178032448958e-06,-5.774351963653043405e-06,-3.397228577584066130e-06,-7.873023118529834408e-07,1.479707219120774011e-06,2.763638216802682120e-06,2.610179981522245920e-06,9.937272164648160576e-07,-1.574845428755248016e-06,-4.159934029262286569e-06,-5.720929538766624892e-06,-5.523242533842527507e-06,-3.463569227939432423e-06,-1.528560412741472879e-07,3.300440780112872119e-06,5.729141438672656488e-06,6.383536691600002736e-06,5.235382887520860210e-06,2.973083788345830444e-06,6.906268001934432900e-07,-5.871191296082649434e-07,-3.264983608510396765e-07,1.333144219705573776e-06,3.708844151336041402e-06,5.937352411682558163e-06,7.387945577724496582e-06,7.925059337153735558e-06,7.903262659434380903e-06,7.913766478628993212e-06,8.423980141485027165e-06,9.499482207321978186e-06,1.074960464019956039e-05,1.152049377191300540e-05,1.123360004898691924e-05,9.696159594440859666e-06,7.227332269400252169e-06,4.538029106289439547e-06,2.424810903738157356e-06,1.427186219288519915e-06,1.610731213261913735e-06,2.572453655796264817e-06,3.655496631418004980e-06,4.262766042474246478e-06,4.119640446476177239e-06,3.369756226142434243e-06,2.473611606196486109e-06,1.972593406608129823e-06,2.236463925992903033e-06,3.307811492635615308e-06,4.900904695764895887e-06,6.536998630597722091e-06,7.741056955637256039e-06,8.210051658876218466e-06,7.890726318105747479e-06,6.954637539095183835e-06,5.702798292429854825e-06,4.451620938369047394e-06,3.443142337325259659e-06,2.797998996893044940e-06,2.507104850700495520e-06,2.449350283844468945e-06,2.427596989482476574e-06,2.223495231878179338e-06,1.671462176085816526e-06,7.394852215127468831e-07,-4.133828834508379339e-07,-1.441294614073553395e-06,-1.902802030344493776e-06,-1.428754567942320794e-06,8.664255127401199810e-08,2.353560045804529275e-06,4.688930792676703946e-06,6.184214143161166832e-06,6.000335837965424696e-06,3.688623125878676045e-06,-5.897627622426717318e-07,-6.046505251763427548e-06,-1.147826159902543386e-05,-1.564453824840066493e-05,-1.767714596206630001e-05,-1.736828492687219317e-05,-1.522694477975916829e-05,-1.228106248272322224e-05,-9.700272591064758529e-06,-8.381613674657383735e-06,-8.651423864381089482e-06,-1.018772418482722037e-05,-1.217985027971114663e-05,-1.365201468197411765e-05,-1.382051815407408877e-05,-1.235124623579136902e-05,-9.432983528558377360e-06,-5.660181786529831210e-06,-1.792741876550643070e-06,1.499678823397821052e-06,3.809326116359503624e-06,5.027354046822232552e-06,5.260982188452521720e-06,4.697130853888941065e-06,3.493638231813253886e-06,1.752311263604456715e-06,-4.251668216839196511e-07,-2.848862250535917339e-06,-5.192251000568663567e-06,-7.036320521571961627e-06,-8.005230664566218956e-06,-7.933742498203303741e-06,-6.975031822014928692e-06,-5.574370031958355701e-06,-4.296257063732785618e-06,-3.571455985922108363e-06,-3.484780306148425159e-06,-3.721199236239857526e-06,-3.720517455535613765e-06,-2.986846635592661129e-06,-1.408829930598922287e-06,5.801727170804313856e-07,2.113474839030096843e-06,2.260110908703232102e-06,5.026419745579043589e-07,-2.901493545273932856e-06,-6.872249998967121392e-06,-9.840248418516343997e-06,-1.035127488829268870e-05,-7.690962987934073442e-06,-2.245914806055552750e-06,4.581965807831409931e-06,1.089662070005533593e-05,1.505250568964326062e-05,1.630002397968761336e-05,1.504510157025748503e-05,1.260751451590703022e-05,1.059114453264357001e-05,1.015742339199692070e-05,1.153504256320588493e-05,1.398346334188461827e-05,1.621002407963229613e-05,1.702578784087023026e-05,1.591763262070295098e-05,1.326464713597732653e-05,1.010867082341230517e-05,7.610221499742601150e-06,6.471887939538442123e-06,6.617987570932554062e-06,7.281577735651152450e-06,7.439994292201479456e-06,6.365358612874628723e-06,4.004597866046397335e-06,9.981620836423728711e-07,-1.663512175250630961e-06,-3.160533622571445962e-06,-3.268381937923962525e-06,-2.468384868408043413e-06,-1.690262155814979716e-06,-1.822567433072290503e-06,-3.243441677463327902e-06,-5.610105266860570354e-06,-8.011231268606477262e-06,-9.402923247741172834e-06,-9.110353802622171080e-06,-7.151183482981116820e-06,-4.232091116042573635e-06,-1.433151054300918199e-06,2.581615333446400038e-07,3.423825515426610960e-07,-1.036568460917730019e-06,-3.217812635287288286e-06,-5.339681847559997830e-06,-6.680551844070326870e-06,-6.876187914391022076e-06,-5.951798015480850040e-06,-4.207971659200970414e-06,-2.059247411395296987e-06,8.394630520861134798e-08,1.858882835763797766e-06,2.954679150203476186e-06,3.139321950777804477e-06,2.343143669707164909e-06,7.684771977431621503e-07,-1.057675149405255089e-06,-2.371076730913105035e-06,-2.417419165271428630e-06,-7.822107327195835751e-07,2.347358771640205090e-06,6.140284580723598085e-06,9.366015760288444556e-06,1.085579201102148947e-05,9.992668571721337998e-06,7.005495551497318188e-06,2.915665894144914675e-06,-8.599551709716171286e-07,-3.083956144489329428e-06,-3.195958455804345603e-06,-1.509146699141344574e-06,9.778991508439248413e-07,3.056394590309387825e-06,3.838495443555428575e-06,3.093879590824009330e-06,1.244804803505381449e-06,-9.535327134461003147e-07,-2.864382016638274092e-06,-4.309458889008423151e-06,-5.619454075809965623e-06,-7.372433472893773287e-06,-9.963613907264465218e-06,-1.324189288991811272e-05,-1.641970563746117525e-05,-1.832787928781475531e-05,-1.791372272587716388e-05,-1.475467302198093596e-05,-9.343028166795490201e-06,-2.997128085550662246e-06,2.577978892565410385e-06,5.901485167957529491e-06,6.247685402717240083e-06,3.884829468934221663e-06,-6.120302663745763068e-08,-4.046023153116626608e-06,-6.662930059984060077e-06,-7.103067052445620788e-06,-5.366266846567880523e-06,-2.179960376646429427e-06,1.307553753124261044e-06,3.928427426735305608e-06,4.854715413028182673e-06,3.820301599801205136e-06,1.168066851921876582e-06,-2.265030455927016955e-06,-5.382470925384890092e-06,-7.126255632358587009e-06,-6.775127463999850325e-06,-4.173282826464498984e-06,1.793436509821322096e-07,5.224077208161916278e-06,9.629524014673289503e-06,1.220166919618353771e-05,1.229151116064607756e-05,1.004934760673594688e-05,6.410155417222271192e-06,2.786737306349096529e-06,5.643554965651275439e-07,5.823605445855473611e-07,2.809495879673205625e-06,6.352747114950744282e-06,9.807085931972957506e-06,1.181010663616768176e-05,1.157513176470323721e-05,9.181830520467691443e-06,5.505553821072497073e-06,1.821949218688369172e-06,-7.368993120678040676e-07,-1.637332091236513436e-06,-1.117112786047905719e-06,-1.317381818310193523e-08,6.646412286712654667e-07,2.132788218022021397e-07,-1.446448418516842051e-06,-3.748975335126654311e-06,-5.753445718551155740e-06,-6.567504755008535342e-06,-5.727925928593996113e-06,-3.372847798565898566e-06,-1.464601032314661051e-07,3.096939989658299663e-06,5.637052918156683611e-06,7.120320184328195397e-06,7.591248436973496021e-06,7.339135919795199744e-06,6.666028629675665250e-06,5.709569414529490193e-06,4.410942859376403785e-06,2.630151744319766905e-06,3.269889774075120375e-07,-2.309120645259131814e-06,-4.866272336565673082e-06,-6.861160076403510476e-06,-7.957725168526659553e-06,-8.134964995854334591e-06,-7.707977218315459513e-06,-7.181954520301180561e-06,-7.007579710565948373e-06,-7.360605201365640414e-06,-8.058710267557254187e-06,-8.659216470661851916e-06,-8.688017976310565121e-06,-7.882234725517461924e-06,-6.322647246282393905e-06,-4.390543559375348965e-06,-2.576186863781135363e-06,-1.243343400643962635e-06,-4.748425432490345642e-07,-7.701089377559323176e-08,2.682726679323050702e-07,7.973456051746681677e-07,1.527392382735785419e-06,2.270606979067567316e-06,2.793447324016782632e-06,3.025852104566782795e-06,3.187775362186321823e-06,3.738296315651457417e-06,5.149014943248462562e-06,7.607885863557771727e-06,1.081400159804177250e-05,1.399398287669501712e-05,1.616625908324197236e-05,1.655122331623119712e-05,1.493948315335880659e-05,1.183492642095384178e-05,8.287024257551432667e-06,5.472497943642881454e-06,4.208624835234777434e-06,4.617334363082083486e-06,6.090903465750469248e-06,7.569243094030120632e-06,7.994740849195123498e-06,6.734046870623275860e-06,3.783150089842912287e-06,-3.139713170908015196e-07,-4.761925967397255018e-06,-8.858449325999187020e-06,-1.221477804042802723e-05,-1.476349298844852825e-05,-1.658905554239812751e-05,-1.771164937461935444e-05,-1.797159613252714922e-05,-1.709321554771702848e-05,-1.489395473615457352e-05,-1.151131192650832191e-05,-7.499446880003416456e-06,-3.711956965171552391e-06,-1.002564924380612740e-06,1.212709660863174320e-07,-2.778036453494756825e-07,-1.581479024902261564e-06,-2.869376842630835055e-06,-3.296791922594450746e-06,-2.424542131803324649e-06,-3.586032807339697536e-07,2.344669360988894024e-06,4.938935192712810435e-06,6.776145777470637497e-06,7.492462608442459243e-06,7.034782646339593205e-06,5.563788624662923790e-06,3.328121683587845037e-06,5.977191448029298474e-07,-2.318148488679026090e-06,-5.017946093891864786e-06,-7.007335977049171299e-06,-7.810677763291162007e-06,-7.175163856602675483e-06,-5.265941476385240700e-06,-2.720194882698525713e-06,-4.782242311716783836e-07,5.777180799352142990e-07,2.874577611541317520e-08,-1.832965017817308349e-06,-4.065976557756048157e-06,-5.463150170303863681e-06,-5.105009681654023048e-06,-2.827238114501469966e-06,6.359186332916022726e-07,3.930182600762729942e-06,5.678469406418742716e-06,5.129677114864653753e-06,2.550102965878680223e-06,-8.435269068591260730e-07,-3.399121909005150757e-06,-3.767228046829896621e-06,-1.523403789122488140e-06,2.617580775033256601e-06,7.101747964598128975e-06,1.021680894512480258e-05,1.084269660105848193e-05,8.928959587076429921e-06,5.485624765186696639e-06,2.101672960781753696e-06,2.221011749551903268e-07,5.188095816959445441e-07,2.636187255848953480e-06,5.409669417856587032e-06,7.434755953067509526e-06,7.709731135595798772e-06,6.056561570980015316e-06,3.143142057588869180e-06,1.234489095660150464e-07,-1.914140644609451290e-06,-2.425654633903771439e-06,-1.605536072631519927e-06,-2.304459132568703908e-07,7.473130678144553135e-07,6.510688815898433406e-07,-6.322622764144187269e-07,-2.642278794915387698e-06,-4.591047724533326323e-06,-5.729621907935216819e-06,-5.660526210013035256e-06,-4.466419006746080002e-06,-2.623812346751011043e-06,-7.709769775932083328e-07,5.461969328038033986e-07,1.037548947889114618e-06,6.909941845248873708e-07,-3.194308595253970024e-07,-1.762006469364684625e-06,-3.431848296443265234e-06,-5.152735456674451357e-06,-6.716567147780427078e-06,-7.823431919046946572e-06,-8.088272753672408501e-06,-7.142208610807333031e-06,-4.798286770427129437e-06,-1.204205023608756603e-06,3.105322647637492067e-06,7.308305902926280077e-06,1.053245794967404869e-05,1.214730772739478036e-05,1.199384640037535674e-05,1.044956542364681841e-05,8.289718319277967072e-06,6.390693294933410076e-06,5.391639291637134463e-06,5.453750256419770217e-06,6.220073300712457290e-06,6.995644053077049523e-06,7.072870113346311939e-06,6.061989137404391767e-06,4.081234447262937777e-06,1.720498616031350320e-06,-2.086371859748583983e-07,-1.028096788319068573e-06,-4.966467568139346338e-07,1.074271899216651814e-06,2.944765850495841816e-06,4.255723019591298811e-06,4.385258310778184347e-06,3.195085499232337044e-06,1.062337337066136753e-06,-1.307743737766099729e-06,-3.193511715498697676e-06,-4.146709556420765287e-06,-4.133661733250726740e-06,-3.480176582251832757e-06,-2.669742374092926514e-06,-2.110763423731754051e-06,-1.991322620134242223e-06,-2.280699135359169889e-06,-2.849828660239564216e-06,-3.616700471699835291e-06,-4.614071661324802420e-06,-5.930393007486430424e-06,-7.559781401311802782e-06,-9.263609755067644518e-06,-1.055365479618071722e-05,-1.084581557278235069e-05,-9.734300773078521932e-06,-7.253344101697113481e-06,-3.976622022206193037e-06,-8.702849337350406158e-07,1.064154423541031350e-06,1.206412427090028039e-06,-4.034581508864085975e-07,-3.068310520443694027e-06,-5.733875615477948947e-06,-7.453679588496657304e-06,-7.799879369190279680e-06,-7.020461989021109784e-06,-5.864120452478344462e-06,-5.158447765915231776e-06,-5.352478432744244340e-06,-6.256095729423302368e-06,-7.113017199440499213e-06,-6.977355373139144751e-06,-5.209650792241857209e-06,-1.845108899206244383e-06,2.352678803644791357e-06,6.185015543989488878e-06,8.520710567629621092e-06,8.769901631792994973e-06,7.109741084393292900e-06,4.368789296436006531e-06,1.644237747189405135e-06,-1.513007892441857434e-07,-5.990431909998838282e-07,1.838290326731690138e-07,1.745330388559897411e-06,3.597179756666604649e-06,5.431624933497929518e-06,7.146936467837774414e-06,8.700065825975615883e-06,9.916021032860901068e-06,1.041217844119846073e-05,9.724160467493637948e-06,7.588367926429479548e-06,4.221467990505125851e-06,4.094954236989468927e-07,-2.697597960897167160e-06,-4.034740946242484966e-06,-3.117452972611352687e-06,-3.353306105653006453e-07,3.129125374903024541e-06,5.753953102324186415e-06,6.314081211257537783e-06,4.409248270146335997e-06,6.322443976807752731e-07,-3.706312124916750457e-06,-7.166887434505667543e-06,-8.801528850121902200e-06,-8.510964200687587533e-06,-6.977799687432169501e-06,-5.229468087610926362e-06,-4.069217372674304990e-06,-3.673984322422968425e-06,-3.563697510596638933e-06,-2.946830684536370297e-06,-1.246257429905135895e-06,1.487141217329154074e-06,4.506964533720118816e-06,6.699749279925649596e-06,7.146053467164536936e-06,5.620663333184707505e-06,2.761271305633783639e-06,-1.985271140115197587e-07,-2.010547780051882205e-06,-2.018381089252957845e-06,-4.777263483448396769e-07,1.581963887078318179e-06,2.896760909972394163e-06,2.644565293820473218e-06,9.180331472923176375e-07,-1.252603738521818340e-06,-2.354685048812073416e-06,-1.118130986403606432e-06,2.833997780387207440e-06,8.722927889840328473e-06,1.487086342670226516e-05,1.936404535510667692e-05,2.082161383686659988e-05,1.892707197164636204e-05,1.449771853087539352e-05,9.085308246443395193e-06,4.311355513295951416e-06,1.244513164076613714e-06,8.288851702919959821e-08,2.421858393613025593e-07,7.566151268444645411e-07,7.682796611766996846e-07,-1.306699030647932926e-07,-1.836345002467577517e-06,-3.930049892057355773e-06,-5.986385006895239295e-06,-7.809053141275570809e-06,-9.474043155682912903e-06,-1.118024065196018161e-05,-1.301701200828977462e-05,-1.479961988933562090e-05,-1.607886620375230144e-05,-1.632976274628543240e-05,-1.522237999286359878e-05,-1.283044614251800543e-05,-9.663005406809137520e-06,-6.493567871383929533e-06,-4.062100349696786170e-06,-2.786638965773966960e-06,-2.614464028399455312e-06,-3.074391345629375548e-06,-3.498233485448949109e-06,-3.306789324032507075e-06,-2.235987596467713132e-06,-4.161206895116023492e-07,1.711614451047942129e-06,3.587906563702758432e-06,4.747424032800476203e-06,4.967032688158944924e-06,4.306817691870219531e-06,3.050007756412323560e-06,1.583895304703080228e-06,2.745970705371424458e-07,-6.236475842644210016e-07,-1.007184970315951521e-06,-9.135972841411672747e-07,-4.803272333683808576e-07,1.101152048593040881e-07,6.826296399725507159e-07,1.108350900077520486e-06,1.323214754582725039e-06,1.325506450989485203e-06,1.158679023366747319e-06,8.914006155602751928e-07,6.068626727553362050e-07,4.054597320275976168e-07,4.118409621419615138e-07,7.671578882971490679e-07,1.589262022213806846e-06,2.901229960247888540e-06,4.555282216305139492e-06,6.199364690758067296e-06,7.330818942132303656e-06,7.448900334182261689e-06,6.265638757445179843e-06,3.888072374064522777e-06,8.730734305730557169e-07,-1.905296826895108124e-06,-3.555944625109207222e-06,-3.531322898711380008e-06,-1.891818484886028189e-06,6.621597597638907548e-07,3.035345324040747430e-06,4.179337749787631779e-06,3.548721706803615915e-06,1.365319347030148721e-06,-1.442858697415904164e-06,-3.619047069502183765e-06,-4.115152058366411578e-06,-2.551659962537212741e-06,6.093775565505974055e-07,4.259362596194710520e-06,7.117605964535678330e-06,8.266917746676426319e-06,7.505786523286747459e-06,5.363350530133868565e-06,2.786796639504982333e-06,6.663080000025257330e-07,-5.663356237411948359e-07,-1.076637503203831894e-06,-1.454127380376551657e-06,-2.336150903542074892e-06,-4.035044611691801087e-06,-6.362592235791482588e-06,-8.733342477027027678e-06,-1.047773624877825372e-05,-1.118737852236295578e-05,-1.090464034633550063e-05,-1.006000409311195462e-05,-9.201694337866498215e-06,-8.675572560842386956e-06,-8.437449057080100801e-06,-8.102613918003742215e-06,-7.201978868410021369e-06,-5.496060150763737696e-06,-3.162998733214142208e-06,-7.451425761888680594e-07,1.126402301927137181e-06,2.082479180216337125e-06,2.246192486540824439e-06,2.205605848882676664e-06,2.727696216173916601e-06,4.353468852301140539e-06,7.083491920758761466e-06,1.032190576302395585e-05,1.311560926092218380e-05,1.457302495043354041e-05,1.425453249125368624e-05,1.234335589150253918e-05,9.521945649465216906e-06,6.631881736596255934e-06,4.302895288970115070e-06,2.741914586630312929e-06,1.775358406144801631e-06,1.092808378679487126e-06,5.288896831805321369e-07,2.046425921640089949e-07,4.381887372315801902e-07,1.476805907881451631e-06,3.217284170423767678e-06,5.101380272710532309e-06,6.283154999761852098e-06,6.011672179550411705e-06,4.040150548691995907e-06,8.371364803588277007e-07,-2.538042586572436928e-06,-4.865265205095070680e-06,-5.306349724594398466e-06,-3.798236129598309335e-06,-1.097985750383125802e-06,1.551225296042245699e-06,2.976704852416671221e-06,2.588687279186011828e-06,6.057103167021427970e-07,-2.104213307773530603e-06,-4.471636487672944383e-06,-5.728636637007045945e-06,-5.716576728536314901e-06,-4.861393982923690417e-06,-3.858319220542290635e-06,-3.257392202497489364e-06,-3.182551151972939067e-06,-3.331340934340249983e-06,-3.238977703707792525e-06,-2.640365363851436657e-06,-1.709125292360797628e-06,-1.023264309593582087e-06,-1.263491062872166990e-06,-2.805864321724726218e-06,-5.438769349728606740e-06,-8.375694891864134874e-06,-1.057948260130816751e-05,-1.124379384966109382e-05,-1.018569959305225289e-05,-7.941077296685501957e-06,-5.504510038847101319e-06,-3.839847347707640945e-06,-3.409229051289294297e-06,-3.962001918834373091e-06,-4.692310711816441028e-06,-4.683460839432011431e-06,-3.407635547348498239e-06,-1.019466776074893291e-06,1.712358549588359666e-06,3.804006101108582767e-06,4.582140689706769624e-06,4.063997755137868142e-06,2.990207902744390182e-06,2.482649746073834159e-06,3.488643703949170055e-06,6.281808881215184555e-06,1.026504693429852509e-05,1.417614552416614728e-05,1.660436267635221274e-05,1.658134073342606543e-05,1.398012894424882456e-05,9.551767661337506285e-06,4.598922360695487670e-06,4.467775220102945128e-07,-2.051214800086910507e-06,-2.770425973691193142e-06,-2.254593021385133991e-06,-1.401740010905503354e-06,-1.059094137629189164e-06,-1.703821769822601107e-06,-3.321721776629104186e-06,-5.494103099412603263e-06,-7.616510026179774692e-06,-9.137879745930827275e-06,-9.729659708157701600e-06,-9.347665208435897011e-06,-8.200720265666280593e-06,-6.664993995184754039e-06,-5.178487465448078954e-06,-4.132099213475530444e-06,-3.762794788469715706e-06,-4.061059776211977358e-06,-4.722216989652876881e-06,-5.180573879472047024e-06,-4.749856197902815432e-06,-2.851344992662033187e-06,7.397042759187082755e-07,5.729646859990526257e-06,1.131179377795250595e-05,1.637032867515266724e-05,1.982829914235964005e-05,2.101548420542869353e-05,1.991108088450296260e-05,1.715818704820729683e-05,1.383653165323415542e-05,1.107829469085046882e-05,9.675662751618218478e-06,9.830072253870574697e-06,1.113238111790181431e-05,1.276830541357056674e-05,1.385573794912100170e-05,1.377576087497629488e-05,1.237220593752217012e-05,9.955225649694796742e-06,7.124183000891152851e-06,4.491813748569745094e-06,2.421993338961967731e-06,8.810109616907977906e-07,-5.438174876696088715e-07,-2.465617978353992376e-06,-5.423271399742567880e-06,-9.609558623648351851e-06,-1.470543506521531185e-05,-1.989460756041097739e-05,-2.407557571232624356e-05,-2.621778681705115897e-05,-2.574666207597580745e-05,-2.281374525692557879e-05,-1.833120365265730693e-05,-1.372548668459031304e-05,-1.047155794654477385e-05,-9.566566201022417280e-06,-1.114598591891205167e-05,-1.440841523816220044e-05,-1.790245508620204873e-05,-2.008135131908729928e-05,-1.991082408803450404e-05,-1.727959460069222202e-05,-1.303395296912404715e-05,-8.612672881933631819e-06,-5.431546843067568021e-06,-4.280098901363016340e-06,-4.992505744865955381e-06,-6.536848348976403971e-06,-7.482445895282464175e-06,-6.637370863387087330e-06,-3.574167744424123271e-06,1.184698447052647801e-06,6.394435680440631591e-06,1.061628147939584703e-05,1.280545669621971789e-05,1.270227979184866389e-05,1.087104099913867617e-05,8.396744619275768278e-06,6.400032195901424881e-06,5.597035987465053425e-06,6.088666561432797385e-06,7.441121867062159955e-06,8.980680491870840403e-06,1.013810148824558775e-05,1.067784635612229428e-05,1.072554866440353367e-05,1.061684729201070201e-05,1.067419835778006915e-05,1.103712438327218197e-05,1.162402617545195876e-05,1.222276066972471593e-05,1.263903293204922030e-05,1.281064540757245438e-05,1.282716492586433477e-05,1.285506492902543821e-05,1.302120290183002472e-05,1.332433745598981272e-05,1.362031006951889223e-05,1.368026586195305421e-05,1.328217652167272577e-05,1.228567060474393257e-05,1.066069509164765953e-05,8.474567838296993198e-06,5.865434337164798872e-06,3.028041503793372934e-06,2.137885288878087870e-07,-2.279210404405571838e-06,-4.156687956164474618e-06,-5.227330016780237996e-06,-5.517856906944304826e-06,-5.339625270657074861e-06,-5.244521258006757805e-06,-5.851820807602582853e-06,-7.595379872469234218e-06,-1.049612487972147335e-05,-1.407382723698083615e-05,-1.746197142138755849e-05,-1.969928276585019964e-05,-2.008444711742645320e-05,-1.844230446369298667e-05,-1.518346032570451579e-05,-1.113158068169526072e-05,-7.199204297742334018e-06,-4.060510119090955552e-06,-1.964030839449702832e-06,-7.532419121354725845e-07,-5.783957600019755483e-08,4.618039581217798098e-07,9.491816170525699047e-07,1.341290048248165490e-06,1.495811101915722947e-06,1.359954775569006726e-06,1.065479081723200579e-06,8.834079870235865299e-07,1.060566864174524925e-06,1.636635789709669238e-06,2.359848494878543620e-06,2.768757890491072004e-06,2.413699940734024420e-06,1.107227411787988796e-06,-9.333448715510950469e-07,-3.138584250124722791e-06,-4.821332579875566548e-06,-5.481310796284576099e-06,-5.026901109132452019e-06,-3.800383815354311251e-06,-2.393577743261496529e-06,-1.349681639744660720e-06,-9.058265670846023851e-07,-9.077237507623233814e-07,-9.351704869392171757e-07,-5.649142090537930135e-07,3.741947631395577941e-07,1.691675188331527669e-06,2.928374401469916501e-06,3.598615242372175866e-06,3.448946246748089299e-06,2.594828913221826788e-06,1.465472631031811720e-06,5.916773027249980735e-07,3.540025732236695150e-07,8.243704651382374797e-07,1.776698071655063476e-06,2.845581375815506175e-06,3.731659869762968103e-06,4.332957826878169843e-06,4.732507335080761241e-06,5.062752475273901358e-06,5.343172238850650862e-06,5.404344180592938985e-06,4.958912283891429176e-06,3.788010666550753452e-06,1.934655829587025224e-06,-2.198557679905649651e-07,-2.062329918959191159e-06,-3.001195931805878492e-06,-2.743478173683702962e-06,-1.448064408813482621e-06,3.343055283166823365e-07,1.913926998267619956e-06,2.784017565276154366e-06,2.847790822980820136e-06,2.433895462578114762e-06,2.093486091726428157e-06,2.286731285189498997e-06,3.123914370316617206e-06,4.295582623521295595e-06,5.224386723730986597e-06,5.353797216356464025e-06,4.419294552997166907e-06,2.562563115842124354e-06,2.385775373234869865e-07,-2.021515772349835276e-06,-3.854953779713679980e-06,-5.187597711658716300e-06,-6.176744331593628285e-06,-7.028908453084090691e-06,-7.816088328370435058e-06,-8.409970944580294228e-06,-8.577401575484687208e-06,-8.177423919296108207e-06,-7.331657629839562933e-06,-6.447766633241217937e-06,-6.058199908486960044e-06,-6.547266115905165651e-06,-7.914594212992904904e-06,-9.716162877168015919e-06,-1.123486018317892542e-05,-1.180775804811973924e-05,-1.114594320301520382e-05,-9.477648923204065715e-06,-7.432952030942055302e-06,-5.723468867272168796e-06,-4.780719645736079075e-06,-4.541564536619931510e-06,-4.493457147580179377e-06,-3.955857827298391191e-06,-2.450001037596486211e-06,3.607817816023104982e-08,3.022993567201646531e-06,5.763571111547866939e-06,7.593134943645829167e-06,8.224257150007255649e-06,7.841528084503177412e-06,6.964296203881149167e-06,6.168135511074438139e-06,5.821520557456056946e-06,5.969884075361080984e-06,6.404116368054129953e-06,6.843432774095501350e-06,7.106538746609855468e-06,7.170404195452003107e-06,7.102611109207556891e-06,6.943466153872715017e-06,6.648228673269327121e-06,6.153733973197705477e-06,5.535256946842572963e-06,5.133341160090176676e-06,5.518873393403989133e-06,7.247571065222386210e-06,1.049228362348625440e-05,1.475209734521062467e-05,1.884494469151116596e-05,2.127141007672312461e-05,2.084134567398570137e-05,1.728453657652333504e-05,1.152408323991979582e-05,5.418786448759883922e-06,1.030490841019397946e-06,-2.771130801991949121e-07,1.515482010365759945e-06,5.025529233957131190e-06,8.061882526450020328e-06,8.615024949609923304e-06,5.779376752745838388e-06,1.610573969479115187e-07,-6.431726870426773352e-06,-1.186436485843371863e-05,-1.468105390335121639e-05,-1.473605486373078751e-05,-1.313866659518742651e-05,-1.155451709143144421e-05,-1.124163389150699272e-05,-1.233957757859818416e-05,-1.379651343050268247e-05,-1.397861483912884432e-05,-1.163646375264198417e-05,-6.701530939741944766e-06,-4.643885833032832036e-07,4.990366948943718017e-06,7.816999394229112244e-06,7.369575872635488441e-06,4.569365887850895691e-06,1.456526265825963675e-06,1.328553156837513444e-07,1.635485142281852485e-06,5.337884369842636539e-06,9.215882457360400165e-06,1.087038284223024087e-05,8.795581435034814544e-06,3.235639283690404142e-06,-3.832508955334349023e-06,-9.610770125155474911e-06,-1.184297865434725621e-05,-9.942512134949466616e-06,-5.304172209366271719e-06,-6.280461616394790771e-07,1.414389462849866122e-06,-4.970625157256492577e-07,-5.687580481175912864e-06,-1.184718209704920627e-05,-1.620885519891426983e-05,-1.694427378436622349e-05,-1.406886904239120410e-05,-9.402749565658115698e-06,-5.618651057247485139e-06,-4.872599217861247604e-06,-7.719119345174180153e-06,-1.285743518694988252e-05,-1.782223578754121141e-05,-2.024835568736133563e-05,-1.905279565647162991e-05,-1.493373974374880817e-05,-9.949590986212521957e-06,-6.418495986390291698e-06,-5.721813848955905742e-06,-7.629286578809759442e-06,-1.047841177531229550e-05,-1.209066177088959905e-05,-1.092964733124511545e-05,-6.895017617103783461e-06,-1.351787531017460843e-06,3.597388057857614341e-06,6.197212358790994810e-06,5.909276787301507390e-06,3.623628783821037753e-06,1.126622052725530404e-06,1.295547465433028435e-07,1.381336700306719895e-06,4.326338068711560198e-06,7.466800423261649931e-06,9.213481418817502945e-06,8.758230100254081702e-06,6.505536485121023128e-06,3.847195118989512847e-06,2.417428724360941430e-06,3.235777770056159599e-06,6.192098629943825496e-06,1.013427795083781845e-05,1.349438955944814041e-05,1.510825317467902440e-05,1.479304449613570920e-05,1.338893622674837706e-05,1.226156237028673857e-05,1.254446205684174950e-05,1.452677921076599069e-05,1.750116986417252302e-05,2.013583024538429282e-05,2.116052054206606631e-05,2.000328200575966428e-05,1.705634575261288130e-05,1.345514561218221119e-05,1.050812785991771507e-05,9.082940800774568941e-06,9.254960290539357610e-06,1.036794738633822706e-05,1.143617463604285710e-05,1.165216410621774171e-05,1.073588999624762300e-05,8.972739378533502844e-06,6.966864640035963120e-06,5.281582035627304679e-06,4.174412267648800060e-06,3.552801756997193797e-06,3.134995373067722083e-06,2.685158698823739574e-06,2.166596100113390156e-06,1.728221714405343193e-06,1.556167761841562671e-06,1.709264451364669700e-06,2.060878005131161124e-06,2.390620958380394486e-06,2.560331144351184702e-06,2.641342737870174670e-06,2.881101769343163747e-06,3.498435709970162822e-06,4.418429956348711340e-06,5.122959637172786174e-06,4.753610361388165024e-06,2.472006095189507516e-06,-2.072825529130357994e-06,-8.410554711356251184e-06,-1.525546555002282379e-05,-2.090651918248975444e-05,-2.389834060893924041e-05,-2.361880371818312859e-05,-2.060195621136846265e-05,-1.634307961691187504e-05,-1.270174040674531288e-05,-1.115165451234401867e-05,-1.220761531544807576e-05,-1.527482649961357748e-05,-1.896798254643099272e-05,-2.173460544811490393e-05,-2.249189626527151479e-05,-2.100371059799447721e-05,-1.786633442147050454e-05,-1.416062697690136251e-05,-1.096887347671044978e-05,-8.984589533022497578e-06,-8.361346579756274614e-06,-8.808066505241752883e-06,-9.821339058666015556e-06,-1.090733699153054902e-05,-1.169434406357025589e-05,-1.193041478828598968e-05,-1.143701917407160926e-05,-1.010336647187889466e-05,-7.954645092517932404e-06,-5.249683421282914726e-06,-2.514811447624122846e-06,-4.378083460755305199e-07,3.761378927246177951e-07,-3.096826728381327576e-07,-2.183570794781715569e-06,-4.430607594887895300e-06,-6.020177604987382121e-06,-6.128028264748241441e-06,-4.504162588294940503e-06,-1.608247380949309254e-06,1.563807257446570726e-06,3.893316280625946585e-06,4.607849537156777936e-06,3.593846270290050477e-06,1.415731302038925290e-06,-9.560305985619954190e-07,-2.571121447980343034e-06,-2.879221519350463827e-06,-1.897852983389499298e-06,-1.138284867691364702e-07,1.807463843058496391e-06,3.348747325651595610e-06,4.348246114747719527e-06,5.008249556976747944e-06,5.730933100760826012e-06,6.887133997927793373e-06,8.640345582463787447e-06,1.090096901637105438e-05,1.340735558130399533e-05,1.586568933733046075e-05,1.806287600917775833e-05,1.989879493941780443e-05,2.134188669941370010e-05,2.235875371275411675e-05,2.287783857470323566e-05,2.281713827467020907e-05,2.215781381259653691e-05,2.101051468044787517e-05,1.962103667226953085e-05,1.829660775097958665e-05,1.728265463196177541e-05,1.665320381912763309e-05,1.627600314314894711e-05,1.587639039375373685e-05,1.517219188609539008e-05,1.401393620929289313e-05,1.246097832125552043e-05,1.075636695295444395e-05,9.213886871380329982e-06,8.073114909287984028e-06,7.391507204951458305e-06,7.021627121301592277e-06,6.679292998282990272e-06,6.066894588660499086e-06,4.994984175356957804e-06,3.451932409114170378e-06,1.599140766978316632e-06,-2.975528905613117561e-07,-1.966318744864360215e-06,-3.217884327708510594e-06,-3.994473365314884800e-06,-4.367544990652085821e-06,-4.490768740307516112e-06,-4.527751650490874047e-06,-4.580926074100039652e-06,-4.648701460117285964e-06,-4.631581961891515669e-06,-4.393111103298086630e-06,-3.859389553718493538e-06,-3.118053108204078185e-06,-2.465410610625120362e-06,-2.360061548151056814e-06,-3.275886791856891875e-06,-5.496560563482436307e-06,-8.935451247578360986e-06,-1.307432522102041119e-05,-1.707827194230088019e-05,-2.007105055215415256e-05,-2.147480728267272854e-05,-2.127065913722779152e-05,-2.005162876673346103e-05,-1.881883016515282950e-05,-1.858489927418590282e-05,-1.994374086670386401e-05,-2.279436553389695627e-05,-2.634902806788994947e-05,-2.943333854299734758e-05,-3.095346080373764244e-05,-3.032621655308672228e-05,-2.768222611822000065e-05,-2.375624880963329435e-05,-1.952459993837522861e-05,-1.576715007956610120e-05,-1.276357501361868299e-05,-1.026403826905634560e-05,-7.737082617360575094e-06,-4.759641373441818500e-06,-1.343692075217776505e-06,1.974137459232865783e-06,4.335482430049620290e-06,4.964760764010479347e-06,3.581650171134875311e-06,6.187636811773798979e-07,-2.869698444671767532e-06,-5.579439789943444481e-06,-6.449499789950811229e-06,-5.064078379390472829e-06,-1.791571672729914415e-06,2.392685929016891606e-06,6.316380194081215359e-06,9.074470292804187818e-06,1.035577917073973384e-05,1.050803933509009305e-05,1.033210205379821618e-05,1.070538293888371770e-05,1.219458799106011674e-05,1.480958988818220378e-05,1.798500037971283367e-05,2.078521832638787444e-05,2.224888726285063144e-05,2.174608317101157988e-05,1.922505525341772971e-05,1.526751372675473088e-05,1.093500766213412213e-05,7.454057846907242696e-06,5.837119821993602038e-06,6.557753344323816754e-06,9.385306473131631283e-06,1.343843411307737342e-05,1.744865016229408874e-05,2.015460177171686927e-05,2.069910043243656378e-05,1.889437702152804401e-05,1.526325992930711197e-05,1.084267947763839556e-05,6.822258460181638140e-06,4.150402115364549690e-06,3.248423664843105226e-06,3.926453029556314498e-06,5.513616375601481306e-06,7.134429460245465457e-06,8.017025164323580009e-06,7.722956043552879054e-06,6.235054070648225279e-06,3.902833427831740144e-06,1.293920996103352150e-06,-9.835073403074786073e-07,-2.436910736184101656e-06,-2.801784654348279229e-06,-2.107880651268922351e-06,-6.979344241163668264e-07,8.141530404065658463e-07,1.665072357424457468e-06,1.147248484333420450e-06,-1.139132943067013427e-06,-5.069359450694568905e-06,-9.916023644685025422e-06,-1.448528403428716655e-05,-1.746611227304558847e-05,-1.789227901948942581e-05,-1.554363217897587870e-05,-1.110858277319562302e-05,-6.008165800372423397e-06,-1.917764959233219647e-06,-1.576870000594999099e-07,-1.194317736317623495e-06,-4.461183178468783101e-06,-8.581995551089881009e-06,-1.190927010558422650e-05,-1.315763619276008843e-05,-1.187208111796280141e-05,-8.546136787063054766e-06,-4.358982062358054004e-06,-6.629004493410882839e-07,1.549638977392608870e-06,1.977912298047060388e-06,1.026858853918695739e-06,-4.665029685116552494e-07,-1.642834426344865139e-06,-1.973577520888373050e-06,-1.413919226764590803e-06,-3.204379739423419234e-07,7.910591423686117470e-07,1.510795556636290278e-06,1.697594528347966333e-06,1.481473764333992965e-06,1.134461439021826015e-06,8.966058759678966592e-07,8.514518957305855141e-07,9.051931941361691359e-07,8.633895173190842453e-07,5.517634706990289744e-07,-8.535810815590635047e-08,-9.534395305883510791e-07,-1.847988014208435394e-06,-2.537823987126788928e-06,-2.849788993403465090e-06,-2.722700738326738432e-06,-2.218920862407059176e-06,-1.499692679777378498e-06,-7.776513999113355307e-07,-2.584442733902113158e-07,-8.094647753489033335e-08,-2.681213912906697963e-07,-7.067197507014339239e-07,-1.175381888469669340e-06,-1.428667926084055409e-06,-1.318446021791765870e-06,-9.050161666797076259e-07,-4.968203757642751366e-07,-5.745441290392925392e-07,-1.603074379188089248e-06,-3.794532427470333938e-06,-6.926920792739735630e-06,-1.031893234786288869e-05,-1.300510731941295586e-05,-1.406689305469804022e-05,-1.299463185812335702e-05,-9.924731060801534195e-06,-5.636345012722884970e-06,-1.290248996977917762e-06,1.993533975318268558e-06,3.546835149641422469e-06,3.380548429162908886e-06,2.133794936573252479e-06,7.728194004464117758e-07,1.761601251209088584e-07,7.876178982086430675e-07,2.479922276748329136e-06,4.670223585043885718e-06,6.613761980372015005e-06,7.728823766651447575e-06,7.806442509823450978e-06,7.026933436500587328e-06,5.804013700054157564e-06,4.555580907624676146e-06,3.521673090293322104e-06,2.709615179932670911e-06,1.970649214055061630e-06,1.144013273845429037e-06,1.784449763860050105e-07,-8.331399291000084538e-07,-1.711841424189350389e-06,-2.294856778282822563e-06,-2.511771150856004708e-06,-2.388587872292205124e-06,-1.983746164601804118e-06,-1.306680420825078740e-06,-2.828455460523508295e-07,1.199013199033525351e-06,3.174972143928876181e-06,5.493996877239233275e-06,7.782080377154658758e-06,9.525285259751868039e-06,1.025241972416381899e-05,9.740234339002504344e-06,8.142632313820527998e-06,5.973999102660026942e-06,3.942561004551840857e-06,2.699972989115544339e-06,2.612707904884031632e-06,3.649749408424917940e-06,5.425952050477395958e-06,7.369702938359263307e-06,8.932459646900199480e-06,9.749923730902249254e-06,9.700237513543428304e-06,8.861597598948960620e-06,7.418614004471724488e-06,5.580097555841614342e-06,3.547389384252114002e-06,1.529353891483358768e-06,-2.348019744593581951e-07,-1.489305935036269221e-06,-2.029791364916155962e-06,-1.800621611395064538e-06,-9.654586653694503528e-07,1.039919981945911042e-07,9.398756315869881179e-07,1.155849451636802689e-06,6.137618865982526709e-07,-5.027155419713708351e-07,-1.752072545423972137e-06,-2.617387468340714755e-06,-2.729497588248135776e-06,-2.030109311496749513e-06,-7.994266605588856394e-07,4.645706054301525611e-07,1.258678083301661811e-06,1.280207485900949965e-06,5.330262516259625975e-07,-7.087009039516797186e-07,-2.052269520063487871e-06,-3.172950789350965187e-06,-3.942235921178731888e-06,-4.439000446829284544e-06,-4.847008452258582310e-06,-5.300380041402227170e-06,-5.763670729589190604e-06,-6.013362117095342457e-06,-5.734010761164819945e-06,-4.682841618520479157e-06,-2.841192987592054089e-06,-4.770035654992287895e-07,1.914491556973025200e-06,3.766852072461709702e-06,4.626473459381929753e-06,4.286626407977515342e-06,2.821691329725799041e-06,5.211017796931460881e-07,-2.232744038214108863e-06,-5.080038395865825333e-06,-7.745150758365036759e-06,-1.003458795031282297e-05,-1.179993462664269590e-05,-1.291177789048548269e-05,-1.327804039610663655e-05,-1.290546731085720046e-05,-1.196672223817555659e-05,-1.081960821948683387e-05,-9.940732938285250429e-06,-9.777675017038893959e-06,-1.057073569322291202e-05,-1.222247840887720161e-05,-1.428377313409366712e-05,-1.607995666339643621e-05,-1.693915061979608654e-05,-1.643539614891211664e-05,-1.454647108481981874e-05,-1.165810341006637404e-05,-8.410015554116577398e-06,-5.446746336985499364e-06,-3.177059873422439535e-06,-1.641384072197834179e-06,-5.391028912516317388e-07,6.017850706299906551e-07,2.190111004763627841e-06,4.374092131080095133e-06,6.962679936242463513e-06,9.493151794913864963e-06,1.140975765568933217e-05,1.227488149311011649e-05,1.192732728456659601e-05,1.053165950905974957e-05,8.511705526640277392e-06,6.406967092791522937e-06,4.713760664026380111e-06,3.767040808458676713e-06,3.691713548859000855e-06,4.419918168785314388e-06,5.748738519212622402e-06,7.408411553566763256e-06,9.121142089920292306e-06,1.064502344814577106e-05,1.180626380592758984e-05,1.252197297130730697e-05,1.280899454793933784e-05,1.276988964361702383e-05,1.255166677847865833e-05,1.228599350397210797e-05,1.203394028714552896e-05,1.176340450560653534e-05,1.137672362204693260e-05,1.078206095195216242e-05,9.976360346251299260e-06,9.094822496969256429e-06,8.391738200540339393e-06,8.148399813614116513e-06,8.541901800911015356e-06,9.534336593031952198e-06,1.083999367791725136e-05,1.199663678528192430e-05,1.251921294986412924e-05,1.207348709386774055e-05,1.059426355391924227e-05,8.296095249257238921e-06,5.573657646134455878e-06,2.840489626694138854e-06,3.827884024359708510e-07,-1.705098354648620085e-06,-3.480226356882788371e-06,-5.037164009819705990e-06,-6.390066595943977643e-06,-7.421193868889085147e-06,-7.929497631358627439e-06,-7.756892682515325249e-06,-6.923891080877014251e-06,-5.695132340749319976e-06,-4.526206421596277595e-06,-3.901680620804768393e-06,-4.131423419126860429e-06,-5.199113467938534267e-06,-6.738799024931505450e-06,-8.160076329493957449e-06,-8.875702302166526341e-06,-8.538577674712622355e-06,-7.189605406859519987e-06,-5.255678406990943154e-06,-3.399800641452029865e-06,-2.284543308458237919e-06,-2.340667745079635583e-06,-3.624497757428289928e-06,-5.808055330144657011e-06,-8.294890827451420975e-06,-1.041333048502658100e-05,-1.162075696408958044e-05,-1.165854968216587094e-05,-1.061902983693792098e-05,-8.912150770152143126e-06,-7.143265211819670373e-06,-5.932062495626534528e-06,-5.717400347478881279e-06,-6.602165405006381386e-06,-8.291364082345527479e-06,-1.015868790130090409e-05,-1.143966986790409501e-05,-1.150122338111472648e-05,-1.009627013848810453e-05,-7.500304362434940773e-06,-4.457928084422876051e-06,-1.936980143481550844e-06,-7.705313854203239004e-07,-1.325647783776862058e-06,-3.340813169395326023e-06,-6.012374030006344540e-06,-8.306070169800862531e-06,-9.367935213516495558e-06,-8.858239983135210216e-06,-7.060618516040736819e-06,-4.717419313135865780e-06,-2.667950615204838631e-06,-1.459284507131775846e-06,-1.113359752413685504e-06,-1.159872176491995462e-06,-9.157718745316828150e-07,1.288854510603100698e-07,2.012432555406595752e-06,4.242158570755500103e-06,6.007653738961295779e-06,6.564485233455439140e-06,5.599533699171122552e-06,3.396901673694141877e-06,7.217178122297095490e-07,-1.520603960346299960e-06,-2.680694006636679175e-06,-2.622111001051953451e-06,-1.716278485324315969e-06,-5.870847877531732668e-07,2.561932732462389703e-07,7.040920672273538942e-07,1.101992555998213492e-06,2.048401696049289651e-06,4.044859192854784362e-06,7.183973219999044554e-06,1.104283318392301535e-05,1.484246882215726815e-05,1.779559551023755922e-05,1.946661773479124000e-05,1.996079273615482182e-05,1.984708649834674907e-05,1.985582590164677101e-05,2.050675141246149176e-05,2.185635910826283938e-05,2.348899699653473404e-05,2.474853221762261471e-05,2.508358870649067451e-05,2.432367302947185923e-05,2.274392553654237757e-05,2.089016005704071239e-05,1.926258436576399911e-05,1.802962331625320908e-05,1.692523997603721559e-05,1.538499341074168206e-05,1.285043822208894585e-05,9.084344380514044863e-06,4.335037199394459798e-06,-7.329601204385990387e-07,-5.305954499191027010e-06,-8.753372366561495432e-06,-1.086730944247923881e-05,-1.190590848543552314e-05,-1.243901092645565700e-05,-1.308808128232324108e-05,-1.429010363576077910e-05,-1.618273679747778127e-05,-1.863030343169782768e-05,-2.133495821599429261e-05,-2.394702859377240286e-05,-2.611587138100316405e-05,-2.748461568036730774e-05,-2.768503323610024965e-05,-2.639524859924984924e-05,-2.347599963048543450e-05,-1.912938062279977060e-05,-1.397566256767310249e-05,-8.957381223356550220e-06,-5.058863723313471412e-06,-2.936137100898936209e-06,-2.626329897477204052e-06,-3.497557437041841581e-06,-4.501343863004986459e-06,-4.642047718204781511e-06,-3.455945480256357104e-06,-1.265061320665634751e-06,9.381051889572883032e-07,1.945824374010581745e-06,9.292882981085462650e-07,-2.111808089746348535e-06,-6.272783660420220582e-06,-1.009694700703678389e-05,-1.220618080698830466e-05,-1.191612306567567761e-05,-9.541802578560287405e-06,-6.243048549548062524e-06,-3.478969490220010594e-06,-2.329483122761463423e-06,-3.005652135401729079e-06,-4.777467395791595479e-06,-6.343984553192963349e-06,-6.457743502793533141e-06,-4.498482443099524836e-06,-7.263873498953162606e-07,3.888461595710858678e-06,8.152557007705051685e-06,1.119438693902826472e-05,1.279776509265697368e-05,1.337518867727018464e-05,1.362594609876522268e-05,1.408428376772141041e-05,1.480953672101877104e-05,1.538217468851889192e-05,1.519732730156437466e-05,1.388365168582863848e-05,1.160701835556710612e-05,9.080374732877248889e-06,7.259194011596974712e-06,6.871907120361112809e-06,8.027050118936939017e-06,1.010535205156078121e-05,1.200330809385493105e-05,1.261831196361916102e-05,1.134449311490432433e-05,8.343601733381849522e-06,4.467091639889380177e-06,8.755509737563929682e-07,-1.456220540109636027e-06,-2.115162670175786858e-06,-1.343827202131313557e-06,1.656266372437432711e-07,1.650430761995455140e-06,2.629774120927792813e-06,3.062608272887635952e-06,3.254819709353870435e-06,3.591826688961879073e-06,4.256130170367176676e-06,5.085153134326132742e-06,5.640569109460582960e-06,5.444209280589260598e-06,4.248959949114629583e-06,2.198660865298728652e-06,-2.074875795408427853e-07,-2.328198734180946424e-06,-3.663887577198189953e-06,-4.071601571167150085e-06,-3.809821443896821013e-06,-3.397793844089047311e-06,-3.363247688517191992e-06,-4.001496309646113969e-06,-5.256982453612165539e-06,-6.774896215889496044e-06,-8.088799962594206349e-06,-8.849371980942634942e-06,-8.985772648626849589e-06,-8.727444689818217183e-06,-8.480599140256269409e-06,-8.619025358174874885e-06,-9.285274075235983314e-06,-1.029234782652728242e-05,-1.117272016042105590e-05,-1.135994685653032817e-05,-1.043295148227848736e-05,-8.325036170249874338e-06,-5.409020810730328011e-06,-2.413681419444204734e-06,-1.899491814392265762e-07,5.941766170100290300e-07,-2.837022333268941347e-07,-2.487109866497027794e-06,-5.213845585127093519e-06,-7.474583685251582741e-06,-8.458742682199094711e-06,-7.845593111996697740e-06,-5.930687056719435353e-06,-3.506583246056838895e-06,-1.537850546123159747e-06,-7.612577193943408071e-07,-1.380811612354461225e-06,-2.992009291415836676e-06,-4.771366613414751884e-06,-5.847868358493558627e-06,-5.687577562396349694e-06,-4.313691890504832381e-06,-2.259762909227063670e-06,-2.806971439926376773e-07,1.035438100328931483e-06,1.560593125281917851e-06,1.674697829105785409e-06,2.039008900801178367e-06,3.205251545473410874e-06,5.259964145802619932e-06,7.694589635602621354e-06,9.585619745443619229e-06,1.001521054914326662e-05,8.536850323732593564e-06,5.457237009736709366e-06,1.784655014631531155e-06,-1.149804371563569202e-06,-2.233957927330026984e-06,-1.033144240412668391e-06,2.044353134070670816e-06,5.947494310330869835e-06,9.448000186215456850e-06,1.164781132059405817e-05,1.229202655130533555e-05,1.175359226804588368e-05,1.072248883130394006e-05,9.778426977465989431e-06,9.078513500681944360e-06,8.323965665004856584e-06,7.017725828933082014e-06,4.866248722579698779e-06,2.096118870225595561e-06,-5.063455206547302953e-07,-1.883727313632607550e-06,-1.202168410657513217e-06,1.687818895935325329e-06,6.063927328141582939e-06,1.053543456030722136e-05,1.356845717004207895e-05,1.410469114186182106e-05,1.199233593730594720e-05,8.029846789026997455e-06,3.602211980866368006e-06,7.967884581443601111e-08,-1.741900819166880003e-06,-1.904721211095143529e-06,-1.148757914096981806e-06,-4.559542104565634394e-07,-5.171380899538512003e-07,-1.390409141044126051e-06,-2.516784545462710737e-06,-3.074623036335986512e-06,-2.481112874888759229e-06,-7.737325569759908958e-07,1.334879726064268901e-06,2.768679340818240896e-06,2.617400574834880449e-06,6.175390220440585334e-07,-2.664211205885089855e-06,-6.051323775129804769e-06,-8.287669864370827874e-06,-8.625769217434465326e-06,-7.185490734160041494e-06,-4.902251406755040688e-06,-3.082264310544167460e-06,-2.775760489244309603e-06,-4.271419223334683307e-06,-6.959337714759108200e-06,-9.631466739750531934e-06,-1.107425305900172634e-05,-1.066367252851113477e-05,-8.669918743495638478e-06,-6.120303004058097960e-06,-4.285677671798517760e-06,-4.041399088870527145e-06,-5.416771364297904296e-06,-7.555658162552367117e-06,-9.110225883495921286e-06,-8.878404858615560898e-06,-6.377587212808408588e-06,-2.079876624015132769e-06,2.799378786135532638e-06,6.851090756878839315e-06,9.090998908904576693e-06,9.352481891448326370e-06,8.277424739270622579e-06,6.930279137794513069e-06,6.242838702430087509e-06,6.570787035014969959e-06,7.574430238881361982e-06,8.464008331082469272e-06,8.464347115788714224e-06,7.248470424077244751e-06,5.115768814233559126e-06,2.829932883008851242e-06,1.210226252548447707e-06,6.943589381925668963e-07,1.100080492396956934e-06,1.704816707380719612e-06,1.597295997541729372e-06,1.188258215847981185e-07,-2.826656539246992239e-06,-6.739632581217462314e-06,-1.076980649864977280e-05,-1.410155719284529351e-05,-1.628283254877712911e-05,-1.734429139434949513e-05,-1.767445906041388917e-05,-1.774381812343762046e-05,-1.783894316095298774e-05,-1.794520499183018011e-05,-1.782197342365998398e-05,-1.720415366661611040e-05,-1.599979138846606823e-05,-1.436776139793027463e-05,-1.263893343484470463e-05,-1.113928521334655152e-05,-1.002819854457594152e-05,-9.249307392379041559e-06,-8.616869685308616952e-06,-7.974167281842193880e-06,-7.314854841063600345e-06,-6.781536483798851691e-06,-6.534599324871838054e-06,-6.571022187810468625e-06,-6.613941486489538709e-06,-6.161411634999064832e-06,-4.692466335006983711e-06,-1.931355607477000520e-06,1.975319651305170923e-06,6.477938312925933551e-06,1.084651030115451853e-05,1.448962684897387457e-05,1.720238820534805783e-05,1.920698751831611176e-05,2.095943097827039235e-05,2.282640338779278155e-05,2.481468578116910904e-05,2.651469402356449964e-05,2.730610013242020735e-05,2.672606965727291841e-05,2.480028955660063718e-05,2.214239884270701564e-05,1.974158335322438504e-05,1.852392301074285810e-05,1.890237698114522030e-05,2.055071173839778662e-05,2.253187127228368507e-05,2.373196065557779512e-05,2.338994046075738224e-05,2.145661426721532920e-05,1.859786070312245695e-05,1.583732041151903426e-05,1.402047644792973519e-05,1.337727309081348475e-05,1.341236364621685246e-05,1.318348637658002337e-05,1.182575106173672020e-05,9.048288529163720078e-06,5.339221061566874800e-06,1.761931518348064899e-06,-5.647263913789783028e-07,-1.045072801578323467e-06,4.782440453698722577e-08,1.638544663523927764e-06,2.303599350084622647e-06,8.996747974527148566e-07,-2.929936160743108764e-06,-8.601977629080074291e-06,-1.484978498349859234e-05,-2.025264020960220520e-05,-2.378375391582996507e-05,-2.513550045908335674e-05,-2.470774641158454051e-05,-2.331445188607186682e-05,-2.178676091649025211e-05,-2.067004777142684283e-05,-2.012948157316396875e-05,-2.004936780237088665e-05,-2.021168507181733567e-05,-2.042160271870362706e-05,-2.051371969056859951e-05,-2.027427302990067248e-05,-1.938432763242656614e-05,-1.748101887221259411e-05,-1.435129433337267905e-05,-1.016608763849272098e-05,-5.601517355195088657e-06,-1.723696690363129132e-06,3.709414903201331015e-07,2.555312760591698660e-08,-2.620189209644311336e-06,-6.587017068962129766e-06,-1.039315869811457282e-05,-1.265213985823640172e-05,-1.266866264996223522e-05,-1.074776982575039660e-05,-8.051721223685367326e-06,-6.048238080487026187e-06,-5.793160355021581704e-06,-7.380964071552818531e-06,-9.829745074527831880e-06,-1.147124016768464326e-05,-1.068290655345615962e-05,-6.638732245585747463e-06,2.560386300142136514e-07,8.439567179225220241e-06,1.574448974585684514e-05,2.018752328575374998e-05,2.066839820454514280e-05,1.730618081179167972e-05,1.131126905829582436e-05,4.489473827341820984e-06,-1.389976543487279171e-06,-5.110750967367339510e-06,-6.247367396460857492e-06,-5.103770696499920279e-06,-2.452640449150065557e-06,7.757293306251605316e-07,3.737153062356654412e-06,5.808234229478629630e-06,6.639539533125490328e-06,6.178490046942077568e-06,4.686964525305237785e-06,2.731109844741101014e-06,1.093353469452950303e-06,5.759405389735157719e-07,1.726218355823347441e-06,4.581049357045153691e-06,8.556256387493554251e-06,1.256956600743418903e-05,1.539053925491504435e-05,1.610113981702226575e-05,1.448183044782897505e-05,1.115015426115042668e-05,7.373061515012888477e-06,4.611133572739321708e-06,3.970103835243344886e-06,5.778203503758476189e-06,9.456761417377438665e-06,1.372985912806271644e-05,1.708199959236676642e-05,1.828051299219493134e-05,1.676809769014064760e-05,1.279815693415576129e-05,7.294909622739721276e-06,1.521170811786944680e-06,-3.310387740429309854e-06,-6.353961923367955885e-06,-7.298017832526916898e-06,-6.369671035502782071e-06,-4.209892189123065906e-06,-1.672918840191270047e-06,3.990914047977614839e-07,1.384251360299737836e-06,1.034786460714127377e-06,-4.596636435721087185e-07,-2.527611508101870513e-06,-4.393297870880994775e-06,-5.337610986510210487e-06,-4.961119981429944800e-06,-3.348994874249222794e-06,-1.060601749783668265e-06,1.069354628181594794e-06,2.250339310804391142e-06,2.048507847437750164e-06,5.584455167332209032e-07,-1.643436836177517580e-06,-3.745328709350383030e-06,-5.036534991552870642e-06,-5.183108779218441492e-06,-4.322279268780765186e-06,-2.944019653698847636e-06,-1.630925350071246879e-06,-7.926516292171872154e-07,-5.255228497868332255e-07,-6.552575630923426914e-07,-9.200256598105340755e-07,-1.176277576425734684e-06,-1.501284232097424148e-06,-2.128800759832482355e-06,-3.253673585117792292e-06,-4.822579337766437874e-06,-6.445093298761780315e-06,-7.499834248456961889e-06,-7.404238863296138208e-06,-5.920174615117234877e-06,-3.334632927536126036e-06,-4.064933477021561148e-07,1.916597344976501612e-06,2.889837624510658328e-06,2.289523192640534482e-06,5.055899269690184625e-07,-1.637476047893978719e-06,-3.246987446649976648e-06,-3.742890235149338717e-06,-3.078102222598333937e-06,-1.707142591915512544e-06,-3.372164100076882519e-07,4.019978960286785412e-07,2.059779212258686654e-07,-8.459093823808475766e-07,-2.418654277687371339e-06,-4.136429851457324819e-06,-5.748019332460878351e-06,-7.151271366443080536e-06,-8.281442470634029710e-06,-8.959616202460722245e-06,-8.829287379541085878e-06,-7.460788754192542731e-06,-4.599535698654543304e-06,-4.331510825057545236e-07,4.285946433508553604e-06,8.373989481275187513e-06,1.059514098750786160e-05,1.014509234413520238e-05,7.025645026248793672e-06,2.126276099138976179e-06,-3.049401018735446589e-06,-6.915817988722295016e-06,-8.380460504222382085e-06,-7.223568290891511204e-06,-4.130040665709168885e-06,-3.736320970736538836e-07,2.699089193132914923e-06,4.162585899678426333e-06,3.789099689624064546e-06,2.023675605881855866e-06,-2.911874857413625542e-07,-2.292412419246072929e-06,-3.406673220777980471e-06,-3.483623838145764478e-06,-2.738006196381589940e-06,-1.571015480610265120e-06,-3.760874124259323806e-07,5.873826138447130417e-07,1.224214801438271232e-06,1.562595800789642747e-06,1.691095607679874007e-06,1.711649833786998303e-06,1.717476849957258247e-06,1.781723411119005093e-06,1.941000658066806952e-06,2.175292651245556837e-06,2.404515648083445904e-06,2.523307028051792385e-06,2.473374145556197858e-06,2.319551410912587283e-06,2.275762645622908669e-06,2.640088828259835889e-06,3.644549594177949887e-06,5.282438674304489630e-06,7.209429647929465804e-06,8.797677812167931951e-06,9.354381136421082877e-06,8.427736437880342245e-06,6.060931853830979233e-06,2.857678031826633649e-06,-2.015435996230841288e-07,-2.136260295370088869e-06,-2.378199539115956345e-06,-1.029727987710703895e-06,1.160578515314754737e-06,3.107030109739048020e-06,3.848136676052945600e-06,2.953157497991456546e-06,6.906768710608436139e-07,-2.112087025676376471e-06,-4.445176017336529527e-06,-5.545858724894577232e-06,-5.184857797759748972e-06,-3.690575615282158989e-06,-1.725949589582416319e-06,4.992009180506630835e-08,1.259565215235430374e-06,1.896882394101631968e-06,2.211214378437856276e-06,2.478361552690385358e-06,2.802977534284261423e-06,3.065747703261673960e-06,3.036169205401287189e-06,2.571906676733335257e-06,1.774993395696476462e-06,1.001001123260906874e-06,7.036751004801223339e-07,1.194723287041666457e-06,2.451318106437897367e-06,4.082576528128346745e-06,5.482547415892806788e-06,6.097324865409487847e-06,5.672631471612058420e-06,4.358590295331056183e-06,2.623850203842703631e-06,1.029917214968290431e-06,-1.493825203810561223e-08,-3.999820785860989219e-07,-2.938281739929963858e-07,7.243089243459139023e-09,2.675594918088768674e-07,4.295850829159367197e-07,6.026427956796864240e-07,9.428051809665051928e-07,1.505319330553252103e-06,2.162052121352325345e-06,2.633898065035898066e-06,2.619252436312178546e-06,1.945492608984891924e-06,6.611829465539088195e-07,-9.751868420980532934e-07,-2.594279034692642826e-06,-3.842571134606821988e-06,-4.472601930228767692e-06,-4.368578563897232608e-06,-3.527937581514079950e-06,-2.046906387429548010e-06,-1.444892746696802414e-07,1.786815479765150398e-06,3.161252559282238664e-06,3.278146507135474705e-06,1.522536986212026692e-06,-2.365172126879283441e-06,-8.071341351672640604e-06,-1.467498283832542487e-05,-2.086491961646467965e-05,-2.535891186759818775e-05,-2.736399272836037436e-05,-2.687380467555716918e-05,-2.465545430819447150e-05,-2.191574567899692895e-05,-1.978946525242238628e-05,-1.888212426922720205e-05,-1.907618671349905061e-05,-1.968070286992302495e-05,-1.983326334423520361e-05,-1.893869879641939133e-05,-1.691723146522578817e-05,-1.414337333371009029e-05,-1.112867912463868057e-05,-8.143936550452255340e-06,-5.010931557440451813e-06,-1.199306528522700288e-06,3.810432957726951192e-06,1.009612606018584228e-05,1.704844808234022417e-05,2.347873259327390436e-05,2.806407188887701372e-05,2.992703098309616470e-05,2.905982110069930182e-05,2.636602643503881436e-05,2.327908995030775310e-05,2.113116118394037568e-05,2.057639198755789560e-05,2.134913560184410321e-05,2.246976557311520828e-05,2.278505241695476531e-05,2.156348968549163576e-05,1.884513751373174183e-05,1.538014167712544708e-05,1.220776120863033749e-05,1.011275533247270637e-05,9.251065192680130376e-06,9.134992658456685480e-06,8.967028598513962284e-06,8.121488071023682734e-06,6.497406514850488371e-06,4.544815121228626254e-06,2.954833268074724022e-06,2.197056655676562587e-06,2.177820675370121491e-06,2.228863197704785799e-06,1.451492183549575001e-06,-7.624382432574821564e-07,-4.321249725998378340e-06,-8.376586692213322692e-06,-1.167622620758617729e-05,-1.316145432008036776e-05,-1.250310066010936132e-05,-1.028992134077677268e-05,-7.756973400126522669e-06,-6.180699142115600967e-06,-6.245735750912753026e-06,-7.710153318828814707e-06,-9.546565511645930532e-06,-1.049207909598162814e-05,-9.727034699274671590e-06,-7.332317756226226950e-06,-4.285295792805882664e-06,-1.989151830905231220e-06,-1.569012934935716921e-06,-3.288438856816054474e-06,-6.380546630394400669e-06,-9.380597995036545292e-06,-1.079770448727183135e-05,-9.798394560408737263e-06,-6.575044642983154202e-06,-2.233318590070295010e-06,1.730202249583947876e-06,4.096220978702460863e-06,4.417532212832978145e-06,3.123939714494899886e-06,1.222030993772580651e-06,-2.311004304555809285e-07,-6.092403998203277317e-07,6.881380428420024030e-08,1.261109098825248588e-06,2.256347367902764627e-06,2.552697789033936859e-06,2.067657921102911806e-06,1.096387420629947824e-06,7.838270075602538961e-08,-6.721781426137973541e-07,-1.115382163600802730e-06,-1.441693019357134800e-06,-1.881214374263280425e-06,-2.495625536578130659e-06,-3.086770325055199509e-06,-3.282895547447979197e-06,-2.757397674715769404e-06,-1.456200180441574946e-06,2.984470668759190208e-07,1.894998910519659086e-06,2.676468365204083307e-06,2.224661310119918800e-06,5.476823271615171280e-07,-1.916776295179435561e-06,-4.478480018442689617e-06,-6.463519935023303603e-06,-7.450494452539477676e-06,-7.376201639051378806e-06,-6.483631595012407768e-06,-5.160360055311581296e-06,-3.758000083550915144e-06,-2.476437147853067937e-06,-1.350439452661238161e-06,-3.196331050629237462e-07,6.742970679123552788e-07,1.621533485879367879e-06,2.439799917056039633e-06,3.024291949580879009e-06,3.317245970499176290e-06,3.357876251249846346e-06,3.288629175032109119e-06,3.316564985117626272e-06,3.646384483572959001e-06,4.408199547287875732e-06,5.600839408074128546e-06,7.066281214717782753e-06,8.506268236639900101e-06,9.546555878932773471e-06,9.842943619549475532e-06,9.204991215107084408e-06,7.694513308238565321e-06,5.649401347273141424e-06,3.600528105290217492e-06,2.091016503536247043e-06,1.457839158637299754e-06,1.669396884837103795e-06,2.305640629333745272e-06,2.713326423180978918e-06,2.287412175277748160e-06,7.591405232662143009e-07,-1.648392621249116397e-06,-4.287130883418977550e-06,-6.361598978867690916e-06,-7.298001604473840968e-06,-7.028627527582666701e-06,-6.043341002536900825e-06,-5.166573632558939116e-06,-5.154672605103081799e-06,-6.306063474623478001e-06,-8.281881908314670492e-06,-1.023864526550003646e-05,-1.122082352914025797e-05,-1.062631797472978960e-05,-8.512779419538014187e-06,-5.585045644430993949e-06,-2.861357393998503363e-06,-1.180177463169167970e-06,-7.954028861300408677e-07,-1.268186574261792885e-06,-1.715080658218310070e-06,-1.288891817309788665e-06,3.548830049174281649e-07,2.850816565061858115e-06,5.290059172473359377e-06,6.681999396402823106e-06,6.475968207889456480e-06,4.870775433011032763e-06,2.744325736594524274e-06,1.230077993766997849e-06,1.151920766230234229e-06,2.607370691972036692e-06,4.917822928244506973e-06,6.978133006324264359e-06,7.831097999866944487e-06,7.172640600697949692e-06,5.524370868456786009e-06,3.978054249112375468e-06,3.636389007326414381e-06,5.033347077209723810e-06,7.832336023446454418e-06,1.096218901219767737e-05,1.312901087239300851e-05,1.344936979728715683e-05,1.188600742766656257e-05,9.264694791917070556e-06,6.861028162256164281e-06,5.762234786877856740e-06,6.321859810866268315e-06,7.977892074920240454e-06,9.522319001451130674e-06,9.685363399075504889e-06,7.744096165175105915e-06,3.858618309130699750e-06,-1.019903574456706204e-06,-5.610158717597247321e-06,-8.891974344029317348e-06,-1.053424776222242335e-05,-1.095886957351611991e-05,-1.102978202556459252e-05,-1.154428785127092246e-05,-1.279539070051393223e-05,-1.442661663344173166e-05,-1.564340632151738251e-05,-1.566124919653053170e-05,-1.415399282347594129e-05,-1.147239493572175465e-05,-8.524728897187546639e-06,-6.382298650516263876e-06,-5.805524767025144486e-06,-6.916751182016394898e-06,-9.164576971171598601e-06,-1.157819937000328268e-05,-1.317526738351328146e-05,-1.332848101390906626e-05,-1.193677114526638556e-05,-9.357114521744831862e-06,-6.171050044911122564e-06,-2.925676180314032161e-06,2.506477967191038639e-08,2.529768393078103976e-06,4.541567429278332664e-06,6.008381767529311283e-06,6.837128279718919137e-06,6.955747168864718316e-06,6.423808931066086054e-06,5.503276109307495773e-06,4.619346848817418640e-06,4.206428545164363114e-06,4.507815749923237662e-06,5.435847636065503719e-06,6.578025273686510933e-06,7.362929275804366891e-06,7.315451362673914713e-06,6.279484585064466898e-06,4.496606702259911454e-06,2.497738333357176283e-06,8.568869151152276867e-07,-7.504997200761104569e-08,-3.278611271101914004e-07,-2.852470826446567579e-07,-4.873550023976748941e-07,-1.357699946151928651e-06,-2.983623158795438952e-06,-5.051343467212003503e-06,-6.962327780429296417e-06,-8.074438993647573237e-06,-7.958393484645781712e-06,-6.559707748595321652e-06,-4.204484421500327396e-06,-1.458063145728337897e-06,1.094771982086658556e-06,3.055222730488462368e-06,4.325608364161962005e-06,5.102773168671253867e-06,5.767578577400042815e-06,6.721884710317526164e-06,8.233136537766387657e-06,1.033371809445365353e-05,1.279831627270114728e-05,1.519853006447344657e-05,1.701595868851758146e-05,1.778382730167818850e-05,1.722150053149241637e-05,1.532590974857311888e-05,1.239110404753592770e-05,8.943855590569108819e-06,5.607825040471499305e-06,2.934040373161483877e-06,1.250758320615769611e-06,5.824812415533772790e-07,6.647915803963898463e-07,1.047108482382653867e-06,1.244160352338250588e-06,8.826701269261118199e-07,-2.019997129838490405e-07,-1.939432949332198699e-06,-4.060039869138958911e-06,-6.168012721458545466e-06,-7.825865125638540361e-06,-8.637044706429754685e-06,-8.325264885949829855e-06,-6.810472304979894899e-06,-4.269628246085362214e-06,-1.154875051559679319e-06,1.862690694991962708e-06,4.037552416766504118e-06,4.758587655821747598e-06,3.757049057330677596e-06,1.228450313690082655e-06,-2.198458084266560625e-06,-5.656153686322008123e-06,-8.334789200801388050e-06,-9.765954054828625814e-06,-9.974183139889870024e-06,-9.427979349546705275e-06,-8.809413225486395859e-06,-8.704231684820193626e-06,-9.351901150629953147e-06,-1.056688023386569581e-05,-1.186071100869791864e-05,-1.269871783789289499e-05,-1.276262016926147928e-05,-1.209222503540999984e-05,-1.104388784607310022e-05,-1.009685905374021644e-05,-9.612699770269105017e-06,-9.670251430273440631e-06,-1.005230404744686859e-05,-1.037701648897748662e-05,-1.029297668305449786e-05,-9.630915623420373143e-06,-8.439135386682066134e-06,-6.901672635351667191e-06,-5.205393517790306568e-06,-3.445773503921032100e-06,-1.628451222452955566e-06,2.442735251998084862e-07,2.073572998984910881e-06,3.637064482847276884e-06,4.677498934307518965e-06,5.072362874428183336e-06,4.984324027757265127e-06,4.882698857239899474e-06,5.385040690146397058e-06,6.968373748886209192e-06,9.686606315326699623e-06,1.305128556628462280e-05,1.616700390714386119e-05,1.808763467603452109e-05,1.823835051331129149e-05,1.669781756661432590e-05,1.418866122448723807e-05,1.176183853624369287e-05,1.031496073348163235e-05,1.017570699384081922e-05,1.095820292997975486e-05,1.176943151595483017e-05,1.166809147876593880e-05,1.014887951019209091e-05,7.409166869853786476e-06,4.263193797704407372e-06,1.747292452842370797e-06,6.166904167311945466e-07,9.884998775227976499e-07,2.308081139943237951e-06,3.647446711293141739e-06,4.173232139634813003e-06,3.538008560670331682e-06,1.995984005803257364e-06,1.961930908265372356e-07,-1.219216523411430605e-06,-1.981348381908988796e-06,-2.319962587102047291e-06,-2.780503377419969276e-06,-3.841169536797154765e-06,-5.554756294390995293e-06,-7.431282168099406951e-06,-8.646239197787558637e-06,-8.475993196937452997e-06,-6.727119312043993304e-06,-3.916690382928379627e-06,-1.085372411610612494e-06,6.794004361355403087e-07,7.714387529840369303e-07,-6.321131451043117769e-07,-2.662119595576144112e-06,-4.206561945204276405e-06,-4.491288925627064469e-06,-3.490698465850303057e-06,-1.949053738366652829e-06,-9.933649959517400466e-07,-1.533173262820118672e-06,-3.758114944146212354e-06,-6.998264746905089642e-06,-1.002671539119527127e-05,-1.165428737477881344e-05,-1.131249257955247044e-05,-9.324032611962103890e-06,-6.719734103592912847e-06,-4.694670119401124997e-06,-3.983048194803101519e-06,-4.474290530918164910e-06,-5.269410706124751417e-06,-5.151223822218909875e-06,-3.230493215340939106e-06,5.590160213542517882e-07,5.366245367057667169e-06,9.776762308869373652e-06,1.243980845455976284e-05,1.266304637314853497e-05,1.069408022227263477e-05,7.569491047951395387e-06,4.624709623664293874e-06,2.913456789333460767e-06,2.809888155461388059e-06,3.956421519957768699e-06,5.540151376855630891e-06,6.726342688754082232e-06,7.023957488853285696e-06,6.422761225160062967e-06,5.278843798309118771e-06,4.056031430752949275e-06,3.086379293655326478e-06,2.472435640841207415e-06,2.150839868545717076e-06,2.036624966227985108e-06,2.128618694495826921e-06,2.496747274209192069e-06,3.161721758713741397e-06,3.958157066522524003e-06,4.492668483923119704e-06,4.255539787371446576e-06,2.849751500240293559e-06,2.218038444383468645e-07,-3.236294835910842314e-06,-6.783888419523844974e-06,-9.594059985409273802e-06,-1.106037863884338375e-05,-1.100412946867866903e-05,-9.692853547206846431e-06,-7.681107768229226008e-06,-5.572384648262627229e-06,-3.827994533409879237e-06,-2.702320753286566650e-06,-2.295917896058649433e-06,-2.644568142956140856e-06,-3.749970754530538336e-06,-5.513943166841899865e-06,-7.626139621591391809e-06,-9.515577325211323513e-06,-1.046261944771234150e-05,-9.878576399875457043e-06,-7.642306413793383519e-06,-4.309439198433688363e-06,-1.035164606365034770e-06,8.218286047109857044e-07,2.767395255924766760e-07,-2.782326850692973551e-06,-7.432652505351461904e-06,-1.201284237062993815e-05,-1.477967742196402034e-05,-1.464121598444102640e-05,-1.162360800221962124e-05,-6.840704605589292759e-06,-1.969418951008586765e-06,1.523851950533456383e-06,3.033231922741225397e-06,3.024182176439515574e-06,2.706582427247224720e-06,3.341393213949356374e-06,5.537690782984311745e-06,8.901672699294670062e-06,1.221889150524910986e-05,1.407663962323036786e-05,1.360577409436339373e-05,1.095800053516907273e-05,7.269072365349185114e-06,4.121721402820125452e-06,2.778831331584245442e-06,3.575214389264474692e-06,5.775055112273772691e-06,7.964224673504474982e-06,8.775145112586014889e-06,7.575843068126525030e-06,4.777757089094185726e-06,1.614299406562662717e-06,-4.892902922257874943e-07,-6.322305093127824643e-07,1.116977405492213543e-06,3.759934804150225775e-06,5.858703404917614064e-06,6.223892763960359112e-06,4.462047215169465536e-06,1.129373223019661434e-06,-2.556994532477740457e-06,-5.284847850151135594e-06,-6.207110257745707139e-06,-5.243205316822875839e-06,-3.017079949979543935e-06,-5.093693235214751395e-07,1.377945797032839865e-06,2.139348492036074854e-06,1.756101832118464847e-06,5.812905855612605385e-07,-8.652501319293596206e-07,-2.067609111087637868e-06,-2.590249620647420946e-06,-2.086520167991970286e-06,-3.129000539076542314e-07,2.798363118977843640e-06,7.026560522302148864e-06,1.179542005065398510e-05,1.624720549896789808e-05,1.948849461457305421e-05,2.093036432021814288e-05,2.056116339162270606e-05,1.898876159122641223e-05,1.718686006287873898e-05,1.603346814302999095e-05,1.585672415956085378e-05,1.622724006835616075e-05,1.613131381777605801e-05,1.447023323225848166e-05,1.065320164623178396e-05,4.982608241049044146e-06,-1.384057654568794834e-06,-6.906227453191791554e-06,-1.035328657064698222e-05,-1.138049700351184503e-05,-1.069332425295509239e-05,-9.702959628617664664e-06,-9.830399612368990219e-06,-1.179868696688730740e-05,-1.526686030752393266e-05,-1.899350751055106678e-05,-2.145376291770163503e-05,-2.160442710802618757e-05,-1.941485735486619656e-05,-1.589688862459249068e-05,-1.261764086057955064e-05,-1.093798895357674916e-05,-1.135586292897863325e-05,-1.327923239413680624e-05,-1.533750319877747213e-05,-1.607245500021751053e-05,-1.466545547668285708e-05,-1.134683444317897048e-05,-7.297152448018296412e-06,-4.102232449202781968e-06,-3.036348771916820035e-06,-4.517401420688194584e-06,-7.976483633261193638e-06,-1.217087807939290514e-05,-1.575614903765380325e-05,-1.782543071785734894e-05,-1.816855301723020082e-05,-1.716685150361492036e-05,-1.542991168950565560e-05,-1.339904990534137803e-05,-1.113391973700167898e-05,-8.377807724756835086e-06,-4.836068955709680090e-06,-4.889159311294362394e-07,4.248838061742564756e-06,8.615095466934358836e-06,1.179022969821101216e-05,1.323785596055743518e-05,1.292506479887066826e-05,1.132170699431121443e-05,9.195985964375815003e-06,7.321363579717488602e-06,6.237277230747284833e-06,6.155755438990174661e-06,7.013999508271158549e-06,8.596084360130938347e-06,1.062838424327069254e-05,1.279843130606403145e-05,1.472154471374855381e-05,1.593208099004003180e-05,1.596940886092093520e-05,1.456336183524645347e-05,1.183924295441027040e-05,8.413858940827608526e-06,5.279965944575641448e-06,3.473594032478117520e-06,3.640232100408461178e-06,5.695017313021394482e-06,8.758469033881896701e-06,1.143851742158773269e-05,1.236928985811306508e-05,1.078527696697990148e-05,6.875055885070266039e-06,1.745257097961446508e-06,-3.003182387484715510e-06,-5.908011987302218374e-06,-6.212653133272162662e-06,-4.122315010610236769e-06,-6.482468980830335497e-07,2.872171596399721295e-06,5.348272359624838736e-06,6.339524597679434143e-06,6.120427348000652621e-06,5.407003246137167019e-06,4.906432463624560448e-06,4.927212206907123624e-06,5.243739653019535155e-06,5.271873608722178871e-06,4.451456428742318060e-06,2.627902516958464037e-06,2.276363375184834180e-07,-1.872361672217381420e-06,-2.726392672948260109e-06,-1.772287019840808720e-06,8.643327875689988917e-07,4.363821514554409694e-06,7.514822129163060349e-06,9.192618144760666550e-06,8.802006356419835630e-06,6.493279071436216190e-06,3.066544027674674374e-06,-3.797224987736817175e-07,-2.891318611188740986e-06,-3.998892460974040581e-06,-3.822904870188488916e-06,-2.924586641086289843e-06,-1.998446807733748500e-06,-1.562235996793474603e-06,-1.783227121752916522e-06,-2.499525198945373989e-06,-3.395069221460212012e-06,-4.216752343072081272e-06,-4.913569893808654527e-06,-5.630570254710075152e-06,-6.573964638531211546e-06,-7.833673368341349211e-06,-9.270426689883490029e-06,-1.053721131029568675e-05,-1.123036039016158908e-05,-1.109362217860402063e-05,-1.016696671317675214e-05,-8.797409234461082465e-06,-7.498867926447461474e-06,-6.726169921523481311e-06,-6.674228138557521094e-06,-7.202714388837391783e-06,-7.923759037950546947e-06,-8.406923368143871925e-06,-8.394859173315984691e-06,-7.917002508674824332e-06,-7.241957457956605571e-06,-6.695537528032688979e-06,-6.446033263183535789e-06,-6.380766308661319420e-06,-6.153658427877165422e-06,-5.392351465951288987e-06,-3.961391127733831643e-06,-2.134596988102736146e-06,-5.621935956782505662e-07,-1.587344465423306325e-08,-1.012086915174909430e-06,-3.491162520100601380e-06,-6.723841959398463946e-06,-9.523122491107968631e-06,-1.069761778411729035e-05,-9.559598530251693603e-06,-6.258381293034349608e-06,-1.773985970362671143e-06,2.447468955810531339e-06,5.071981110946100414e-06,5.421744328056504700e-06,3.745338450706233507e-06,1.093038318193558078e-06,-1.147211351207621742e-06,-1.844862008260433563e-06,-5.872111382317374419e-07,2.195212346050527912e-06,5.481686376401954498e-06,8.161407837067864132e-06,9.539381946304068772e-06,9.612630053433051256e-06,8.998189158667834172e-06,8.564633637299972550e-06,8.959865858751906909e-06,1.027242151716367315e-05,1.199184575368578366e-05,1.328263425797753506e-05,1.343048622191358378e-05,1.223501136369956662e-05,1.014981535924052022e-05,8.094820693413853078e-06,7.025827255938941114e-06,7.465202410131362281e-06,9.218684816371941815e-06,1.141757403256975798e-05,1.287474524689537796e-05,1.259834527588196390e-05,1.023537538267992450e-05,6.249712688816513431e-06,1.757900798271595471e-06,-1.904759723242506028e-06,-3.702721810304154132e-06,-3.289471847475490902e-06,-1.116373324578923962e-06,1.768765781109145672e-06,4.138304570600248309e-06,5.044641579810632663e-06,4.149069795729254312e-06,1.810152708165170600e-06,-1.079377411707020201e-06,-3.428169131494741776e-06,-4.325649663914139960e-06,-3.338431789704719654e-06,-6.396955154193938853e-07,3.051214433141176097e-06,6.685039635968603607e-06,9.183538847306064586e-06,9.740494075641349588e-06,8.045389318526362878e-06,4.374485310728023625e-06,-4.739929099710004431e-07,-5.386412194239785479e-06,-9.230884150860545130e-06,-1.116592254174371063e-05,-1.087253615549435093e-05,-8.638525283860473545e-06,-5.265323665496385860e-06,-1.822905166953175331e-06,6.714658112035664900e-07,1.548455703125889862e-06,6.622589086859956901e-07,-1.605516503358336613e-06,-4.506396355169117088e-06,-7.187584559771824056e-06,-8.963150396253384038e-06,-9.503886747149259133e-06,-8.890233988621716328e-06,-7.523621919811350679e-06,-5.940094578622303795e-06,-4.599874743826164770e-06,-3.729351791543842968e-06,-3.269173209860874827e-06,-2.942744231922624544e-06,-2.416560851963795008e-06,-1.490640071029781631e-06,-2.441372703027041224e-07,9.269020031681009228e-07,1.407609694368860923e-06,5.770702697247628826e-07,-1.932779715018220259e-06,-6.028620172346840599e-06,-1.108835754120601920e-05,-1.608290961248482083e-05,-1.986673934627520449e-05,-2.154682649204589740e-05,-2.079752065029379050e-05,-1.799571626758220572e-05,-1.411015254215897710e-05,-1.037090527272084595e-05,-7.834204202306642963e-06,-7.005398811009584083e-06,-7.666103834899372279e-06,-8.973973509906765192e-06,-9.795802056064212008e-06,-9.141841822032336078e-06,-6.531118153688724313e-06,-2.150323648235766750e-06,3.242440612145176377e-06,8.612825866529307881e-06,1.301268022572552914e-05,1.586353011749431203e-05,1.706339354820524357e-05,1.690462675466932561e-05,1.587133498962389118e-05,1.442487924253087836e-05,1.287105731358214790e-05,1.134596857343027718e-05,9.891750226403276162e-06,8.552275296496969064e-06,7.420907025946732044e-06,6.612012423167451883e-06,6.180236019479769661e-06,6.046477861626194193e-06,5.988145162872021719e-06,5.715267866239076160e-06,5.004096458893206134e-06,3.823624325347235388e-06,2.387986375090921857e-06,1.100550432428109374e-06,4.068514972254486162e-07,6.172761195035960102e-07,1.775115099705472552e-06,3.625070298465603281e-06,5.692859716956733176e-06,7.440263820866565726e-06,8.432841486246836309e-06,8.459491451155597066e-06,7.569255017193456694e-06,6.026093646599168900e-06,4.210266582260402766e-06,2.505706492179953250e-06,1.206942040571512474e-06,4.645563871112078509e-07,2.739667214115055211e-07,5.032156887159425855e-07,9.505208961151827547e-07,1.417836143741918204e-06,1.780883088017571726e-06,2.031880235233415558e-06,2.274453848805505328e-06,2.665001790026818581e-06,3.318378194100322747e-06,4.217775218851200539e-06,5.175631660001065690e-06,5.875886117698622900e-06,5.991367127443889107e-06,5.329633852281091434e-06,3.937853759741815888e-06,2.107978301579681329e-06,2.670456286836296195e-07,-1.205010506186359634e-06,-2.145407223600407741e-06,-2.679421975980078435e-06,-3.148446249962346058e-06,-3.921926999711595648e-06,-5.182596076446449784e-06,-6.795201728862124628e-06,-8.333439948432354606e-06,-9.262490777195305197e-06,-9.193507821856070409e-06,-8.084265969961282813e-06,-6.281613305530552225e-06,-4.378594693527308515e-06,-2.954027456908555570e-06,-2.325243848533363111e-06,-2.440524001916650056e-06,-2.965584460292198827e-06,-3.514202403093997883e-06,-3.891840709704996452e-06,-4.208753975753267099e-06,-4.786463673836953761e-06,-5.896798651124991886e-06,-7.475700635065236075e-06,-8.986818177522970269e-06,-9.548279563018262245e-06,-8.304567023494870942e-06,-4.887959156742251694e-06,2.572616479868749181e-07,5.876330045843898504e-06,1.028153735234332502e-05,1.197909667353789335e-05,1.028748450620418797e-05,5.671100754094384658e-06,-3.769332061241430651e-07,-5.876514308098440687e-06,-9.112247789401412519e-06,-9.283576662499419711e-06,-6.782185591871186071e-06,-2.985786172696935415e-06,3.349424369317857959e-07,1.737900774816733910e-06,6.564781339233461324e-07,-2.443378563852788994e-06,-6.334982238699972421e-06,-9.588203097304152234e-06,-1.116021811877298381e-05,-1.077486224838521726e-05,-8.956085659985757745e-06,-6.737327642087938922e-06,-5.198872470780355975e-06,-5.036676924672801796e-06,-6.326925816474482432e-06,-8.550133289090621982e-06,-1.082875816939006774e-05,-1.226032302555996262e-05,-1.221591447903629612e-05,-1.051305296006992577e-05,-7.433397134092134987e-06,-3.608932319481081155e-06,1.718461320326361709e-07,3.182473169391953905e-06,4.954191233800937203e-06,5.408595877180095673e-06,4.892402846058465922e-06,4.090785880622008794e-06,3.822373081881833402e-06,4.760768611395743928e-06,7.169525744619803578e-06,1.075567075140028711e-05,1.472149950399517646e-05,1.802470625149732301e-05,1.976694079731265011e-05,1.956133524937217239e-05,1.771857848945337721e-05,1.515335643521050133e-05,1.302820814089182525e-05,1.227096295429760417e-05,1.316866608666481310e-05,1.521943009561247336e-05,1.731800176394486502e-05,1.820565926007795842e-05,1.699610953769718855e-05,1.355225543916476111e-05,8.552782627454051442e-06,3.224083545895780643e-06,-1.140596400523008540e-06,-3.663998343890991427e-06,-4.167151049242714203e-06,-3.147496225911506241e-06,-1.489737517914757404e-06,-6.150797610873235176e-08,6.165402925002764929e-07,4.897814755278874360e-07,-1.459416343820667244e-07,-9.041420081223724114e-07,-1.561462570241391432e-06,-2.174724494855579329e-06,-3.014261206534981537e-06,-4.367508779042703890e-06,-6.332272772554457854e-06,-8.717377112528162044e-06,-1.110418265508709595e-05,-1.303264408053236887e-05,-1.420878888620572137e-05,-1.462134542656373380e-05,-1.450673466134479133e-05,-1.418470527671412414e-05,-1.385661549747800634e-05,-1.347796421783353512e-05,-1.277664571031509774e-05,-1.141046350660650166e-05,-9.182949216273841105e-06,-6.204216450993268942e-06,-2.909676999433731226e-06,8.007349864503573119e-08,2.196322766941918681e-06,3.147144619868188524e-06,3.027624941002961418e-06,2.268300408034445601e-06,1.450046167266849852e-06,1.071854969196717134e-06,1.372536989895233797e-06,2.274824321697919403e-06,3.460150948885822261e-06,4.525433070663927940e-06,5.145579582235967459e-06,5.176061966545665162e-06,4.667841928420524820e-06,3.809695799460892049e-06,2.839206111170739077e-06,1.964287342402157706e-06,1.318074740345417904e-06,9.467551773022567357e-07,8.169721834152514110e-07,8.318130092041611898e-07,8.556737650287454767e-07,7.560883234598729748e-07,4.655680132847320289e-07,4.930733430452357128e-08,-2.536794650994370067e-07,-5.297388427500426577e-08,1.088407137798425307e-06,3.484680253033910234e-06,7.150324055613363323e-06,1.169206253889347798e-05,1.633251455642403886e-05,2.008192763932264581e-05,2.201368768866143199e-05,2.155110227699750031e-05,1.866037033384547605e-05,1.387536194653893655e-05,8.141955726399366556e-06,2.537081970798901839e-06,-2.037942042747780001e-06,-5.086159220562479415e-06,-6.597793267497431950e-06,-6.976932437255520928e-06,-6.856689367704859318e-06,-6.878241020712438349e-06,-7.507647310104588035e-06,-8.936885565773308875e-06,-1.107796502455229919e-05,-1.362801025608167149e-05,-1.616888710041415136e-05,-1.826773942440875639e-05,-1.955775011560414515e-05,-1.979239518548196706e-05,-1.887509186373181926e-05,-1.686813903111136973e-05,-1.398290178629819870e-05,-1.055114927033661161e-05,-6.977779357388909991e-06,-3.678080956507393850e-06,-1.006956550096245168e-06,8.082889640892174982e-07,1.716979055719212684e-06,1.860591964482945249e-06,1.542744094275352978e-06,1.150703467696121564e-06,1.040647511337344756e-06,1.416575613815137145e-06,2.245452798068837115e-06,3.249681335741641447e-06,3.996886717197719302e-06,4.069548768243292049e-06,3.256839525897032888e-06,1.687831361368364789e-06,-1.645888472096849845e-07,-1.633214299296223491e-06,-2.116043336610142203e-06,-1.343717306308585788e-06,4.662669574618499340e-07,2.652999921151451480e-06,4.355202267210071900e-06,4.862302408028834130e-06,3.922429377531565765e-06,1.863813861728704603e-06,-5.362528942431038196e-07,-2.385281433832182493e-06,-3.063608753856179286e-06,-2.485720314021161398e-06,-1.108983834397544226e-06,3.163814033720456020e-07,1.134593598062006596e-06,1.115814277783335422e-06,5.623648744038511873e-07,1.309713874630912719e-07,4.574664929909245349e-07,1.776618873082931538e-06,3.740634021050443227e-06,5.545538114665604075e-06,6.319116624766817594e-06,5.584784057567269358e-06,3.565061686247461632e-06,1.156078827698704978e-06,-4.388246650979334624e-07,-2.584978322867450734e-07,1.939670357422296086e-06,5.507891773525010438e-06,9.133867010741784329e-06,1.137175803801844049e-05,1.124210403390606609e-05,8.633084257708610341e-06,4.330449257278150724e-06,-3.229343382402628612e-07,-3.969879413743526856e-06,-5.735172731440978935e-06,-5.466881334124690413e-06,-3.649659709236308463e-06,-1.075983999915988872e-06,1.535783768327810607e-06,3.787340748995340096e-06,5.615649769382673053e-06,7.115859071657288461e-06,8.310044826229921833e-06,9.015767800620878768e-06,8.897633113836738423e-06,7.671129937575263047e-06,5.335636314621728551e-06,2.292756981156715500e-06,-7.335083271764390551e-07,-2.951690142595786109e-06,-3.815504521674163610e-06,-3.244838771911748355e-06,-1.650923007435159436e-06,2.422342009759772572e-07,1.692508835786867418e-06,2.216046291187225979e-06,1.732478649880668290e-06,5.382700928405838812e-07,-8.517029399409114125e-07,-1.906507282007914071e-06,-2.241590268724228115e-06,-1.700742034475749489e-06,-3.668631886625486564e-07,1.464206679331617929e-06,3.323022718196674512e-06,4.625634549533253072e-06,4.779365574023267346e-06,3.349301142362413179e-06,2.544995566071552150e-07,-4.086916874364463673e-06,-8.761314594606100861e-06,-1.256849115864375895e-05,-1.440269325580997522e-05,-1.367438753514051863e-05,-1.059032311683875792e-05,-6.143077445497968047e-06,-1.776391983436473835e-06,1.159028763772483548e-06,1.934946971276915528e-06,7.245645697790934155e-07,-1.503357551200061288e-06,-3.437506053457984313e-06,-4.023759804476792944e-06,-2.938030243980238394e-06,-7.137144361494881872e-07,1.534298711242422474e-06,2.657036875162162096e-06,2.030007784132804085e-06,-1.414313594745963154e-07,-2.912212070022221268e-06,-5.036731700559906351e-06,-5.546376619996119166e-06,-4.193230230057066842e-06,-1.556246501622443897e-06,1.231427831167931087e-06,2.998772616769366979e-06,3.054635764526229887e-06,1.474226531371413362e-06,-9.625703942266311520e-07,-3.135752843110770146e-06,-4.076164606114328879e-06,-3.363789551636285842e-06,-1.272084925123404989e-06,1.380110490723620530e-06,3.581084945807060431e-06,4.521071084023931578e-06,3.870844805421145699e-06,1.853867407480011011e-06,-8.848254503764938382e-07,-3.534729131320013407e-06,-5.392847348663209514e-06,-6.062021778373773358e-06,-5.527358947225446351e-06,-4.110687130694065563e-06,-2.335911935944423672e-06,-7.527820789698007534e-07,2.316938474614694897e-07,4.697315968807712529e-07,1.028566503635730968e-07,-5.095526499830085565e-07,-9.480124849961910432e-07,-9.260249278397767422e-07,-4.418653346727913750e-07,1.854803726352172347e-07,4.321895646723784733e-07,-1.922378270311085407e-07,-1.878895206541402810e-06,-4.350102253160418395e-06,-6.884825132944706678e-06,-8.557443242246043970e-06,-8.608289334518225640e-06,-6.791165015566078179e-06,-3.536319065766399587e-06,1.626219653783037780e-07,3.109818500616558718e-06,4.373560112900482505e-06,3.659773169062370492e-06,1.428695196938818197e-06,-1.298793844369195900e-06,-3.361573421677747662e-06,-3.921763627023814081e-06,-2.771489162411404248e-06,-3.580087320630911635e-07,2.467844201948192868e-06,4.851647622625456341e-06,6.295881226012559401e-06,6.822394753521931561e-06,6.879233202638235177e-06,7.055997590038571146e-06,7.756470085375226267e-06,8.986983167340329497e-06,1.035390066233038706e-05,1.125898589008923361e-05,1.118920028467361918e-05,9.960135268640441794e-06,7.803417491638168740e-06,5.268283605389342669e-06,2.994872031430313687e-06,1.470172732844052343e-06,8.749743438206299614e-07,1.077714532687753122e-06,1.757899243569956021e-06,2.583925874301747433e-06,3.353494603587815629e-06,4.033529972797661400e-06,4.693244674589497104e-06,5.379536313777429524e-06,6.011833241447049978e-06,6.361817522255899292e-06,6.139058967799448470e-06,5.148052174101361299e-06,3.441468111758789526e-06,1.387693606861454913e-06,-3.978023375461897498e-07,-1.250227442214805363e-06,-7.154261554874583256e-07,1.231302895863006917e-06,4.106234418941921690e-06,7.029326801100119191e-06,9.004360395296590427e-06,9.271698130640301309e-06,7.598706283263728588e-06,4.386240569390004171e-06,5.354552312140475719e-07,-2.885669035346991042e-06,-5.050622456193727142e-06,-5.693198977598726053e-06,-5.201730328012174833e-06,-4.442942219968718761e-06,-4.383718844758451318e-06,-5.668541567033787861e-06,-8.333857813873244504e-06,-1.178445209596738020e-05,-1.504326494715010741e-05,-1.716482732820240995e-05,-1.762883923691559954e-05,-1.653932801629272884e-05,-1.454350117532980106e-05,-1.251259239655240207e-05,-1.113523710248493974e-05,-1.061165418917675812e-05,-1.058681637423135552e-05,-1.034723635397519735e-05,-9.183314942232437714e-06,-6.745313531412269238e-06,-3.229452166475395626e-06,6.852162095746829001e-07,4.111191217088505973e-06,6.306452476435656649e-06,6.948823523918184731e-06,6.219329328556059749e-06,4.677930465048393963e-06,3.008401768195071185e-06,1.757071806769835724e-06,1.174722603534785785e-06,1.207106894240131376e-06,1.604598683780569920e-06,2.073935349936704055e-06,2.394410625120315738e-06,2.459589452826519491e-06,2.255873089547810484e-06,1.820707680193528927e-06,1.220503568931152454e-06,5.585379226145031894e-07,-1.025967656300109632e-08,-2.934439979475533178e-07,-1.224053908523573717e-07,5.573730194699047759e-07,1.616325963241399879e-06,2.742578708306049160e-06,3.534853846556453107e-06,3.655268432558492249e-06,2.971074047620890190e-06,1.611275995476491387e-06,-9.652273280930970372e-08,-1.780736625805141380e-06,-3.191541013264765425e-06,-4.287276780710639109e-06,-5.191830128952972223e-06,-6.045383566687864933e-06,-6.835356396308117161e-06,-7.313728153909676025e-06,-7.066730153594183490e-06,-5.721045241608846483e-06,-3.189610621458811716e-06,1.752047408890811411e-07,3.619960133551111588e-06,6.229726306597302402e-06,7.276768791010694127e-06,6.524044626645422607e-06,4.340643908905573966e-06,1.568604778630696787e-06,-8.052031683211744468e-07,-2.028006715652647152e-06,-1.844611212865471691e-06,-5.358494157091232972e-07,1.270682752778841790e-06,2.915975729248938385e-06,3.997889895633009490e-06,4.503023941125876978e-06,4.736561457274856204e-06,5.104113081357243228e-06,5.865698422543198849e-06,6.984874220418435870e-06,8.139122065498816458e-06,8.873740845236756817e-06,8.814088610388041888e-06,7.831492163215399580e-06,6.091079770699772985e-06,3.973181200341800576e-06,1.919062027580587697e-06,2.783024512112075010e-07,-7.790371879762344625e-07,-1.263548444724821156e-06,-1.302008941442749330e-06,-1.051519561039829743e-06,-6.326263478996494208e-07,-1.001357496271771749e-07,5.522386567965503350e-07,1.367609206514888863e-06,2.392798026578861917e-06,3.639038283347850040e-06,5.037937085048880822e-06,6.404037762920617649e-06,7.428951477059540062e-06,7.734887655900154674e-06,6.996600570853721344e-06,5.103015840023777024e-06,2.291532610794996243e-06,-8.252688618964743415e-07,-3.391775163191928009e-06,-4.584538272449858167e-06,-3.937722936239512742e-06,-1.579414608219313260e-06,1.745213727175399310e-06,4.907097669748746535e-06,6.810989892393506794e-06,6.830217334120420810e-06,5.065555237146236405e-06,2.300543915657018039e-06,-3.418752178333396030e-07,-1.896260127664694122e-06,-1.980336092117942954e-06,-9.487775223346582843e-07,3.033770424702836219e-07,8.005713479334864674e-07,-7.278627818992433142e-09,-1.939066778125456773e-06,-4.133790896208949616e-06,-5.446550383494808467e-06,-5.008513602678136685e-06,-2.684545182059856517e-06,7.965141556451354588e-07,4.112571448233203414e-06,5.903161096030461832e-06,5.353423566444790131e-06,2.533991522566630482e-06,-1.663748388632554287e-06,-5.966473864953174246e-06,-9.322706893149545392e-06,-1.138232087637063216e-05,-1.262041062838595344e-05,-1.404372712388962698e-05,-1.661914363641794654e-05,-2.070075105429567525e-05,-2.573905151004473969e-05,-3.042742889801050983e-05,-3.323651448319046414e-05,-3.310143405035234203e-05,-2.994726601841619107e-05,-2.480270161071726522e-05,-1.943274388227679092e-05,-1.563671332044284129e-05,-1.451027928232163771e-05,-1.599068096920626010e-05,-1.888334471593735949e-05,-2.135975627322215061e-05,-2.171328394885204815e-05,-1.905103780560060060e-05,-1.363224411312878706e-05,-6.720625131174172289e-06,-2.901043325605728448e-08,4.994189149235047300e-06,7.728660465104420800e-06,8.565015303664350258e-06,8.650243300494756755e-06,9.331425627949584953e-06,1.155774611008205047e-05,1.550461278841261598e-05,2.056946954322744900e-05,2.571236455142732847e-05,2.995812564699999313e-05,3.281238879460147734e-05,3.439821265955762537e-05,3.526501933117293558e-05,3.598624914714866949e-05,3.676666787359848012e-05,3.727387457286519200e-05,3.679373666276794123e-05,3.464154532897556211e-05,3.062202998492867631e-05,2.529217608499596752e-05,1.986458624564362848e-05,1.575983149041088293e-05,1.399360516362859452e-05,1.468145954846825439e-05,1.690868362817897627e-05,1.905556971666756612e-05,1.945862111545526070e-05,1.712427703845498928e-05,1.217381869175832949e-05,5.809497589571186150e-06,-1.945706645287902293e-07,-4.254962598769408287e-06,-5.652798110436861088e-06,-4.813180570322255763e-06,-3.063790667316858851e-06,-1.986352699931608544e-06,-2.663587513798511639e-06,-5.172560393737691197e-06,-8.559431365446382880e-06,-1.130464289527776371e-05,-1.205811271959438407e-05,-1.029935375006270094e-05,-6.615847617224431203e-06,-2.474777937499145415e-06,3.994101276616478607e-07,7.494339428074730814e-07,-1.718798437987953931e-06,-6.281052497141013877e-06,-1.157972686937702730e-05,-1.624436881558924346e-05,-1.944623132362596800e-05,-2.113737714740248852e-05,-2.189391490703774263e-05,-2.248093441110975829e-05,-2.338462847666197326e-05,-2.455480287903674165e-05,-2.547599544484035631e-05,-2.550687526101377831e-05,-2.428914573177115750e-05,-2.199850515112194659e-05,-1.930203097819315438e-05,-1.704663036130013755e-05,-1.584591148117092682e-05,-1.578358155602472952e-05,-1.638603112162827994e-05,-1.687252298478150581e-05,-1.654635203799375098e-05,-1.512108006125867152e-05,-1.281724964460400644e-05,-1.019218405716773083e-05,-7.808713066597766449e-06,-5.930898079451901987e-06,-4.413201925206793400e-06,-2.837858363704531320e-06,-8.157181576907208381e-07,1.724865498867708585e-06,4.429289285490959863e-06,6.655711759053570236e-06,7.791331040480386472e-06,7.575943412131008148e-06,6.256834455031536001e-06,4.490093718594208735e-06,3.041465137969027792e-06,2.448606534613089575e-06,2.825581946531787658e-06,3.908387923676569316e-06,5.302399512916260285e-06,6.775986620503382538e-06,8.416066771142758550e-06,1.053995615865846000e-05,1.340252858435179516e-05,1.686829045809733069e-05,2.025858537532969602e-05,2.250546538653444342e-05,2.258162368287440827e-05,2.001455224470636678e-05,1.522191647811517336e-05,9.469672572855185823e-06,4.429971536220143885e-06,1.517079466986441969e-06,1.302961351483575496e-06,3.291990131117598962e-06,6.171119099204508502e-06,8.425093468527639315e-06,9.028111215634440100e-06,7.884170929570957531e-06,5.810004461764088353e-06,4.077982256228586845e-06,3.750876885731957867e-06,5.139063929819899491e-06,7.644985798892372939e-06,1.006367029861219341e-05,1.118116800682417658e-05,1.036879213506641638e-05,7.880503742720482412e-06,4.715665889087212891e-06,2.128480417995887595e-06,1.036926153838237863e-06,1.623104899565267072e-06,3.308340083159018128e-06,5.090551752312253099e-06,6.051333491491508260e-06,5.767145570032081525e-06,4.426017858750081386e-06,2.617283005355108812e-06,9.360762080084348706e-07,-3.654609114488995769e-07,-1.486824012546481693e-06,-2.896324569585510877e-06,-4.971570748652659375e-06,-7.677379114131258566e-06,-1.047488980256068703e-05,-1.252792995988843072e-05,-1.310766085566552297e-05,-1.198382184728119851e-05,-9.591372687274535134e-06,-6.875058990669058763e-06,-4.881042341257976278e-06,-4.296132310483496503e-06,-5.162372738711845545e-06,-6.904177945235025217e-06,-8.645171181708474666e-06,-9.646321431973443932e-06,-9.641014819888264997e-06,-8.903437683744595075e-06,-8.029936410765106780e-06,-7.562539409384419267e-06,-7.661837081001597719e-06,-8.004272379682639556e-06,-7.956177661020323195e-06,-6.929680025839155304e-06,-4.730852061732748244e-06,-1.715850313641583649e-06,1.329125016514414137e-06,3.527244535065699857e-06,4.304030818454237072e-06,3.644844225783411078e-06,2.098409718914311071e-06,5.329163536770312533e-07,-2.338231203597065971e-07,2.409068882801854148e-07,1.881405641799751489e-06,4.173017948272246549e-06,6.402348425137295885e-06,7.934767667105394146e-06,8.410224964160768434e-06,7.796902932206355746e-06,6.317518299258262533e-06,4.314965824339710072e-06,2.131089008238343803e-06,4.072469807708180350e-08,-1.761040056320770096e-06,-3.148868146391315143e-06,-4.063878037265755758e-06,-4.523416106416701615e-06,-4.626195496466342916e-06,-4.529590586388278373e-06,-4.393620684512611446e-06,-4.314170799538734743e-06,-4.284711599674205265e-06,-4.216093284582326632e-06,-4.010428898254098210e-06,-3.647615313989735962e-06,-3.227111003803773898e-06,-2.927530769241080023e-06,-2.894848231186573353e-06,-3.119393682738307690e-06,-3.380853028969047165e-06,-3.312587472019236257e-06,-2.572338022394471703e-06,-1.039925624936098438e-06,1.066441975933372051e-06,3.233272873114050643e-06,4.853222028838171542e-06,5.496105194363621697e-06,5.113582625684558072e-06,4.065379730263822836e-06,2.942468869736001576e-06,2.270259664171815022e-06,2.244268834623299435e-06,2.640934849795514377e-06,2.957608880921358698e-06,2.712584622205564724e-06,1.744488480248097344e-06,3.428952462141857207e-07,-8.725856317598604330e-07,-1.271579398475255835e-06,-5.635865900175586202e-07,1.014292730272077851e-06,2.787658948051997828e-06,3.980474525587942579e-06,4.124996654616189613e-06,3.322926414339513125e-06,2.203013657912925132e-06,1.578476725072469772e-06,1.974126778977152688e-06,3.277390901983515452e-06,4.718500008180588948e-06,5.221289749251105743e-06,3.968669340311205797e-06,8.995342674817112658e-07,-3.131608270258954429e-06,-6.644723895069429656e-06,-8.162970078629301973e-06,-6.891186235106066652e-06,-3.116559460264305887e-06,1.871335199620031798e-06,6.314595325162448584e-06,8.728576211164069387e-06,8.504490714003635086e-06,6.097447015079360456e-06,2.730173099584828883e-06,-2.211599341128204759e-07,-1.845452564505938743e-06,-2.020439500337847023e-06,-1.307420769444485437e-06,-5.093040778738099951e-07,-1.538856079838075224e-07,-1.900740461411951711e-07,-5.703962479728870650e-08,9.235826393338405196e-07,3.060691293268704948e-06,5.992047517354804179e-06,8.747227510628450937e-06,1.015673794256377272e-05,9.401231131519570264e-06,6.417820516161541972e-06,1.954430151207629034e-06,-2.753109135413608464e-06,-6.512225996339158718e-06,-8.642870211697258376e-06,-9.158645958459478025e-06,-8.595647104358595741e-06,-7.614591585759277984e-06,-6.615494127532900611e-06,-5.581251209441452155e-06,-4.222957680973868361e-06,-2.318275390217009190e-06,-1.823530274762932077e-08,2.085971110565490247e-06,3.204229274406498582e-06,2.778754847421705283e-06,8.620229723123479191e-07,-1.791846559295197288e-06,-4.009496585231808463e-06,-4.736239412958310944e-06,-3.558856983778508247e-06,-9.314358007061183681e-07,2.034395668568122271e-06,4.126762081795659566e-06,4.659667792497559533e-06,3.839337315393783680e-06,2.665583010088754584e-06,2.400545441139844416e-06,3.866695382506381017e-06,6.936007183917238076e-06,1.048628555504624725e-05,1.286874123061071328e-05,1.267031616246788366e-05,9.399239033948411114e-06,3.754171163769374097e-06,-2.658506964529348051e-06,-8.021794503369247996e-06,-1.107954232279363892e-05,-1.161268538821925251e-05,-1.040693415244640294e-05,-8.758090548099278262e-06,-7.789072262573642117e-06,-7.933001743817262466e-06,-8.832009311940967943e-06,-9.671414783335749676e-06,-9.737606237627655884e-06,-8.877208422541418967e-06,-7.600803721036297459e-06,-6.777631961847442404e-06,-7.096769739465663132e-06,-8.601322183109761732e-06,-1.056505839090644036e-05,-1.179638589400198810e-05,-1.122232553967708055e-05,-8.450196427130895243e-06,-4.010386093910360540e-06,8.527444593679506093e-07,4.739921591583063814e-06,6.722572234515366703e-06,6.719231860901741885e-06,5.440204430682780764e-06,3.945339617763309858e-06,3.060585817156085810e-06,2.967235537709537262e-06,3.178537672481427274e-06,2.905732447319951922e-06,1.603584132798149217e-06,-6.127227422507735180e-07,-2.919635077293058622e-06,-4.148769754700523525e-06,-3.381795083931117503e-06,-4.671743447459819717e-07,3.817700857169743634e-06,8.056625007141697442e-06,1.080305447596170690e-05,1.120949185002467648e-05,9.369609536713986001e-06,6.212041328675924647e-06,3.012616019912979066e-06,7.820361093614324532e-07,-1.591171411647056260e-07,-2.130952468982229689e-07,-1.512789289816890218e-07,-5.833374515455592032e-07,-1.548226474405272398e-06,-2.455992186348485977e-06,-2.417426843724498618e-06,-7.861657478342918071e-07,2.383207238761370921e-06,6.222664317766869530e-06,9.371228035036858114e-06,1.059087920031865341e-05,9.380066287170034646e-06,6.274650649553163607e-06,2.670264775866953779e-06,2.304719678152052211e-07,1.481600372423188942e-07,2.603101907643874575e-06,6.669417960238144133e-06,1.071634141392484519e-05,1.311615120474850302e-05,1.293413189711971831e-05,1.029119369252607885e-05,6.249192525871192144e-06,2.292872767165621724e-06,-3.365231591784238603e-07,-1.145805237023278313e-06,-5.137766119387063972e-07,5.956578447579393111e-07,1.168667826326777579e-06,6.559658323129583304e-07,-7.770313299185334009e-07,-2.369480819566847914e-06,-3.178366958757509745e-06,-2.574528764959419637e-06,-5.806795420573756977e-07,2.104574403964241279e-06,4.399298200149745891e-06,5.303166774320355765e-06,4.318251230040386664e-06,1.640514782697440205e-06,-1.948756008899282558e-06,-5.423018656574990865e-06,-7.915127631066661281e-06,-9.005012232309118404e-06,-8.778838657699245668e-06,-7.664158103118370725e-06,-6.149847838868834802e-06,-4.543588830961543683e-06,-2.886071249797872835e-06,-1.050871506518804871e-06,1.041031942079029129e-06,3.223195039102909646e-06,5.024735958405005981e-06,5.801489148520616391e-06,5.009350369016238166e-06,2.494061379615465740e-06,-1.346897905782582099e-06,-5.624090462944023718e-06,-9.234228471878338520e-06,-1.125375862392777136e-05,-1.128855374482419242e-05,-9.632644771725259035e-06,-7.165090297566254308e-06,-5.021049038696948962e-06,-4.164964906200563323e-06,-5.032094215898327086e-06,-7.374855022556332939e-06,-1.036718314624999594e-05,-1.291921440890569726e-05,-1.407726088322975215e-05,-1.335902472196454576e-05,-1.090704119460924969e-05,-7.416970925082130620e-06,-3.880297927336813899e-06,-1.242119780055595541e-06,-9.498872522883422197e-08,-5.074140505861740528e-07,-2.033739961484691009e-06,-3.891062105185935560e-06,-5.238051203815968860e-06,-5.462919135551589857e-06,-4.388133532125118255e-06,-2.325869024693319246e-06,3.639991995410483928e-08,1.887190073662084150e-06,2.598585134915645218e-06,1.983256171068478027e-06,4.017291472437923487e-07,-1.334239567530406241e-06,-2.244137586605573508e-06,-1.553749314936192270e-06,9.780212397588880121e-07,4.916522993747921767e-06,9.266051494999608687e-06,1.281401579712811465e-05,1.457788524451820550e-05,1.417602911177445633e-05,1.196601806635447182e-05,8.887075431548168732e-06,6.069671643577796999e-06,4.378693532443265831e-06,4.088133196994554336e-06,4.827077332484742827e-06,5.813149137457779092e-06,6.257176553063971277e-06,5.744729082584870813e-06,4.414774012969451046e-06,2.857045204573105877e-06,1.788805452017028758e-06,1.679826547596481921e-06,2.517307575861839161e-06,3.828069179302775248e-06,4.941054739925119474e-06,5.347633745250450875e-06,4.965747651543123358e-06,4.164540381664927163e-06,3.533926148818432605e-06,3.522515415601147181e-06,4.143702938553583562e-06,4.920644933183497190e-06,5.117892807394044395e-06,4.152407389190074890e-06,1.970828284960246043e-06,-8.180480725819193016e-07,-3.152137354832789709e-06,-3.990174435544533814e-06,-2.831107529093419245e-06,-1.968284913815868025e-08,3.330167327327667561e-06,5.782240335177593777e-06,6.200832293412987145e-06,4.261392252594663538e-06,6.058218681332327845e-07,-3.436527522316155616e-06,-6.435777583845314280e-06,-7.483619562376281085e-06,-6.562298595620631977e-06,-4.495218092109146708e-06,-2.515025907414284362e-06,-1.665683246826487309e-06,-2.327479021870949957e-06,-4.084881480821060590e-06,-5.983448324734196858e-06,-7.031631381301278562e-06,-6.690440198481153523e-06,-5.111991475749717360e-06,-3.023688045366788660e-06,-1.336304397416721559e-06,-6.887639400946497181e-07,-1.163489901921895052e-06,-2.307051546632773103e-06,-3.426213233325601107e-06,-3.986444936078914691e-06,-3.892292787352100770e-06,-3.499505876725366666e-06,-3.358219745505000446e-06,-3.834761973973639093e-06,-4.828030318088763392e-06,-5.748498389457809533e-06,-5.788459136927801491e-06,-4.353993879433478086e-06,-1.435486550006407781e-06,2.285443564640547299e-06,5.667683038952325550e-06,7.586626844702308785e-06,7.433966286849680973e-06,5.402640685567342502e-06,2.418268529595898556e-06,-2.529237217662048441e-07,-1.535955394017376211e-06,-9.721458029170697590e-07,1.151428729901378611e-06,4.009194650453758464e-06,6.659699798126142965e-06,8.465940050539273617e-06,9.311548625902128429e-06,9.527125949354097698e-06,9.594972502234390136e-06,9.811985316341649812e-06,1.010279689490704780e-05,1.008427989084512189e-05,9.338380583552810763e-06,7.730627055126172053e-06,5.581234175918574210e-06,3.572075927877025633e-06,2.416832383171343051e-06,2.457481517308777765e-06,3.404619675198025174e-06,4.379483494203908578e-06,4.268462533874672709e-06,2.239290326933025162e-06,-1.825111657579599597e-06,-7.193497813843485826e-06,-1.253619631181626129e-05,-1.645847250382848371e-05,-1.807906986892011898e-05,-1.738931990808300108e-05,-1.522877773989982303e-05,-1.289277049793412960e-05,-1.155849935283973294e-05,-1.179645291073416339e-05,-1.338511891302474635e-05,-1.549527500657697245e-05,-1.713174937028850785e-05,-1.760354474218960323e-05,-1.679343992112925245e-05,-1.511176852153273665e-05,-1.318542966429513511e-05,-1.146651369372525909e-05,-9.978138270270853538e-06,-8.333638191819652051e-06,-6.013762619182969231e-06,-2.745115925384134783e-06,1.234286474063090870e-06,5.179992104169004785e-06,8.133315771079443484e-06,9.365115988050176006e-06,8.750586799787796324e-06,6.881259113292575235e-06,4.845914092498043019e-06,3.773390138676374615e-06,4.346682293236652815e-06,6.511973307161765846e-06,9.512743299666013579e-06,1.222575588610306122e-05,1.363848149019795958e-05,1.325169443737382332e-05,1.123913435219697051e-05,8.318799093067787064e-06,5.423541472446933041e-06,3.337485592740079851e-06,2.456561714942026997e-06,2.749552252061728708e-06,3.889619500703663308e-06,5.452072071680803451e-06,7.066129065881213130e-06,8.461832871748621636e-06,9.430247788746211533e-06,9.768343536271580457e-06,9.279915561280644768e-06,7.854493359655424016e-06,5.580971908373689514e-06,2.814031974513101028e-06,1.252236289910528053e-07,-1.868897900028298754e-06,-2.736165452537376960e-06,-2.407649477715783338e-06,-1.212421305806127737e-06,2.585609733463210569e-07,1.401721916232459454e-06,1.848336229585376395e-06,1.596024296626510342e-06,9.684775147931534816e-07,4.324170897864019372e-07,3.675119951996023320e-07,9.001325981468802265e-07,1.870642563307618921e-06,2.931796541903144308e-06,3.712924306632106311e-06,3.963125051253818227e-06,3.613481628235932197e-06,2.752625161818007479e-06,1.557333264247333479e-06,2.330549482254437363e-07,-1.005658407785085152e-06,-1.927356483751144340e-06,-2.289972433776381025e-06,-1.896326471734815426e-06,-6.948688417471023880e-07,1.124585669823396069e-06,3.110521735973031087e-06,4.649827838208006211e-06,5.171140254307886354e-06,4.369032516662252513e-06,2.338998296674265046e-06,-4.544941141887379822e-07,-3.373595659579693053e-06,-5.875099500000671875e-06,-7.714991880110683506e-06,-8.981924615127215416e-06,-9.943204122174271380e-06,-1.079357484315780880e-05,-1.145888568082053461e-05,-1.158425826280610071e-05,-1.073559407664541737e-05,-8.715756918253937351e-06,-5.813930240544174562e-06,-2.820588548074711807e-06,-7.529988086784584056e-07,-3.935445576787726868e-07,-1.861989333329411194e-06,-4.453751485745508969e-06,-6.863325836705914841e-06,-7.724953641171985398e-06,-6.234634886532029983e-06,-2.557868261529806468e-06,2.186142477097421017e-06,6.376949879376584153e-06,8.583899416248237923e-06,8.177367504360341064e-06,5.575370363139645427e-06,2.014242973206474499e-06,-1.039388532191059783e-06,-2.548216378362160716e-06,-2.321417530685766111e-06,-1.003379758856199165e-06,3.355382812905272818e-07,7.812364363614587785e-07,3.095928268574392788e-08,-1.500090814152146992e-06,-2.954022961953033375e-06,-3.523390181940230998e-06,-2.892967449817327562e-06,-1.399144445648618071e-06,1.671859711386022508e-07,9.983140272397416581e-07,7.090434301424014882e-07,-4.551736247735131701e-07,-1.746340810053122868e-06,-2.304589985682270974e-06,-1.603161612296668460e-06,2.823616494567293714e-07,2.712425714104074475e-06,4.798914981998543364e-06,5.827420530866241996e-06,5.570718649826489936e-06,4.345382376632097020e-06,2.802979647347424605e-06,1.582275076325398807e-06,1.009393984864628800e-06,9.923516439330483420e-07,1.142887738279137047e-06,1.037063927531190774e-06,4.614081230960459867e-07,-4.863464839332033672e-07,-1.482199314292012303e-06,-2.181733572294047517e-06,-2.420755192908098790e-06,-2.297126182985245322e-06,-2.094413884289243308e-06,-2.098771680739679884e-06,-2.416833957714698161e-06,-2.895910396511444108e-06,-3.186613488610896174e-06,-2.909865577022345833e-06,-1.838898254874659034e-06,-7.579169825560351528e-09,2.296836542351859996e-06,4.636641391043662546e-06,6.561477887553629761e-06,7.719551037000859644e-06,7.913535559296389161e-06,7.112121176415103537e-06,5.447139838919332926e-06,3.214007633626384367e-06,8.626615749600487043e-07,-1.055672882623538012e-06,-2.011398649368601628e-06,-1.673471402624552722e-06,-7.471829222872070177e-08,2.324133819241564774e-06,4.735575833423037823e-06,6.303693413346441585e-06,6.427913250658513379e-06,5.010664152076535915e-06,2.505780699636950330e-06,-2.704156925428870786e-07,-2.489968862851117131e-06,-3.666601025190166926e-06,-3.843769461112825230e-06,-3.526284415061180259e-06,-3.389956880039189264e-06,-3.915236304692919317e-06,-5.129992325447880546e-06,-6.591637420804465651e-06,-7.616652045159710458e-06,-7.638751211077235613e-06,-6.510971418560232969e-06,-4.596025568462060832e-06,-2.598147418539526542e-06,-1.221792281315740372e-06,-8.299350244019345846e-07,-1.273311114390592332e-06,-1.974208427106660353e-06,-2.220825674993236491e-06,-1.526043331436354990e-06,1.224221409624525295e-07,2.235426089044181557e-06,4.024584768180740937e-06,4.733773369696583546e-06,3.950421402980709818e-06,1.769795595394210815e-06,-1.238536927848775606e-06,-4.226383115238669897e-06,-6.333382353773215763e-06,-6.926802470418911335e-06,-5.750948373149447420e-06,-2.968448801583915847e-06,8.920756017620277999e-07,5.058162315963117865e-06,8.685468748599539055e-06,1.105869265232498507e-05,1.178555541908041608e-05,1.092679397195719930e-05,8.999317191184902807e-06,6.818366033317272010e-06,5.207368085954632876e-06,4.675345953883980614e-06,5.200677772971900292e-06,6.234771116664852091e-06,6.948883105317253323e-06,6.629044610060629997e-06,5.037891401534975967e-06,2.559869768140492555e-06,4.019638605537934037e-08,-1.621026120147958138e-06,-1.925061760090289251e-06,-1.044857268294791331e-06,2.465183124711528434e-07,9.750812112241898408e-07,5.022661217295262582e-07,-1.080713070148757474e-06,-2.926316441800329743e-06,-3.820308833863892969e-06,-2.819134887108461998e-06,1.781129779201516345e-07,4.228372890474014624e-06,7.653078720711867174e-06,8.747520989503763855e-06,6.574521120846979443e-06,1.465498628371398629e-06,-5.024785365813054968e-06,-1.071209142351515804e-05,-1.366873989636086990e-05,-1.300599266305596329e-05,-9.205417581586970247e-06,-3.864060472653033349e-06,1.010405240650105673e-06,3.819870884324546917e-06,3.944092808005230664e-06,1.831923439710898437e-06,-1.370699687084236885e-06,-4.428237279226781672e-06,-6.545002982665762848e-06,-7.578570986992393280e-06,-7.885383003545938350e-06,-7.940283099135273510e-06,-7.972180654332267313e-06,-7.820664640656391231e-06,-7.074095182641936044e-06,-5.384402493170178346e-06,-2.759284309490333962e-06,3.436749435828448437e-07,3.174521064533039973e-06,5.007421210301362653e-06,5.436941319063843467e-06,4.494885022204442445e-06,2.539396759220980716e-06,2.660949947019831190e-09,-2.837559594863264126e-06,-5.919854839047659193e-06,-9.261837362828046489e-06,-1.272253270076922385e-05,-1.583746764668469330e-05,-1.786843731944471459e-05,-1.808706535920079703e-05,-1.616427101964374206e-05,-1.245193803789836904e-05,-7.973312362445240451e-06,-4.076998828648151811e-06,-1.886799578552160065e-06,-1.801405640175307387e-06,-3.294688806196503842e-06,-5.133418090977194838e-06,-5.928103331598838269e-06,-4.765377179302761396e-06,-1.623365275276082048e-06,2.628498139885111774e-06,6.644636187758751745e-06,9.233149385180852177e-06,9.898608085356998105e-06,9.042571435361795165e-06,7.736042795402851881e-06,7.185096255943366538e-06,8.153340499346186588e-06,1.061527883202644703e-05,1.379280081363334833e-05,1.653782735238837942e-05,1.786258801960342684e-05,1.736196433620511599e-05,1.534123617254258654e-05,1.261588289835982319e-05,1.010756372242010115e-05,8.445255736838853789e-06,7.757262093083969621e-06,7.728839814355323778e-06,7.863519126695122987e-06,7.793230431075460622e-06,7.474835621288036446e-06,7.184172577933564688e-06,7.329083356170833024e-06,8.191919199824686685e-06,9.737900234295502030e-06,1.158222788777003245e-05,1.312465515164202507e-05,1.378067254291437013e-05,1.320112125898951442e-05,1.138903745924335613e-05,8.678058481919221782e-06,5.598977334943893107e-06,2.700504188292400610e-06,3.939786035058751806e-07,-1.133525316711627281e-06,-1.928559550308841832e-06,-2.220700343967558377e-06,-2.339225940841656888e-06,-2.620481653134529145e-06,-3.321858977425015367e-06,-4.554964970360238237e-06,-6.251751374247852020e-06,-8.177105067771540167e-06,-9.993127646521335862e-06,-1.136324568472326875e-05,-1.206538909578971387e-05,-1.207379548071383452e-05,-1.157644760690815816e-05,-1.091868134930204450e-05,-1.049269747297017933e-05,-1.061334697633912810e-05,-1.142281649543821794e-05,-1.285102189636806810e-05,-1.463460240450013766e-05,-1.637862757122665960e-05,-1.763965187718342296e-05,-1.801486080438169401e-05,-1.723010578688412455e-05,-1.521963973840768785e-05,-1.218020489802584176e-05,-8.570476640490401907e-06,-5.028222871657976935e-06,-2.201654847337711432e-06,-5.338677307754878062e-07,-7.982415156285285657e-08,-4.472444272866706694e-07,-9.185230507089094500e-07,-7.358419544956491088e-07,5.531427017675775967e-07,2.842460104857472638e-06,5.443734729078943634e-06,7.337214576255772786e-06,7.616930698738932959e-06,5.943320907836299398e-06,2.789236317715480089e-06,-6.604400798809873997e-07,-2.945051869340050033e-06,-2.930340547082919806e-06,-3.153960438650521681e-07,4.190027073463811488e-06,9.112986590250766317e-06,1.279412928667252359e-05,1.404561309867024162e-05,1.260174665850536234e-05,9.167888095573217309e-06,5.058257134720566758e-06,1.601404140707656868e-06,-4.071041032771218041e-07,-9.592808014720952872e-07,-7.011959635677483166e-07,-5.063109936263826522e-07,-9.868345534628693085e-07,-2.190623638914174098e-06,-3.623520870767384127e-06,-4.563766689616248666e-06,-4.486341651948651633e-06,-3.365973404619832159e-06,-1.700161083971859991e-06,-2.466669391168095871e-07,3.783876337666909511e-07,2.458003472890964664e-08,-9.190169122694066125e-07,-1.737926523959549719e-06,-1.779565626766942920e-06,-8.093206582648196645e-07,8.505044506107714186e-07,2.469823020068957078e-06,3.269421969319474099e-06,2.804865779177467044e-06,1.182960734067687689e-06,-9.916425313408225268e-07,-2.903081455849160651e-06,-3.893122398827475148e-06,-3.729168985453745231e-06,-2.651147283922617943e-06,-1.196836475414126677e-06,8.353026887100509165e-08,8.676362199496532667e-07,1.141404084400783573e-06,1.103027630679844873e-06,9.736887239711336028e-07,8.426879744708424212e-07,6.427773749571384351e-07,2.644438515665795949e-07,-2.721755969272620072e-07,-7.094655019784596891e-07,-5.972811282863571971e-07,5.089005845687694008e-07,2.790020559327107721e-06,5.985016394518556372e-06,9.401881798111475435e-06,1.213697617460819017e-05,1.341575881343481583e-05,1.290355251159078325e-05,1.084521800185241194e-05,7.972229494908117717e-06,5.223353839580862783e-06,3.406511814514082710e-06,2.945622793083972519e-06,3.803640421698251905e-06,5.583174988360938183e-06,7.727310621779080572e-06,9.713832409654924393e-06,1.116487097069026914e-05,1.185766957390005345e-05,1.168068238135121476e-05,1.059932488667416131e-05,8.669662805605132032e-06,6.086917990971767384e-06,3.214605986206997496e-06,5.380628685142797229e-07,-1.472831660044463063e-06,-2.546116948469331776e-06,-2.746609118133152235e-06,-2.486309870413576369e-06,-2.376192761957327339e-06,-2.968775684427836077e-06,-4.503330237557634862e-06,-6.775401676574336731e-06,-9.200504124665367643e-06,-1.105179794763932953e-05,-1.176755340313046282e-05,-1.118864076749303086e-05,-9.617599184787076189e-06,-7.673979590747163104e-06,-6.014961077719588534e-06,-5.050279118347317826e-06,-4.778845792667709272e-06,-4.814497859376910379e-06,-4.581121408873806608e-06,-3.584847242228861973e-06,-1.644763008136915860e-06,1.009173818376329230e-06,3.799796298917431910e-06,5.990711614939623891e-06,6.920304861727527821e-06,6.199540894441417674e-06,3.817740645156811894e-06,1.388735633250126362e-07,-4.196714090409434614e-06,-8.432379872252372387e-06,-1.187881251881635720e-05,-1.408253234259752082e-05,-1.494092354203421719e-05,-1.472919982228969706e-05,-1.401894775564922646e-05,-1.349674215270582271e-05,-1.372919049357509378e-05,-1.495177343785191591e-05,-1.696412086630466506e-05,-1.918351162236326895e-05,-2.084835658030970382e-05,-2.129844319553364279e-05,-2.021989791470342698e-05,-1.775215090898426865e-05,-1.441153533161194017e-05,-1.086702471217956776e-05,-7.669943621690307906e-06,-5.058568287579045268e-06,-2.920248486180850773e-06,-9.166024271562212029e-07,1.300133843589706773e-06,3.890743192199165242e-06,6.746005184084062555e-06,9.546519099082103674e-06,1.191971227335079651e-05,1.360182623816538534e-05,1.451844508382423330e-05,1.475009580388702449e-05,1.441873283840433839e-05,1.357703358657941739e-05,1.217913828215321953e-05,1.016038353796228877e-05,7.583478474579927836e-06,4.759679496349149191e-06,2.255290009524950257e-06,7.483304395944138236e-07,7.803479224330759309e-07,2.511728493582483321e-06,5.600483860025136867e-06,9.275410839358215519e-06,1.258720119098783167e-05,1.473802931243808183e-05,1.535224950128361124e-05,1.457661640241899619e-05,1.297503909080173066e-05,1.127310017055400454e-05,1.006895553030995552e-05,9.632955080787558986e-06,9.869328515841335690e-06,1.043601158617211541e-05,1.095055389110968013e-05,1.118074727667016603e-05,1.113696060142432874e-05,1.103539106270674335e-05,1.116047930600195349e-05,1.169453322633262099e-05,1.258967116322589991e-05,1.353415999536485329e-05,1.402616613036580920e-05,1.352958048821489858e-05,1.166082916673459985e-05,8.346898516980915598e-06,3.902186472402367481e-06,-1.007717175612962853e-06,-5.516866437108677477e-06,-8.790519513947839082e-06,-1.027157310998118668e-05,-9.859794943693089790e-06,-7.952842335592071214e-06,-5.319896496236669138e-06,-2.840933052070041812e-06,-1.203429194587782643e-06,-6.755236769155878207e-07,-1.051882645051657660e-06,-1.799133954522138413e-06,-2.339186185026433518e-06,-2.342081610365697140e-06,-1.890195706068232328e-06,-1.432347139872236448e-06,-1.546376818231060535e-06,-2.624538003180799530e-06,-4.638816227549959912e-06,-7.108422324256354179e-06,-9.293298359214762774e-06,-1.052343303255810353e-05,-1.050243429439689986e-05,-9.433672553157398049e-06,-7.905786492258274210e-06,-6.597326094404663560e-06,-5.953982200789040726e-06,-6.005994513380270011e-06,-6.418632143772947285e-06,-6.743076733467186165e-06,-6.725017949730532652e-06,-6.493793610793519830e-06,-6.516969992253168851e-06,-7.333208491762057686e-06,-9.202618924118234181e-06,-1.186945747169161767e-05,-1.458353048615150291e-05,-1.639549343320605959e-05,-1.659420194825952428e-05,-1.506931764260839086e-05,-1.240736693602457107e-05,-9.655831223394914099e-06,-7.855472808423838392e-06,-7.561512655422438413e-06,-8.586358475526546067e-06,-1.009183346567831864e-05,-1.098862777530810715e-05,-1.045033303787147410e-05,-8.294587276030176574e-06,-5.051721853191432649e-06,-1.696791435461739424e-06,8.149609746252602657e-07,1.978349866635449643e-06,1.929268898073917961e-06,1.317626788418336519e-06,9.430348512342595767e-07,1.346236756085085149e-06,2.559863239878493443e-06,4.130753213832623132e-06,5.384041468802283039e-06,5.780821187583175914e-06,5.184760589748512824e-06,3.911827156968590020e-06,2.555136996371433533e-06,1.689933236731301543e-06,1.614717019885976751e-06,2.252458334853826449e-06,3.243846865250014304e-06,4.164981766568276168e-06,4.746523778539224418e-06,4.984355757038308335e-06,5.099505701281039898e-06,5.386529339786149732e-06,6.040906003139034436e-06,7.054298356419344753e-06,8.219791420971640238e-06,9.228590161228641538e-06,9.799397045778064893e-06,9.779602592583217351e-06,9.186772382783385885e-06,8.195742650931389452e-06,7.096764246912122849e-06,6.244744713271427046e-06,5.999697724484990022e-06,6.645627741115689556e-06,8.285083757349674617e-06,1.073685001715949706e-05,1.349334254976947705e-05,1.579541567842046367e-05,1.684202239911598793e-05,1.608296013328775501e-05,1.348019620410777342e-05,9.607109443620073376e-06,5.506049997668299979e-06,2.328252299337722288e-06,8.893827954060610980e-07,1.331799656307169216e-06,3.054304314041149607e-06,4.957839255440025127e-06,5.910813147533912561e-06,5.230797510882194590e-06,2.965649708131176958e-06,-1.525851734952187176e-07,-3.054937620988552095e-06,-4.817085948276429483e-06,-5.049105667375529501e-06,-4.018545614121870485e-06,-2.466917333066466811e-06,-1.229139759209009330e-06,-8.539480111963462389e-07,-1.408086026528514931e-06,-2.540213962493329650e-06,-3.741234269810814637e-06,-4.640668132231766330e-06,-5.173488436805537310e-06,-5.537226792715547913e-06,-5.984812217092338049e-06,-6.593236111145375475e-06,-7.159139718237869792e-06,-7.294629115906462743e-06,-6.674898260587452364e-06,-5.293331508895131021e-06,-3.565369134071830768e-06,-2.199938448474509153e-06,-1.885429092710363391e-06,-2.945415979107860585e-06,-5.146428791014576923e-06,-7.768325197690820213e-06,-9.913519401396522808e-06,-1.090568983511663147e-05,-1.057945950235051657e-05,-9.317375123185644642e-06,-7.821098174754104865e-06,-6.740969051973566106e-06,-6.359073948712157952e-06,-6.488122761965636680e-06,-6.630001239687986409e-06,-6.297821403379524021e-06,-5.318993808163356029e-06,-3.950295176529174067e-06,-2.741087267615799704e-06,-2.220240339858683720e-06,-2.580169078503192356e-06,-3.534695305725380410e-06,-4.434507261860422459e-06,-4.585103579963128033e-06,-3.602250717486865710e-06,-1.618221027239843904e-06,7.701228254020674228e-07,2.784987982453824415e-06,3.836267532426842323e-06,3.786702944019147794e-06,2.983253175287697664e-06,2.049458017598233632e-06,1.557838794991423317e-06,1.758601361207932770e-06,2.502308653336780408e-06,3.383264937487164691e-06,4.009246197844044039e-06,4.238281248057136917e-06,4.248725384199848364e-06,4.408745695641116785e-06,5.028463015952333961e-06,6.146181782728237319e-06,7.480807412865232097e-06,8.586144957090441278e-06,9.123152776175157906e-06,9.091100046486848743e-06,8.872095751062087179e-06,9.041382093785597332e-06,1.002689178101867985e-05,1.179469261314171974e-05,1.373925228271083875e-05,1.486337990385339111e-05,1.418792826251556139e-05,1.120958305516539784e-05,6.189780798888533775e-06,1.290652633801398626e-07,-5.574880469213392126e-06,-9.641191842334096861e-06,-1.137020263792913430e-05,-1.086409069310255017e-05,-8.925146076432296987e-06,-6.697764556247484630e-06,-5.224195311590126510e-06,-5.101453007776310447e-06,-6.357640953850225124e-06,-8.552772623437213830e-06,-1.101221641804451523e-05,-1.306551317293084730e-05,-1.419768274311784791e-05,-1.409420217382302785e-05,-1.262624932334023683e-05,-9.841686424375540557e-06,-5.993484358016793796e-06,-1.578508948517566843e-06,2.680663429485424651e-06,5.967737343165114770e-06,7.613816830841083510e-06,7.364083259839803395e-06,5.539432487181055477e-06,2.983403866455168760e-06,7.737105904882243716e-07,-2.049543977744046177e-07,3.548734866369141892e-07,2.026735089436731592e-06,3.815364334319714636e-06,4.591876012206982500e-06,3.614592094789015844e-06,8.989087561572342836e-07,-2.741486416983127202e-06,-6.013164068206607403e-06,-7.685916184120401306e-06,-7.118137574679531136e-06,-4.528209964446373918e-06,-8.919195847963203255e-07,2.481852002429106112e-06,4.499115475004446248e-06,4.703987928103944943e-06,3.395861139852742927e-06,1.409013828523409562e-06,-3.186879823230324146e-07,-1.171082910330820731e-06,-1.074528949256374983e-06,-4.291663851687586489e-07,1.861463167330712415e-07,3.638737459427098925e-07,8.569295824577569370e-08,-2.985109686108042016e-07,-3.056850113721206195e-07,3.695062932176460464e-07,1.643237156387366056e-06,3.049497811024595279e-06,3.966158484653398668e-06,3.943207160046153480e-06,2.960590496841854097e-06,1.477564111459192642e-06,2.414311920675771833e-07,-5.407210189801760586e-08,9.056330170838308269e-07,2.904575490906130785e-06,5.290172500867103775e-06,7.263061628672452791e-06,8.220434789499331838e-06,7.990630899457921844e-06,6.857191389875900006e-06,5.377807185930356966e-06,4.101844068038539610e-06,3.330741389267648265e-06,3.031528846177957742e-06,2.927018831040687130e-06,2.694779213042731857e-06,2.158355259735542202e-06,1.370752005206294169e-06,5.584496539851332384e-07,-2.618496666011855236e-08,-2.496078565643816274e-07,-1.546832368659894307e-07,9.493055018277266381e-08,3.392699518109465123e-07,5.301520384880923600e-07,7.498983900547523102e-07,1.125765648366152005e-06,1.694244833365263600e-06,2.307616495082323507e-06,2.657536084461051040e-06,2.424042262388666354e-06,1.479518093733099042e-06,3.170685909084408376e-08,-1.392411819687097662e-06,-2.143552981722550141e-06,-1.752007851021900371e-06,-1.922683758788370975e-07,2.028445135420993444e-06,4.020313093721946750e-06,4.848621391176286012e-06,3.913861281710870247e-06,1.203312800890436648e-06,-2.699357054573951861e-06,-6.847043912357823870e-06,-1.029327499660754001e-05,-1.242078097564078367e-05,-1.309584399636606390e-05,-1.260375666381433277e-05,-1.143019727137519346e-05,-1.002088488581703291e-05,-8.644280525346425414e-06,-7.407630502568361569e-06,-6.379915386315868977e-06,-5.712178172788647959e-06,-5.652244387974200585e-06,-6.422847882380806099e-06,-8.027357305226077357e-06,-1.010873207302004003e-05,-1.197563718400725436e-05,-1.282610829725829235e-05,-1.208673163738288613e-05,-9.706253532397112900e-06,-6.244472949898816427e-06,-2.685961397169751157e-06,-4.225595285754088322e-08,1.082510285328389537e-06,7.585586862554411907e-07,-3.018743949947099060e-07,-1.067883083316708919e-06,-6.567411461026212886e-07,1.271857123958857656e-06,4.373903156086757956e-06,7.788626292488762083e-06,1.052565990001456779e-05,1.188376621912325770e-05,1.171001855048066014e-05,1.039733419779983778e-05,8.649836252703509533e-06,7.151291450267134438e-06,6.300818791202946518e-06,6.124334026188993738e-06,6.366788813322231390e-06,6.678573627719617211e-06,6.777682533423467752e-06,6.508496829890408511e-06,5.798244705814272769e-06,4.581379116516152162e-06,2.777695200615975968e-06,3.637953790583155528e-07,-2.499802440473416178e-06,-5.381073752825843254e-06,-7.620843469866286831e-06,-8.534078830113459032e-06,-7.696765745785257441e-06,-5.178557267825806252e-06,-1.585876598785589341e-06,2.136556030557837649e-06,5.075246924951121107e-06,6.721352663469740387e-06,7.165634279944679746e-06,7.012782105271378133e-06,7.051143254468054861e-06,7.839267485880522255e-06,9.416367957293185928e-06,1.128318649154017074e-05,1.266216021903982779e-05,1.290205836809300534e-05,1.181768646414567312e-05,9.789426061775838363e-06,7.572682395290257991e-06,5.917959997260710359e-06,5.199191978356357388e-06,5.240805980050943061e-06,5.427895964747498446e-06,5.036061746804373707e-06,3.606328251868261904e-06,1.173413344775130204e-06,-1.761366525103285500e-06,-4.485236549821257922e-06,-6.414599658851168788e-06,-7.344149214688964453e-06,-7.487934486518083332e-06,-7.313640306325106539e-06,-7.279393099523473755e-06,-7.622401334714415577e-06,-8.303134768359322475e-06,-9.109034506078528392e-06,-9.828753379136864640e-06,-1.037586456200552523e-05,-1.078604740839589025e-05,-1.110336012778805082e-05,-1.125071537916167626e-05,-1.099582171122471733e-05,-1.006404023780355969e-05,-8.348593041033234663e-06,-6.088946867694739940e-06,-3.883453737292784945e-06,-2.483665529987662266e-06,-2.444491109184451476e-06,-3.804630037035759585e-06,-5.982622403878736716e-06,-7.979059573094417248e-06,-8.818167112863617682e-06,-8.024484280527957900e-06,-5.890600824298042523e-06,-3.379531729762172746e-06,-1.682477495412937436e-06,-1.631036772637810849e-06,-3.248761958031943721e-06,-5.671334181588394429e-06,-7.490947205220822931e-06,-7.374128869788657822e-06,-4.667138968683692460e-06,2.922298816657518115e-07,6.295900577926388941e-06,1.175295799899336155e-05,1.530957406755515554e-05,1.632148377497639281e-05,1.499044114941869745e-05,1.215083680284022203e-05,8.856622994493180083e-06,5.989101027793447513e-06,4.055211482892242149e-06,3.213210731105275253e-06,3.429699382403213565e-06,4.615146110810917846e-06,6.631976319680504952e-06,9.184522622192266327e-06,1.170721510091568967e-05,1.339474028549895849e-05,1.344209248341822459e-05,1.142388032823953733e-05,7.623625762487980141e-06,3.102848442168279964e-06,-5.972370491185240584e-07,-2.045784899134105991e-06,-5.603373901287734217e-07,3.409874853809378841e-06,8.365262630748381928e-06,1.230377067471094522e-05,1.351382537714707896e-05,1.126479662041742391e-05,6.085866188765289394e-06,-4.879227305207739556e-07,-6.577272282714622791e-06,-1.071880085966545409e-05,-1.238240471866567280e-05,-1.203591794981818897e-05,-1.077233664547802053e-05,-9.718826492065352809e-06,-9.529656339633958120e-06,-1.019294457150616938e-05,-1.120027799136506489e-05,-1.193873096949813472e-05,-1.206529159844885518e-05,-1.165998374668237088e-05,-1.109718070680964949e-05,-1.074008335038996025e-05,-1.065874414511298028e-05,-1.054780451340124523e-05,-9.894982942387677959e-06,-8.299661625964283005e-06,-5.749907566392920287e-06,-2.687273038646624009e-06,1.907178427861088950e-07,2.288818978217975911e-06,3.434480298593571257e-06,3.974966917197324171e-06,4.583413621385290927e-06,5.865101000083782779e-06,7.969291228580662289e-06,1.041848076947530775e-05,1.226081962714741395e-05,1.248746313035814772e-05,1.051981071517237000e-05,6.532186399230771807e-06,1.452626777375180658e-06,-3.362570778548782360e-06,-6.633632058677193879e-06,-7.618558741135794140e-06,-6.339829135447620674e-06,-3.502641528520354376e-06,-1.707100706113690191e-07,2.639648975477174307e-06,4.275863139264715814e-06,4.571720748889807348e-06,3.773348090650685313e-06,2.347304971421940028e-06,7.767180344380023234e-07,-5.767952318011781720e-07,-1.523062961008764755e-06,-2.028926533649123031e-06,-2.177449153280017662e-06,-2.123447524830956147e-06,-2.044581153540634457e-06,-2.078878933254404478e-06,-2.254308554517106907e-06,-2.441069616845440648e-06,-2.368645949548785652e-06,-1.729817903111072255e-06,-3.464517694907188436e-07,1.677314246194275714e-06,3.906306973948270294e-06,5.687522598981355635e-06,6.405935652882833739e-06,5.781091066716079115e-06,4.061215583957068096e-06,2.000832790623079249e-06,6.013697829621919942e-07,7.093265665986988187e-07,2.644818191938761207e-06,6.031369935833390917e-06,9.911945328965733623e-06,1.310608138345229917e-05,1.465257298184777944e-05,1.414630973748752807e-05,1.183362470309418076e-05,8.447936241404260560e-06,4.885786498024266461e-06,1.883546916827615125e-06,-1.690348901977206535e-07,-1.230964768152769000e-06,-1.480641776603136572e-06,-1.164048821547189804e-06,-5.144518871267870351e-07,2.330370593517477159e-07,7.866404228337413101e-07,7.915570120758102850e-07,-7.213515386346283495e-08,-1.911977506477941310e-06,-4.467274295473293233e-06,-7.095880378269817982e-06,-8.965863808788490264e-06,-9.402338138315881271e-06,-8.235796075889001145e-06,-5.965929077291050096e-06,-3.623142753684885494e-06,-2.353124934634120623e-06,-2.897415850314654206e-06,-5.215390161409559341e-06,-8.444879765591386969e-06,-1.124552496419466647e-05,-1.238308035209230113e-05,-1.128779741944803449e-05,-8.322120184651377511e-06,-4.625906346545410426e-06,-1.608135154121082456e-06,-3.236426153927981502e-07,-1.027189109368905373e-06,-3.108216665919412701e-06,-5.422857221816859019e-06,-6.848849330311246894e-06,-6.788682531964075280e-06,-5.384049308126211474e-06,-3.357606439748633137e-06,-1.585879675600596966e-06,-6.345675573065061538e-07,-4.930463455784186437e-07,-6.311128331339701698e-07,-3.308750782273316736e-07,8.909860392102294393e-07,2.992453853872003412e-06,5.391695866439195495e-06,7.227647317655011067e-06,7.757315471834164126e-06,6.691813152694026918e-06,4.315688710303850147e-06,1.349891758669330885e-06,-1.356326820480157489e-06,-3.148498475858349397e-06,-3.762220641688412447e-06,-3.328992027582633519e-06,-2.230283647444524722e-06,-9.015511149509477837e-07,3.117079837116622779e-07,1.197311693222100846e-06,1.639838574821484859e-06,1.567293160280802621e-06,9.381684685457612651e-07,-2.183623091628265887e-07,-1.746298771856745029e-06,-3.348894390661851649e-06,-4.653034896008968936e-06,-5.336966378208902579e-06,-5.259750169390715966e-06,-4.519688112669487405e-06,-3.402816081724820120e-06,-2.242779936113815396e-06,-1.264246045917810764e-06,-4.922675557828700674e-07,2.276149349946927226e-07,1.117690704193931222e-06,2.336052718744944483e-06,3.903935291140673770e-06,5.731234486816154596e-06,7.713467917433775218e-06,9.824212224898925763e-06,1.212679640383742109e-05,1.468115967202360297e-05,1.739656780692601360e-05,1.993156935814422166e-05,2.173309888823266525e-05,2.223488354178205264e-05,2.113763456469322562e-05,1.862644240417662432e-05,1.538913492501900416e-05,1.238839354040905562e-05,1.046891950909344318e-05,9.980537121597039504e-06,1.060992390804967992e-05,1.152244542568637698e-05,1.176196051849063317e-05,1.071870340709004272e-05,8.428886878727234467e-06,5.545558786298531784e-06,2.985348541451621274e-06,1.426884007524969798e-06,9.228138636786850166e-07,8.383383824284072238e-07,1.646058369486816116e-07,-1.942431068386568757e-06,-5.674400954243613567e-06,-1.039704810851922714e-05,-1.490032848607559820e-05,-1.796373252398135033e-05,-1.895870200136779633e-05,-1.817906296566093425e-05,-1.671927529176905975e-05,-1.594688813418348861e-05,-1.682495523636202579e-05,-1.942336109372516569e-05,-2.286912267426349248e-05,-2.576712501792531210e-05,-2.688467506442059128e-05,-2.575771851141258617e-05,-2.291423139376910992e-05,-1.960333852812072591e-05,-1.716918164733181404e-05,-1.638842305207509101e-05,-1.710732087440711008e-05,-1.835983907173772750e-05,-1.890164177790140890e-05,-1.788261620620670592e-05,-1.531124614768432707e-05,-1.207238751328606139e-05,-9.489233409993293609e-06,-8.652447156563124349e-06,-9.856190174873212940e-06,-1.242405038173816939e-05,-1.500896827447621262e-05,-1.621337528145011338e-05,-1.521998659720310871e-05,-1.212672796673152930e-05,-7.835251823747701831e-06,-3.568074476839085592e-06,-2.685181062868060806e-07,1.817995045727412333e-06,3.189594105081695511e-06,4.765633747063871656e-06,7.383795391915634403e-06,1.138003434477098247e-05,1.645210963254119878e-05,2.184715996601641852e-05,2.674543169513655280e-05,3.062423361946921209e-05,3.341905858211400622e-05,3.542611637479515878e-05,3.703643526061328701e-05,3.847466964888765609e-05,3.969363681438312791e-05,4.046743528687249576e-05,4.059915109454106247e-05,4.008970934645010386e-05,3.914328921608323280e-05,3.799421333135625162e-05,3.666419904159076546e-05,3.482071304685792947e-05,3.186448721431415945e-05,2.724490016234689576e-05,2.085642385290225741e-05,1.329286711482346019e-05,5.780620861276747207e-06,-2.353565326960514726e-07,-3.693064341100709234e-06,-4.422215798310517739e-06,-3.295682124718923459e-06,-1.913811459205062820e-06,-1.934967992606216865e-06,-4.346835275380331125e-06,-9.017876852403552732e-06,-1.474795114973657457e-05,-1.980519231881140336e-05,-2.270439668426571856e-05,-2.286451621846213818e-05,-2.083894713624090248e-05,-1.801629847439191871e-05,-1.594223470837099167e-05,-1.559157018179681414e-05,-1.693770823884170604e-05,-1.901686869204357341e-05,-2.044257976152105011e-05,-2.011084636324685711e-05,-1.775199358013608054e-05,-1.406896456520818756e-05,-1.040829219982043708e-05,-8.135092973621798490e-06,-8.017681625480967394e-06,-9.909560032119785520e-06,-1.286192585545606110e-05,-1.558967461991173138e-05,-1.705242141633474590e-05,-1.687441862737840316e-05,-1.542389336798012217e-05,-1.354760950424273536e-05,-1.211986105921841685e-05,-1.163810377945244504e-05,-1.205157238776962329e-05,-1.287683742291077695e-05,-1.350802670826233287e-05,-1.354314269478176573e-05,-1.295927634099918875e-05,-1.206400509336054950e-05,-1.127254536457344881e-05,-1.084561321317378018e-05,-1.073115634105107839e-05,-1.058690602479079256e-05,-9.960777281946542859e-06,-8.526905041967063886e-06,-6.255222038284796570e-06,-3.436274562056599459e-06,-5.613950596905519823e-07,1.872480027989978798e-06,3.538223516454153262e-06,4.363789170179171968e-06,4.511888246496259538e-06,4.289983053385513329e-06,4.047572007956556637e-06,4.102978638114074321e-06,4.707578453919190961e-06,6.027402487393413249e-06,8.118587093796611779e-06,1.089369640159212469e-05,1.410257143420590419e-05,1.736126173114540877e-05,2.024398020181402929e-05,2.241409867690897234e-05,2.373535641711168424e-05,2.429944837606701381e-05,2.434109258765150733e-05,2.407227411542926796e-05,2.352070156782945048e-05,2.246989357088576350e-05,2.055559980199596568e-05,1.749176568083166776e-05,1.331992377808433887e-05,8.543727188661477659e-06,4.049448930762682836e-06,8.113862306224570878e-07,-5.072189753764089472e-07,1.210032226592835942e-07,2.000976908689677594e-06,3.933450952984133349e-06,4.667070294532092322e-06,3.400366027845316635e-06,1.176717951331620569e-07,-4.389997584961796621e-06,-8.831172995827113079e-06,-1.191595541378117600e-05,-1.283944662262158515e-05,-1.154706605474726501e-05,-8.685692586113701163e-06,-5.285723721509231156e-06,-2.331347555618339398e-06,-4.098787522807321702e-07,4.237371682144829881e-07,5.414778832767116338e-07,4.795590091082307921e-07,6.598723089686558140e-07,1.221706754441378522e-06,2.018312442296680320e-06,2.746939573539416196e-06,3.124553606027391101e-06,3.017621043185056281e-06,2.476192312103436873e-06,1.680362085840321521e-06,8.476528506421916993e-07,1.546071591671144889e-07,-3.000209094559285312e-07,-4.971360812489965463e-07,-4.890448250526539733e-07,-3.979837163443254055e-07,-4.139246564306777056e-07,-7.651617738758002276e-07,-1.640557900375288509e-06,-3.074088727597843697e-06,-4.842331518614857383e-06,-6.445487755871069310e-06
-9.342113297818231441e-06,-9.174917714689123681e-06,-8.023082061266099992e-06,-6.036524829757549739e-06,-3.758298100806498153e-06,-1.901922508459556315e-06,-1.044229823963129580e-06,-1.375419736456737753e-06,-2.620522467384131154e-06,-4.165592542300993823e-06,-5.327730746472556481e-06,-5.645381252807614099e-06,-5.062004552417812957e-06,-3.930148418722021846e-06,-2.845242465735700287e-06,-2.389376853216467890e-06,-2.894366561028960389e-06,-4.312932230678881718e-06,-6.233021340768806267e-06,-8.012020486861736270e-06,-8.970423416931772601e-06,-8.578734428858548862e-06,-6.590104196611514792e-06,-3.097972178840894399e-06,1.481617899606968514e-06,6.493780034865545464e-06,1.118103274177304319e-05,1.485088829590846060e-05,1.704025631818634076e-05,1.762995739151195168e-05,1.686436240913381359e-05,1.525554065279918444e-05,1.339442065131512557e-05,1.173540019350851842e-05,1.044168555375708220e-05,9.360262452799827525e-06,8.140789915001008813e-06,6.445474168968432941e-06,4.150778189855668134e-06,1.442574046825286269e-06,-1.243035942420466032e-06,-3.404247972948736096e-06,-4.690829039848618631e-06,-5.045175971864024183e-06,-4.699042246351864650e-06,-4.034884759013086224e-06,-3.392587064451128064e-06,-2.929156973338698337e-06,-2.605306165692692625e-06,-2.296803327034011838e-06,-1.953040695097349606e-06,-1.694424598679173574e-06,-1.774000835519354269e-06,-2.410494792117428624e-06,-3.584114244891559478e-06,-4.923246964904822870e-06,-5.773989215445341608e-06,-5.449988884177457884e-06,-3.556518175676475376e-06,-2.278482607914808010e-07,3.854593377032116441e-06,7.693581095306459958e-06,1.036181349399657426e-05,1.136412717090453913e-05,1.080425616922604152e-05,9.278810999461903776e-06,7.556979997270552480e-06,6.210767670663522980e-06,5.381095025235873353e-06,4.788724405426919753e-06,3.966648651756327409e-06,2.573678645552451785e-06,6.107079712475340951e-07,-1.578151622518850284e-06,-3.511936835201991623e-06,-4.859362877526570233e-06,-5.631993124942907414e-06,-6.164951707038547301e-06,-6.891428858744497983e-06,-8.042510928099115046e-06,-9.455996869579083545e-06,-1.062322066731110070e-05,-1.096799772565474457e-05,-1.021072571805028563e-05,-8.605069597913505268e-06,-6.887825075577098739e-06,-5.932851037310643120e-06,-6.269421141647634605e-06,-7.720081269570348495e-06,-9.374558840425029887e-06,-9.955528298641440015e-06,-8.427574535238790504e-06,-4.559342140225407845e-06,8.503730676557417451e-07,6.221296279331037203e-06,9.824302800810259963e-06,1.051354239125416276e-05,8.215889432084085142e-06,3.946526943114097288e-06,-6.539553590507825504e-07,-4.036262277144899452e-06,-5.371200735030314614e-06,-4.802129574164978372e-06,-3.226982108344475679e-06,-1.750563395406790227e-06,-1.103024557313245383e-06,-1.319210374465348412e-06,-1.821534447876353593e-06,-1.829924470787447653e-06,-8.529870758481830534e-07,1.017302483323918096e-06,3.166357013562817927e-06,4.830262285103124176e-06,5.564255427772292896e-06,5.536249713611361122e-06,5.471476075250481803e-06,6.266332733831132111e-06,8.472881768813867107e-06,1.193096058063095012e-05,1.575194329794055783e-05,1.867594551598530369e-05,1.962997665788259014e-05,1.821099242292877548e-05,1.485837658177078937e-05,1.064132747204196773e-05,6.781001515947768513e-06,4.152560123362006779e-06,3.005489330328765574e-06,3.011004382153797959e-06,3.567649991431867498e-06,4.168136257917219448e-06,4.619025733392058744e-06,5.010416353000101486e-06,5.490346887141056518e-06,6.015818811108161674e-06,6.261608130220127727e-06,5.765055003173593910e-06,4.230869113309900230e-06,1.806535540379481292e-06,-8.637418669636793597e-07,-2.883023994602661163e-06,-3.547503588152598294e-06,-2.766139784527259351e-06,-1.213563340547554617e-06,-9.861449125054323340e-08,-6.293280642010876362e-07,-3.424383995916243429e-06,-8.167011959640385475e-06,-1.368892626466893909e-05,-1.846004218129953614e-05,-2.125279250549981578e-05,-2.165693466021838634e-05,-2.019332020529682892e-05,-1.797826746150140190e-05,-1.611943641698897211e-05,-1.515970002560886028e-05,-1.485575009525138672e-05,-1.439805547467462310e-05,-1.294293400668996519e-05,-1.016071117908406376e-05,-6.495193322332986653e-06,-2.984571579973313814e-06,-7.309539450076809816e-07,-2.990915123660466570e-07,-1.370677504881603737e-06,-2.852400474577276059e-06,-3.399377138414707633e-06,-2.094471847190053087e-06,1.064673396084525842e-06,5.126887663512176919e-06,8.626035866051729527e-06,1.028124213037624702e-05,9.607678471713061003e-06,7.131319248716047944e-06,4.102891101910059760e-06,1.861296758617147745e-06,1.173618690793266164e-06,1.886877576799068079e-06,3.063047937142931175e-06,3.518959712410633176e-06,2.485821072708164203e-06,4.497673914335231841e-08,-2.884668982732257040e-06,-4.999400641823698926e-06,-5.269402053134797285e-06,-3.465366038523165812e-06,-2.846251160655718842e-07,2.986289524905518675e-06,5.101070123345248405e-06,5.458444186040314636e-06,4.381763959064712832e-06,2.938384309597087334e-06,2.393079270943118232e-06,3.567282678987402590e-06,6.415776357965915869e-06,1.001968659187749917e-05,1.299000975601682500e-05,1.408236589164220862e-05,1.273378560128219297e-05,9.283302713978037300e-06,4.796987087670966393e-06,6.022596733715088353e-07,-2.242642959942636295e-06,-3.311495051181561003e-06,-2.872435501684869492e-06,-1.665660489978403232e-06,-5.347928978042729374e-07,-9.279345404743912076e-08,-5.565934267134972204e-07,-1.783525725683205116e-06,-3.443520860178962401e-06,-5.211482189022869542e-06,-6.880633095121252040e-06,-8.361153308615602495e-06,-9.599316745748432181e-06,-1.049268821302799597e-05,-1.086952846312294629e-05,-1.055483183473284889e-05,-9.489279468307730024e-06,-7.831078001996046798e-06,-5.971837461449823185e-06,-4.434694183738561744e-06,-3.678012399912404791e-06,-3.876813362162504823e-06,-4.776027715127758345e-06,-5.694931105879131221e-06,-5.713712959434024899e-06,-4.005254713972459838e-06,-2.096410736642514076e-07,5.289938160259593042e-06,1.132317889308339278e-05,1.619091475417218932e-05,1.818987454106822679e-05,1.625197096364649812e-05,1.046680953650070507e-05,2.256998518675122606e-06,-5.925049349461042781e-06,-1.133573593824564916e-05,-1.188443069631642742e-05,-6.935382224139147624e-06,2.365292876336375871e-06,1.340950287062625692e-05,2.301290407010115360e-05,2.854342742441836283e-05,2.884876377294250384e-05,2.460407032338537338e-05,1.793584781989836590e-05,1.148532756997827088e-05,7.317708413262787067e-06,6.148216205219025016e-06,7.207688078254914346e-06,8.774657567532196677e-06,9.095339362661556697e-06,7.242432880749548931e-06,3.509661986762680748e-06,-8.222016619455366658e-07,-4.199030788714110006e-06,-5.606177906707237682e-06,-5.063983036143223962e-06,-3.564896239683104088e-06,-2.505813619611927692e-06,-2.930293644983341671e-06,-4.987810572564703886e-06,-7.894086065079202770e-06,-1.040373695981183358e-05,-1.152895047390552257e-05,-1.110385013833610508e-05,-9.876645622800955330e-06,-9.068672577452538403e-06,-9.634889267450922218e-06,-1.163500238545134834e-05,-1.408033937863103702e-05,-1.537613030004706820e-05,-1.415778526451197478e-05,-1.009296168429748400e-05,-4.213523196434946600e-06,1.434730116484676468e-06,4.690938110645000153e-06,4.302143659799437260e-06,5.628310690257905432e-07,-4.762628266863617622e-06,-9.220285008700852301e-06,-1.078689534414396178e-05,-8.795013447944345004e-06,-4.220026156742637674e-06,8.020028420885621064e-07,3.982090870158541358e-06,3.918205216136675855e-06,6.719991785978998762e-07,-4.369920951306149636e-06,-9.242145662319060196e-06,-1.235240686070096253e-05,-1.315723539223097366e-05,-1.224592043371026152e-05,-1.083765601532234074e-05,-1.000051466271484439e-05,-1.003097503831761835e-05,-1.032643022001880738e-05,-9.802922793261648242e-06,-7.608963008743505168e-06,-3.724850233988109147e-06,8.998645735163204516e-07,4.765743558443951772e-06,6.588808272776023490e-06,6.005434117158566382e-06,3.830134331608181614e-06,1.706242075612213518e-06,1.305679870626050820e-06,3.474933951335939607e-06,7.763705840773290999e-06,1.258801950267827627e-05,1.596354782181049731e-05,1.645755329353290280e-05,1.389436555142962907e-05,9.466691241363936411e-06,5.194073525472015414e-06,2.986365323019458042e-06,3.758410580783811397e-06,7.012446214674995593e-06,1.107600752592674256e-05,1.387075265600554005e-05,1.384393286049017533e-05,1.063289051075857387e-05,5.175377118271144391e-06,-7.524025170646005683e-07,-5.325806339930851222e-06,-7.412890900389388057e-06,-6.940453710715432706e-06,-4.756542427246747438e-06,-2.102592990131391516e-06,2.235899341704050936e-08,1.299025280810353440e-06,2.140709807354464016e-06,3.371688876938795134e-06,5.715449385705962411e-06,9.351186980204805079e-06,1.374620590556291303e-05,1.783119762209919911e-05,2.042678491635855725e-05,2.072525863394796008e-05,1.862089061276402639e-05,1.475968780434302179e-05,1.030236057273426020e-05,6.507054376497712764e-06,4.297848955649383297e-06,3.975734741683816083e-06,5.163861470986124238e-06,6.989194484978781973e-06,8.422015607566681530e-06,8.647667074718495708e-06,7.341988719040559769e-06,4.759776226033204211e-06,1.610799608403841545e-06,-1.229334930954218509e-06,-3.068078228579382512e-06,-3.675330069724809807e-06,-3.385424033599889546e-06,-2.976803566383495483e-06,-3.369092293447002111e-06,-5.251751860028291453e-06,-8.791196916011521378e-06,-1.353678627283540816e-05,-1.856767305877158561e-05,-2.282329671778859904e-05,-2.548328088226396037e-05,-2.624280719937330191e-05,-2.537710505406451893e-05,-2.358220435426885720e-05,-2.167519156939718458e-05,-2.029124786268557575e-05,-1.970283146744521700e-05,-1.981728415049024009e-05,-2.031972999044480429e-05,-2.086412714660606125e-05,-2.120757459023331562e-05,-2.123156591681539009e-05,-2.086875882457155213e-05,-2.001156364390496863e-05,-1.848665289237861798e-05,-1.613336794370650155e-05,-1.295108817121373007e-05,-9.224234288055913912e-06,-5.528940849797972764e-06,-2.579478915886997122e-06,-9.588605018212814670e-07,-8.503856654764163592e-07,-1.903738244474564723e-06,-3.316957243605186170e-06,-4.116965769714508240e-06,-3.524719741746046966e-06,-1.245749598377063829e-06,2.442604385371710502e-06,6.843090217405029292e-06,1.115515297640506813e-05,1.480792887595104939e-05,1.765906717208937804e-05,1.997769550867708126e-05,2.223440065141857406e-05,2.480970537568830188e-05,2.776356019138821949e-05,3.077037177953349480e-05,3.323980985813972209e-05,3.455668797510656347e-05,3.432507445140041533e-05,3.251145829127327901e-05,2.943837916154697933e-05,2.565098366027347744e-05,2.172901506519139868e-05,1.812546487299100312e-05,1.508372112835979978e-05,1.263933452381897861e-05,1.067665700561011739e-05,9.000371344711677576e-06,7.395661520554166587e-06,5.673176507515448100e-06,3.708457284745922409e-06,1.481766535961308482e-06,-8.912929462444633189e-07,-3.160815940337153517e-06,-4.994685496877462308e-06,-6.079871626007260980e-06,-6.242498421779488889e-06,-5.537930557186775577e-06,-4.267438297149051870e-06,-2.907048448703309518e-06,-1.972868468685387044e-06,-1.874926273010613906e-06,-2.813450907051948681e-06,-4.747224587998098293e-06,-7.427878317684701281e-06,-1.046773315759289560e-05,-1.340640246990668910e-05,-1.576169223620956062e-05,-1.707716274201557217e-05,-1.699099713982645633e-05,-1.533659643721638509e-05,-1.225077826800402428e-05,-8.232976715293377606e-06,-4.094204452289958188e-06,-7.702994502633600917e-07,9.610514838590977397e-07,7.579451414727933933e-07,-1.137194651224979645e-06,-3.963492012147599379e-06,-6.718315178477026417e-06,-8.541219045272036500e-06,-9.041189637093506015e-06,-8.417949879880788587e-06,-7.317461896014799871e-06,-6.486471017697880468e-06,-6.390322494872691380e-06,-6.980650361670256922e-06,-7.729710532558161214e-06,-7.917391785868464524e-06,-7.029153742547862276e-06,-5.063201272106198057e-06,-2.585625735213992431e-06,-4.953385823266464292e-07,3.939004075068756271e-07,-2.477065082894866101e-07,-2.083686140163575369e-06,-4.239483856575942290e-06,-5.683964310434503809e-06,-5.683359669543279099e-06,-4.112433243563796350e-06,-1.479429618370679244e-06,1.337216496371871181e-06,3.502695428315242240e-06,4.583966106130122202e-06,4.681598504227853417e-06,4.284183720047343021e-06,3.935663453289887448e-06,3.897736406233445774e-06,3.986666201829180868e-06,3.670146288582682865e-06,2.374741833226309336e-06,-1.533853248793699693e-07,-3.619182420156044410e-06,-7.201226561961498309e-06,-9.824768714027241588e-06,-1.056608064363774521e-05,-9.011017609273806392e-06,-5.417042805978767882e-06,-6.207065671411797905e-07,4.256274936902883700e-06,8.172079968052618787e-06,1.045867646916909785e-05,1.095210945970335693e-05,9.946663066327756489e-06,8.029168218398633020e-06,5.878532967764002934e-06,4.100480246438908419e-06,3.127348436751818450e-06,3.175280862489362848e-06,4.235829862154097602e-06,6.087668819754269116e-06,8.332497799130273255e-06,1.046847831214597248e-05,1.200429624255352938e-05,1.259217319001002787e-05,1.213559275740568833e-05,1.082463075558138685e-05,9.075039342395955849e-06,7.387209541914082343e-06,6.177429565655065554e-06,5.646870050182600480e-06,5.736160097564913181e-06,6.174582412252314465e-06,6.593296146750467209e-06,6.651360200343142372e-06,6.129553652365890861e-06,4.972279159315303057e-06,3.284500367309453129e-06,1.302745647713682354e-06,-6.473782254234742650e-07,-2.209990901865059864e-06,-3.084096309080032642e-06,-3.133073243409016693e-06,-2.488885950064194583e-06,-1.596732181864239841e-06,-1.146644069497425438e-06,-1.876085969343361483e-06,-4.291194564878732168e-06,-8.413086281842567038e-06,-1.367335561047639668e-05,-1.903882375124919880e-05,-2.334997553865945585e-05,-2.575126047739956909e-05,-2.602844106754091493e-05,-2.468782154998966176e-05,-2.271611604322255784e-05,-2.110615561544984149e-05,-2.035425130704063276e-05,-2.016740655857534087e-05,-1.953862661874891202e-05,-1.718597337779009175e-05,-1.217836997171748324e-05,-4.470805853176781270e-06,4.904427754924502252e-06,1.410076409471038466e-05,2.108512757461114889e-05,2.437567297269587656e-05,2.358120286534987477e-05,1.951807126509840808e-05,1.386395571866045725e-05,8.506648475347360359e-06,4.869617479343288390e-06,3.490700366757066766e-06,4.003179500694464337e-06,5.482866896340015791e-06,6.968252276511846706e-06,7.902943312929482878e-06,8.310430109323018491e-06,8.653911814955205124e-06,9.485842168107706546e-06,1.108107868857526949e-05,1.323715048542624808e-05,1.532849018551870788e-05,1.657194922616644721e-05,1.636331471117095433e-05,1.452277591933665800e-05,1.134480262424932540e-05,7.449462805720714144e-06,3.524517348007661121e-06,8.707135180031425146e-08,-2.633234940498484979e-06,-4.659994633275099967e-06,-6.132511493554284195e-06,-7.155945582456415159e-06,-7.721792208406770655e-06,-7.731996512838310934e-06,-7.099648393461405386e-06,-5.860123508979899548e-06,-4.226446706675834578e-06,-2.557198721505228651e-06,-1.252750688474494039e-06,-6.301417169399421195e-07,-8.324457597499998581e-07,-1.805943380964204460e-06,-3.343167811852698160e-06,-5.161728152331223458e-06,-6.980822006446710494e-06,-8.569789199115509867e-06,-9.765025271575524559e-06,-1.046872960490867202e-05,-1.064627285020753198e-05,-1.032934270277232595e-05,-9.618540341512332975e-06,-8.672406188045557847e-06,-7.675135111743752099e-06,-6.789028170700189665e-06,-6.110392757606288250e-06,-5.649791767033640747e-06,-5.346442291357870105e-06,-5.108075359267479807e-06,-4.852946047918826199e-06,-4.529625663544999031e-06,-4.104549450980005117e-06,-3.529245487505972552e-06,-2.715398227140767879e-06,-1.545306556175953637e-06,7.395997651864502422e-08,2.132882418211274060e-06,4.459956149836079681e-06,6.722350275591452976e-06,8.504539727876239769e-06,9.443883311536955822e-06,9.368327987553733108e-06,8.371682818790977118e-06,6.784331031665712003e-06,5.043648961995879002e-06,3.517262261694557680e-06,2.358972276442055911e-06,1.466533174209508851e-06,5.651143236362420957e-07,-6.194844151935223191e-07,-2.179327455048612703e-06,-3.924184887033909664e-06,-5.417363680167373254e-06,-6.139144651013778358e-06,-5.707828514829508366e-06,-4.058025215956191389e-06,-1.492331979794448032e-06,1.420661714723534737e-06,4.058257234401304143e-06,5.970334207658531198e-06,7.018866121906445606e-06,7.369702390135647585e-06,7.346445530462616647e-06,7.222026437664562281e-06,7.052946481508875585e-06,6.639585315079238361e-06,5.633536290146838741e-06,3.739756593276022362e-06,9.131892060670234059e-07,-2.549582674026596996e-06,-6.072958052329804143e-06,-8.993321951425046687e-06,-1.078930452259440989e-05,-1.124274090290046324e-05,-1.045674986833588354e-05,-8.730171635999193512e-06,-6.362026213711656264e-06,-3.497305326794648201e-06,-1.051539117646302713e-07,3.890054500284821546e-06,8.391118656903968730e-06,1.294891267452835018e-05,1.674409536122169724e-05,1.878356045286291750e-05,1.826027065016004724e-05,1.493255832904898467e-05,9.346557682533047177e-06,2.774819828580807130e-06,-3.141049530361212933e-06,-6.924701999299924315e-06,-7.769775529150597571e-06,-5.807886893270872356e-06,-2.024046636693878586e-06,2.150301425447449772e-06,5.399411929242805273e-06,7.006995253693135991e-06,7.063281653798967252e-06,6.319145451088528500e-06,5.765663832149707784e-06,6.135341648746528076e-06,7.549769544611663422e-06,9.466066877202688109e-06,1.093556372057745843e-05,1.104710535279999849e-05,9.348239817805924362e-06,6.054694113648391816e-06,1.961184119261209346e-06,-1.895096490576743088e-06,-4.657724038559375109e-06,-5.969307068763603993e-06,-6.050985959886156295e-06,-5.525548423632381114e-06,-5.084249994034981025e-06,-5.161945444098000620e-06,-5.769352251265834397e-06,-6.547251775688011041e-06,-6.998798657689917139e-06,-6.775609574665982386e-06,-5.877129186852181019e-06,-4.674111261405706698e-06,-3.756507241205924148e-06,-3.687897482130369230e-06,-4.784127768342128891e-06,-7.009896824192730406e-06,-1.002090166233730498e-05,-1.330766893164634007e-05,-1.635691843777713908e-05,-1.875470722996355763e-05,-2.020324992000289155e-05,-2.048038335048028334e-05,-1.940393452112642477e-05,-1.685433772676620863e-05,-1.286381419238102867e-05,-7.726155534796671424e-06,-2.050360565405014186e-06,3.305492791411352393e-06,7.430123092176797518e-06,9.626672616274118777e-06,9.647344455921736967e-06,7.791190285321227354e-06,4.812759212294834128e-06,1.668992212461654074e-06,-7.978325525673273528e-07,-2.115741649036533925e-06,-2.280369697440511650e-06,-1.667627729248942803e-06,-8.145934042920436231e-07,-1.724547516267083368e-07,6.361556832779763449e-08,-1.154845335928561357e-08,-1.074281335659845105e-07,1.020454448922728256e-07,8.327314048211058812e-07,2.116031527636014021e-06,3.807014537503777334e-06,5.644103018607091838e-06,7.314709503485689421e-06,8.497814868741009324e-06,8.887633072351389021e-06,8.227468572587876786e-06,6.380391450842868979e-06,3.432028857441140150e-06,-2.208433428246939992e-07,-3.865484492601737874e-06,-6.604735510888100399e-06,-7.619675550045831794e-06,-6.483805482113801263e-06,-3.397369092218732682e-06,7.850415787309496765e-07,4.790389876030732926e-06,7.371682551217845009e-06,7.801537695472611158e-06,6.209685461940194408e-06,3.601751916883106000e-06,1.517350983891698937e-06,1.436628828705463782e-06,4.160302809193249008e-06,9.414937983422288793e-06,1.585602771549796236e-05,2.148622016121087052e-05,2.433906398541891089e-05,2.317062215981965530e-05,1.789795148377224573e-05,9.625394942368316038e-06,2.626263061074033644e-07,-8.106514047272689595e-06,-1.386116282590526867e-05,-1.626025488895135927e-05,-1.551689996093881860e-05,-1.255033690688737774e-05,-8.554433280481845933e-06,-4.571454056536029103e-06,-1.227832931657636640e-06,1.302051420978524600e-06,3.142497049186109415e-06,4.484510638152935880e-06,5.400653306835966083e-06,5.789875225488334457e-06,5.462137946043512910e-06,4.303640709965277840e-06,2.428252875193854027e-06,2.310717176302808939e-07,-1.692565544650349201e-06,-2.737527734884335923e-06,-2.514003680181681573e-06,-1.014429056402681080e-06,1.350842715589167842e-06,3.872770151501376842e-06,5.781176821643226132e-06,6.515674828954512847e-06,5.927257309245466784e-06,4.329135649104188247e-06,2.370110175014735976e-06,7.730573326896814085e-07,3.848576718189518350e-08,2.339132470986982717e-07,9.617187800505849995e-07,1.528182912998620602e-06,1.250806413519383477e-06,-2.240868254377200388e-07,-2.734907388334447119e-06,-5.641870007058277853e-06,-8.085099793209594372e-06,-9.360452959914685182e-06,-9.249011072545543658e-06,-8.146807511342555696e-06,-6.923270250190353431e-06,-6.556473222694598662e-06,-7.697040743753686789e-06,-1.035147011443882715e-05,-1.382906030873411910e-05,-1.698338340511362665e-05,-1.865002728216082681e-05,-1.809634539381225937e-05,-1.529561802503301077e-05,-1.091803000561931472e-05,-6.055847684330090721e-06,-1.811607519944562869e-06,1.074102892821691758e-06,2.412370300517654681e-06,2.523618990662465663e-06,2.017987242047790533e-06,1.518741894191210588e-06,1.449795787971107752e-06,1.953364079892750322e-06,2.929300003943749462e-06,4.135445338633609621e-06,5.282312052288177876e-06,6.089806489921319269e-06,6.318996974429338355e-06,5.814521049004742957e-06,4.577019307099896756e-06,2.841805080643902430e-06,1.102504436902007533e-06,1.933118588831911214e-08,2.015062819963005523e-07,1.930461717735588741e-06,4.950541645095740613e-06,8.454565544229757546e-06,1.131895787059980798e-05,1.252437726278973773e-05,1.159114685296033376e-05,8.824448160689132406e-06,5.230800349027461929e-06,2.112527264055992166e-06,5.043135227180348174e-07,7.063000287026952646e-07,2.140018452780426370e-06,3.612108283805025812e-06,3.879305299583134030e-06,2.258632490960272122e-06,-1.005338620572193889e-06,-4.798518993877572360e-06,-7.606473359724954707e-06,-8.186271992952419855e-06,-6.134149004620038017e-06,-2.087766537547436756e-06,2.529670286990380672e-06,6.105434671103783673e-06,7.502367868755258900e-06,6.497475853127312880e-06,3.810552522900445497e-06,7.310402367750889557e-07,-1.469731049246763104e-06,-2.069730116180574549e-06,-1.143660347598780931e-06,5.571605999933256453e-07,2.006580034772802133e-06,2.384672720788966243e-06,1.420513217963282901e-06,-5.380126567972663050e-07,-2.728841256095855515e-06,-4.338046058096852088e-06,-4.849996482836883682e-06,-4.241683165571849944e-06,-2.959749143192574507e-06,-1.713324790844171779e-06,-1.181892185408574590e-06,-1.754773311826959725e-06,-3.391561705380861331e-06,-5.640950161769569897e-06,-7.801432586121649821e-06,-9.166345280749787369e-06,-9.273506948916247002e-06,-8.077311370552236786e-06,-5.979363488472283114e-06,-3.693307357945213565e-06,-1.975849183526418273e-06,-1.314135668861956234e-06,-1.695018472090845511e-06,-2.570076784566748715e-06,-3.062942911641078423e-06,-2.360861381362617887e-06,-1.342585779299487234e-07,3.212126960654820090e-06,6.603016633110437656e-06,8.686486808224056492e-06,8.414151155024409586e-06,5.553835914561552908e-06,8.829841167497115462e-07,-4.061603732893966816e-06,-7.599197565819221865e-06,-8.623275917741171485e-06,-7.089453840318266599e-06,-4.028785349558933724e-06,-1.057732236514403632e-06,4.000720984826604917e-07,-1.863571997804206745e-07,-2.178292962930358176e-06,-4.063160214073730199e-06,-4.196474779757586758e-06,-1.638334824667316864e-06,3.324835075710322452e-06,9.238886696736556755e-06,1.410726278293360935e-05,1.629084371573027477e-05,1.525150602641977349e-05,1.178134854075393775e-05,7.609823218306969523e-06,4.584971926473384856e-06,3.830718085496151959e-06,5.286779067621120281e-06,7.840065649820955262e-06,9.957869331054048972e-06,1.048592016441549903e-05,9.203327603083363194e-06,6.864794900705308702e-06,4.733436253508784289e-06,3.871437287314425567e-06,4.573534388092003172e-06,6.240686461666985228e-06,7.747713663784073482e-06,8.090377603309054200e-06,6.947964202842444320e-06,4.846654778076062473e-06,2.830314410570208816e-06,1.819782627628550441e-06,2.020772039748206748e-06,2.725054608031219993e-06,2.643742943223721111e-06,6.215535343229670043e-07,-3.639121777903370093e-06,-9.245077293130231645e-06,-1.438701152382182021e-05,-1.713081070927937534e-05,-1.635820324889309996e-05,-1.239032100998581004e-05,-6.962130099016428027e-06,-2.522722962149190955e-06,-1.166160983632241036e-06,-3.686024698239410014e-06,-9.198643495142007852e-06,-1.551634720879766123e-05,-2.010045049543164605e-05,-2.115427492109269762e-05,-1.835810824563271221e-05,-1.292522287600480428e-05,-6.981174910491896604e-06,-2.579781415390821724e-06,-8.212097216039770283e-07,-1.465034561834023009e-06,-3.178925547346854266e-06,-4.260841592727645381e-06,-3.465786326183829099e-06,-5.493710839140869470e-07,3.694544418354637375e-06,7.868644842034327880e-06,1.062867032277237557e-05,1.123405501017809694e-05,9.753209581744669000e-06,6.878428433806639837e-06,3.499902289201098630e-06,2.859130398225961094e-07,-2.522319002128445429e-06,-5.033731194371598490e-06,-7.440994073497730522e-06,-9.749800144412283030e-06,-1.167120377548009911e-05,-1.273500134466164522e-05,-1.254834585930723347e-05,-1.104122798462348923e-05,-8.551997730719610022e-06,-5.700386401774399654e-06,-3.116045503617045184e-06,-1.169121312480591642e-06,1.561469330989144400e-07,1.186920695076391595e-06,2.339758537594668661e-06,3.880809955734923031e-06,5.797979450256453629e-06,7.841991257490385058e-06,9.692188381880324121e-06,1.113318340824910512e-05,1.213024377888326194e-05,1.276210865078597034e-05,1.306634026634716906e-05,1.291501017740859258e-05,1.202706301499659387e-05,1.014097985478996575e-05,7.263647436645452578e-06,3.843151681438225475e-06,7.305209861661296665e-07,-1.102363497662724996e-06,-9.845600105438741972e-07,1.093426195752111291e-06,4.379127529036033994e-06,7.605614552360619120e-06,9.505262019097292581e-06,9.364389019831919074e-06,7.353560162523349792e-06,4.460634679041054231e-06,2.039186888593212508e-06,1.174392807656218647e-06,2.166114346042012888e-06,4.381613929965386032e-06,6.556542114756664608e-06,7.405519670809637358e-06,6.249940670691713801e-06,3.358225548481346608e-06,-1.689695100312475546e-07,-2.915351177125498834e-06,-3.818416364752257803e-06,-2.668600207645966136e-06,-1.989550574914646282e-07,2.273826320314872552e-06,3.479275276050759270e-06,2.788715258432423188e-06,4.942603060245503815e-07,-2.352206109514088580e-06,-4.449766673105076835e-06,-4.855682240404602122e-06,-3.401082956793448731e-06,-7.320417627923802854e-07,2.020123565568513454e-06,3.761653509108101456e-06,3.897465419674237780e-06,2.526268744853095558e-06,3.092092333677321256e-07,-1.889253599609906059e-06,-3.394561518563389596e-06,-3.965407473856287287e-06,-3.801434294950807009e-06,-3.356262648589958430e-06,-3.083791437054183618e-06,-3.252965613727617090e-06,-3.901216542933824276e-06,-4.905918854520112857e-06,-6.092203924318906348e-06,-7.296538008241556176e-06,-8.360021711915048090e-06,-9.091666450009199389e-06,-9.272437930895020429e-06,-8.742717474278394134e-06,-7.545830655896065732e-06,-6.035476471594706862e-06,-4.843672591942630876e-06,-4.666632477660513219e-06,-5.932371096398004180e-06,-8.506123299844617732e-06,-1.160785327930880015e-05,-1.403610248411251930e-05,-1.464436445633910175e-05,-1.287326506217172042e-05,-9.083280618460725490e-06,-4.500240765787621300e-06,-7.573187562017124211e-07,7.866798594342581406e-07,-3.494045490969504146e-07,-3.527949217117108500e-06,-7.239325500203574253e-06,-9.737020598680052770e-06,-9.777607837460804285e-06,-7.130738630811633666e-06,-2.632472265474870676e-06,2.229176410795186862e-06,5.990028099224073040e-06,7.826674782726998386e-06,7.837413573136537182e-06,6.883990626554317158e-06,6.105518067551641884e-06,6.363464248593887884e-06,7.887335142139613540e-06,1.026696204059780077e-05,1.275002988748814466e-05,1.465274291027631944e-05,1.565346452494615506e-05,1.582688955913109271e-05,1.543531843995538447e-05,1.463332507534823192e-05,1.328581192165224276e-05,1.102547695898367990e-05,7.528067546525229655e-06,2.846853232882354621e-06,-2.400526320230799016e-06,-7.130525958328830149e-06,-1.016460393505135861e-05,-1.070886981240514459e-05,-8.709799788441897615e-06,-4.905030702446353575e-06,-5.351370419488343160e-07,3.151560276993452684e-06,5.369630307035143552e-06,6.028729904952308590e-06,5.637146577408927675e-06,4.950433851679097805e-06,4.558334937121453557e-06,4.619028310670545738e-06,4.858662810677496915e-06,4.808502434208411543e-06,4.130212066826652706e-06,2.844172114692538031e-06,1.340182338209376577e-06,1.748607757480783209e-07,-2.243413118139150709e-07,2.163221792734081374e-07,1.182364252984403930e-06,2.137231593372828529e-06,2.591724990244952947e-06,2.329375565081430224e-06,1.472922823703940713e-06,3.698195380144783644e-07,-6.260589453046956119e-07,-1.348359937929636786e-06,-1.882494656243108692e-06,-2.474707530720567324e-06,-3.349852293884995643e-06,-4.549821281850640939e-06,-5.886167978609708883e-06,-7.029186003629490871e-06,-7.674864081045762256e-06,-7.688035223963199594e-06,-7.138690448447235955e-06,-6.216201770150678001e-06,-5.081816466839603202e-06,-3.757749849854204269e-06,-2.128482976112880383e-06,-5.944507641021442834e-08,2.438221975907853720e-06,5.104398834844979315e-06,7.468045766956948714e-06,9.027699006077738117e-06,9.489405066484806611e-06,8.933419323038937037e-06,7.807646914709502893e-06,6.732084540841559128e-06,6.199832400675990870e-06,6.321777357914038443e-06,6.748654550320645121e-06,6.820041475668965155e-06,5.876953674171189699e-06,3.591054885392548893e-06,1.523539890990420029e-07,-3.775526792981889370e-06,-7.312248094752848206e-06,-9.710534988119045295e-06,-1.064106661296081750e-05,-1.029267545544642464e-05,-9.259324710160663169e-06,-8.281604665547169649e-06,-7.964893926332434129e-06,-8.587549341466986725e-06,-1.005363777964339152e-05,-1.197301216469800771e-05,-1.380555592620489897e-05,-1.500456725553829515e-05,-1.512649267490006000e-05,-1.391127592603253054e-05,-1.135126327668677287e-05,-7.748478144023856611e-06,-3.727003221335110155e-06,-1.500914419514856113e-07,2.085818653087627050e-06,2.347358655047331581e-06,5.492165618344168244e-07,-2.707061181551593352e-06,-6.242240561110491419e-06,-8.661331312945879637e-06,-8.852612783798483615e-06,-6.424687305803569659e-06,-1.885379585796816747e-06,3.535012476039914286e-06,8.358668559265201877e-06,1.143689523987115890e-05,1.237833987757415816e-05,1.164118947364997143e-05,1.025457342979389360e-05,9.305527900895304593e-06,9.434433799301220308e-06,1.057158116398528577e-05,1.202584427890687838e-05,1.286424538666838661e-05,1.238414761808077421e-05,1.044496176843132290e-05,7.507953809867490057e-06,4.386042349311005309e-06,1.850073909357093620e-06,3.003771565157434330e-07,-3.363975387776741150e-07,-4.550094459307761246e-07,-4.728512555500578510e-07,-5.670465321037084426e-07,-5.998155223844993193e-07,-2.699073339519310689e-07,6.066428858530733189e-07,1.862539627536060283e-06,2.947596827542347131e-06,3.144521242339070573e-06,1.936219794898621704e-06,-6.656165039877117468e-07,-4.015500486247600641e-06,-7.032030765820696442e-06,-8.625519420731166015e-06,-8.161767422574883087e-06,-5.743173628371875384e-06,-2.172570415328250785e-06,1.383452021159510587e-06,3.872961894908606381e-06,4.758304089345511246e-06,4.163631945256256672e-06,2.726053923731661844e-06,1.248982580054243930e-06,3.408674385965715300e-07,2.097337184663336185e-07,6.868654584648075269e-07,1.427655492833271222e-06,2.151803038605745548e-06,2.781521804194254163e-06,3.411359555152820410e-06,4.150107146389890708e-06,4.951996561401963612e-06,5.558059029561546970e-06,5.598787877349382076e-06,4.807659429387026127e-06,3.221124701486267732e-06,1.238231167499067090e-06,-5.145075931392736271e-07,-1.459178898887404913e-06,-1.345972556453838647e-06,-3.874194372394009785e-07,8.311674669572126805e-07,1.627863408586575551e-06,1.550026864910649592e-06,5.835394275966126150e-07,-8.629629479746583553e-07,-2.191044383757620601e-06,-2.941242419570910932e-06,-3.045364546273238880e-06,-2.868960372532199915e-06,-3.019427203609559158e-06,-4.017113412281777361e-06,-5.998273426751140113e-06,-8.602916349464203861e-06,-1.110634713489326565e-05,-1.273000731932962632e-05,-1.297878027871644585e-05,-1.184269413458247431e-05,-9.773394753798974222e-06,-7.460075598775181414e-06,-5.525622980458791174e-06,-4.293189057622922685e-06,-3.724607554355660207e-06,-3.534971059712567504e-06,-3.396434290325976267e-06,-3.107412677621942226e-06,-2.637746738542418397e-06,-2.043228256243997779e-06,-1.325055613062021502e-06,-3.436956752672159405e-07,1.137348351981498002e-06,3.284998255605560812e-06,5.998230146540930802e-06,8.804313747819160192e-06,1.093949571138073140e-05,1.161103625909961934e-05,1.033621216712678729e-05,7.199224330493769801e-06,2.891446661504080879e-06,-1.503938559953646145e-06,-4.900858257647275092e-06,-6.604827617421133321e-06,-6.538431458275596065e-06,-5.201030169448808358e-06,-3.390619454008277458e-06,-1.826165098328986120e-06,-8.505970872274031218e-07,-3.481368971135504438e-07,1.008473539259926172e-07,9.226087930050804937e-07,2.272502177075733225e-06,3.922281362684861354e-06,5.366798136039046554e-06,6.088197510552602676e-06,5.833456579055362355e-06,4.755185054028360368e-06,3.338572584357288840e-06,2.151143232258472688e-06,1.547355486852655013e-06,1.487055430013004307e-06,1.570230987421326767e-06,1.278260893464869280e-06,3.009615905729873621e-07,-1.223216132414113205e-06,-2.690736113910731043e-06,-3.268934453971094571e-06,-2.284813234825174059e-06,4.169915385072443546e-07,4.326743604062839470e-06,8.418975553486525489e-06,1.154536365154062132e-05,1.289888417906351452e-05,1.233751367787861329e-05,1.041677364948240683e-05,8.114635241472326353e-06,6.376278435385399209e-06,5.690838029270807861e-06,5.896339760439688880e-06,6.299597102437867407e-06,6.047306322785935147e-06,4.565545991471999182e-06,1.854871868494430958e-06,-1.498590561241736954e-06,-4.595478072832319516e-06,-6.640319985885903869e-06,-7.296845335028168908e-06,-6.809994215787438143e-06,-5.843123910898559367e-06,-5.122906719315967882e-06,-5.079589523200285006e-06,-5.668375101492355697e-06,-6.459737979625034062e-06,-6.942804531605393363e-06,-6.870913964448123609e-06,-6.452768921443257100e-06,-6.271534902810042791e-06,-6.959038473059949501e-06,-8.788640099896936631e-06,-1.140629020297570169e-05,-1.386202651821723543e-05,-1.495856281677321575e-05,-1.377100319727653551e-05,-1.009479235428586039e-05,-4.599870817850929419e-06,1.398332577639203599e-06,6.458603396579526728e-06,9.589925387840250067e-06,1.061848446369126288e-05,1.017792050634981704e-05,9.334617543351422282e-06,9.033999649499326902e-06,9.637174836856993648e-06,1.076904501304568076e-05,1.154344633171367515e-05,1.104525289032870547e-05,8.825312265097451077e-06,5.161954465722626863e-06,9.619622615229253873e-07,-2.646385827690406098e-06,-4.825019734155387537e-06,-5.391624667802661109e-06,-4.864573532775139435e-06,-4.172889345568910624e-06,-4.179857498638271703e-06,-5.254847890407690447e-06,-7.097318034393422866e-06,-8.888946339017298311e-06,-9.690457387743565666e-06,-8.887456332879515415e-06,-6.476194850409812845e-06,-3.066472069981932682e-06,3.827837596011578323e-07,2.958982427160492262e-06,4.139013866958431118e-06,3.938993115563855870e-06,2.832253305486952774e-06,1.504828495413656060e-06,5.781406466657421430e-07,4.191477469110990988e-07,1.093637641761998949e-06,2.439374555833371594e-06,4.185014575349800669e-06,6.039981958174137871e-06,7.721714011532330787e-06,8.939515460402885599e-06,9.385386794755124068e-06,8.774402528301275292e-06,6.937943534034590967e-06,3.928372943483766932e-06,7.208382512574578577e-08,-4.076380746416635056e-06,-7.880667190536668623e-06,-1.081954417989825365e-05,-1.265485677730375954e-05,-1.349843620537699165e-05,-1.374685786229927397e-05,-1.390752729064464367e-05,-1.438304894433689620e-05,-1.529583128132196783e-05,-1.641826749178024262e-05,-1.723544316845263246e-05,-1.712288828057252719e-05,-1.558527080792442907e-05,-1.248114383726832512e-05,-8.156886303117501008e-06,-3.430672099509736955e-06,5.954778978040644784e-07,2.864402862657531407e-06,2.744489315979630486e-06,3.318033125997205456e-07,-3.458924831237042601e-06,-7.094192738060176932e-06,-8.890705508772795942e-06,-7.614370630605531014e-06,-2.987971731498447198e-06,4.114132910224576680e-06,1.190682425487114646e-05,1.832226051549550996e-05,2.180228177650793812e-05,2.193513751711965261e-05,1.965247674650382411e-05,1.687079848635009155e-05,1.569773509952218312e-05,1.752418911390624020e-05,2.239249675742570298e-05,2.892721935308451017e-05,3.487652177045418386e-05,3.804200155612089986e-05,3.719677696576910800e-05,3.259073079192620505e-05,2.582257241830043708e-05,1.914021846523629477e-05,1.448474634819279443e-05,1.270198402256820617e-05,1.326079228279436519e-05,1.458055933121935587e-05,1.479493525035161457e-05,1.259259690845848172e-05,7.761308553153615909e-06,1.217464832413120100e-06,-5.451692398973511476e-06,-1.069101154308548241e-05,-1.359621624406123837e-05,-1.419054639391653112e-05,-1.328378453121497409e-05,-1.203513463912329174e-05,-1.145753515937821646e-05,-1.208952315549806074e-05,-1.394269929305181577e-05,-1.668036127337628593e-05,-1.987785664609352805e-05,-2.320589707763230026e-05,-2.645675195836614450e-05,-2.944531297496572408e-05,-3.189470429892125663e-05,-3.341694821374927227e-05,-3.362817115664658529e-05,-3.234178423564463249e-05,-2.972179919782764619e-05,-2.628966470381998932e-05,-2.275603942959691014e-05,-1.974865745171740074e-05,-1.757080015803547831e-05,-1.611426259829525629e-05,-1.497048182674037032e-05,-1.367764523327947280e-05,-1.196892087296251931e-05,-9.888094789168197746e-06,-7.713617474517138817e-06,-5.739327702972449891e-06,-4.040864891978920578e-06,-2.366484397991807992e-06,-2.240921021691766914e-07,2.870927189185311499e-06,7.112042229603094687e-06,1.223065510525468729e-05,1.753182966522796022e-05,2.212705050271252972e-05,2.525684870264306912e-05,2.655488620533185597e-05,2.613939146629445421e-05,2.450671794154657776e-05,2.229681237839085015e-05,2.005257057549006422e-05,1.808100712119296011e-05,1.645706170844427467e-05,1.513118761073875908e-05,1.405369310246593628e-05,1.323541256145130983e-05,1.271658130923703222e-05,1.247943687889917508e-05,1.237647483467304728e-05,1.213503858213998178e-05,1.144886118457355777e-05,1.011012552804095600e-05,8.106900076782130852e-06,5.628197950079129117e-06,2.972179940815177914e-06,4.101988511311085984e-07,-1.914218642834571711e-06,-3.993418192176765281e-06,-5.869645373593105855e-06,-7.513491705104006348e-06,-8.751188662366951525e-06,-9.300382916207902755e-06,-8.910643650847617844e-06,-7.538573628515298175e-06,-5.457101324354124948e-06,-3.224358225456997961e-06,-1.508176026314305213e-06,-8.402337738141045700e-07,-1.415954488333564061e-06,-3.037489315005985585e-06,-5.225630928663352959e-06,-7.439888850618730160e-06,-9.291289313879891865e-06,-1.064028964806117456e-05,-1.153913576592295274e-05,-1.206766640128682577e-05,-1.217392841794497927e-05,-1.162976302022200747e-05,-1.014498825045853600e-05,-7.586955383190673037e-06,-4.178963070442302188e-06,-5.449941753359589053e-07,2.461564114220956507e-06,4.093744573506701131e-06,4.061206312041011850e-06,2.715854950801977537e-06,9.564228136929990767e-07,-1.355958310445038665e-07,2.180632789570269926e-07,2.103762616758136416e-06,4.814723388151858149e-06,7.105120735335694719e-06,7.706598767741188044e-06,5.889840562299694966e-06,1.825336807981980459e-06,-3.419712546806496953e-06,-8.254044527071270553e-06,-1.114978043596211490e-05,-1.119919193860257547e-05,-8.414209358453302503e-06,-3.659720757869238442e-06,1.727659018296661416e-06,6.453673138571235108e-06,9.689367500949857862e-06,1.123893390729224707e-05,1.141791239177589333e-05,1.074250366201140954e-05,9.608529830042886541e-06,8.125229949302291500e-06,6.175414115422759913e-06,3.648300675659451028e-06,6.972475650544401124e-07,-2.141982838648250188e-06,-4.067387966682077497e-06,-4.334257755954948667e-06,-2.643659893894291753e-06,5.978765478045003246e-07,4.300212414874947195e-06,7.026858862535634485e-06,7.536511131202311707e-06,5.312607114953692967e-06,8.500580316251447597e-07,-4.444102614208281057e-06,-8.723379609158979855e-06,-1.037617505321346320e-05,-8.637860307888479996e-06,-3.893073607251571029e-06,2.457756090436708334e-06,8.516818511965492462e-06,1.258389014817025126e-05,1.374873935919313316e-05,1.214853587856993686e-05,8.801885338271421888e-06,5.110073343061541994e-06,2.252370688961823063e-06,7.372870937306281702e-07,2.919566390875424556e-07,1.148145572027527749e-07,-6.462475703887220868e-07,-2.423974587347733954e-06,-4.991000562705959052e-06,-7.555886269574972744e-06,-9.143646069994407511e-06,-9.076150192196786269e-06,-7.323368850154200152e-06,-4.558756329053245931e-06,-1.890554554528563224e-06,-3.903611528900073287e-07,-6.321036464649888410e-07,-2.447763415966756868e-06,-5.006118859104064066e-06,-7.175194726109380820e-06,-8.005034008695694552e-06,-7.119801865191161245e-06,-4.855374833293700841e-06,-2.095350942294819990e-06,1.102054341622030896e-07,9.715171481183896735e-07,2.515233258907919492e-07,-1.686455547635418357e-06,-4.075255113874369968e-06,-6.082541270820254627e-06,-7.140049043125617908e-06,-7.130328407950583118e-06,-6.369708867304046135e-06,-5.415469003017636466e-06,-4.793125221203374955e-06,-4.761332010394428004e-06,-5.204535064739132839e-06,-5.684721285232706203e-06,-5.620442002812846814e-06,-4.517881721021280488e-06,-2.167532961456572386e-06,1.260348317704764939e-06,5.249283477140733642e-06,9.083445509066364132e-06,1.205755699411776641e-05,1.368211115186627600e-05,1.381934424370226026e-05,1.270758187376263023e-05,1.086702602649969910e-05,8.918946501056089967e-06,7.380288067098463665e-06,6.505496447824750199e-06,6.231147765293253699e-06,6.240553193193921366e-06,6.118685025860082931e-06,5.531742625893089358e-06,4.356825010130120601e-06,2.710770421022429127e-06,8.736252893050654065e-07,-8.497375646036439478e-07,-2.259604093174770699e-06,-3.320689673969359695e-06,-4.127290538604662563e-06,-4.801201246766228915e-06,-5.384923456539471324e-06,-5.794636918890482193e-06,-5.863927467356959685e-06,-5.457517889453378449e-06,-4.591787456099690743e-06,-3.489292041577051384e-06,-2.524647628665526403e-06,-2.074814872956880176e-06,-2.339598575895513756e-06,-3.220027008864876770e-06,-4.320382412151313443e-06,-5.083521450725344171e-06,-5.006077719210346638e-06,-3.841420070782590190e-06,-1.702971245321341032e-06,9.740506304708101076e-07,3.591097121052232976e-06,5.593361012005234787e-06,6.639714990577919242e-06,6.675506835516664044e-06,5.897537371716411156e-06,4.646961169567709222e-06,3.287191658114520623e-06,2.113763393447629883e-06,1.312822797680781510e-06,9.554375528280988475e-07,1.003735744687684113e-06,1.315762315019878332e-06,1.657382679511238977e-06,1.742881556093071219e-06,1.317839179069995878e-06,2.700218031200732805e-07,-1.276896360711612638e-06,-2.943728495130257577e-06,-4.186134188157574772e-06,-4.481741044999589541e-06,-3.547063773697492326e-06,-1.488798964194471027e-06,1.189083993425893708e-06,3.741663329684727420e-06,5.446530399744443830e-06,5.864245750840906199e-06,4.982592906988699893e-06,3.183638262142366744e-06,1.055690287618544256e-06,-8.553063234236977946e-07,-2.235847536313308919e-06,-3.053542996275443865e-06,-3.459413635217922396e-06,-3.616797975797119202e-06,-3.565693930340094121e-06,-3.205359769331938566e-06,-2.404238983508611366e-06,-1.165837581729606628e-06,2.617968196257712425e-07,1.421188534774947861e-06,1.834013478001984505e-06,1.259279823346099493e-06,-1.169704913031392106e-07,-1.680277503659248976e-06,-2.607611652703556311e-06,-2.227365609882790151e-06,-3.563645298209107296e-07,2.553523281964340501e-06,5.545682341728626536e-06,7.522968538669688622e-06,7.688250358943493338e-06,5.862278228815663908e-06,2.534657054989546579e-06,-1.370583464347179747e-06,-4.898190172243119093e-06,-7.439545132044334882e-06,-8.909741539407878153e-06,-9.653381410061246293e-06,-1.014634656226944444e-05,-1.066146821023969507e-05,-1.107898834873636366e-05,-1.094238639748257260e-05,-9.728685437826933838e-06,-7.187821733728607561e-06,-3.567024737868959407e-06,4.069005195780606001e-07,3.791422973096197568e-06,5.816278874703806378e-06,6.208996230020781379e-06,5.300731495448029954e-06,3.863164373587005650e-06,2.758593761369445138e-06,2.573900726057649406e-06,3.411032604089256667e-06,4.922901702772984000e-06,6.558160497308488035e-06,7.875461928416832734e-06,8.759024829174471508e-06,9.425483499814592617e-06,1.022560859797647455e-05,1.135445059119142384e-05,1.263347445329575067e-05,1.349317788363759830e-05,1.318265574560708618e-05,1.111522296056794085e-05,7.185390861745026935e-06,1.899023176573422618e-06,-3.757553662764162284e-06,-8.662825059505465050e-06,-1.197293345378802045e-05,-1.342272570726390795e-05,-1.338489441931445477e-05,-1.266419301861445601e-05,-1.211901596791500092e-05,-1.227477045293228740e-05,-1.309253703113517098e-05,-1.398623376034897470e-05,-1.407534931711172175e-05,-1.256483801907882353e-05,-9.097564839196258356e-06,-3.942794261972271012e-06,2.045820331147963654e-06,7.679375951788870811e-06,1.179301283445250043e-05,1.358685379500133121e-05,1.283735546196217798e-05,9.921835868580385821e-06,5.666131425769535166e-06,1.081029784706201382e-06,-2.919697184615851531e-06,-5.733082443362719999e-06,-7.158933665232092760e-06,-7.361694092984970913e-06,-6.735503019920889324e-06,-5.730796412623939238e-06,-4.703326060886379763e-06,-3.828629864089469531e-06,-3.095538934049780379e-06,-2.363239417902662081e-06,-1.448334838897326296e-06,-2.064587198591110770e-07,1.414881940681228495e-06,3.357548833942508007e-06,5.459494918238592643e-06,7.475058642308581215e-06,9.103800776934544410e-06,1.003273724443870853e-05,1.000005582852751988e-05,8.879120752857902216e-06,6.762385437381125278e-06,4.006882448543809112e-06,1.200430628678207328e-06,-9.707220429068146223e-07,-1.930250445712654653e-06,-1.428713079653114586e-06,3.221189651353419744e-07,2.673287584194747435e-06,4.740435511117437867e-06,5.725442046681858676e-06,5.236118862610106568e-06,3.465393721700980203e-06,1.137096873871212850e-06,-7.797148076202964735e-07,-1.481171769904955898e-06,-6.908909024068239466e-07,1.191027531449000448e-06,3.232965168171816894e-06,4.363395996877848744e-06,3.847090433133187781e-06,1.636720115082472582e-06,-1.563134523729894529e-06,-4.559898116518966608e-06,-6.159592572591170573e-06,-5.668816460668712856e-06,-3.194438207740465684e-06,3.889284187584864071e-07,3.787037106508599285e-06,5.794940965667539507e-06,5.745821517840560054e-06,3.714217553907752914e-06,4.065772733399612123e-07,-3.184237466024357812e-06,-6.183619648652653801e-06,-8.111671270982385374e-06,-8.924667555407674854e-06,-8.842802175863203031e-06,-8.094444638482378794e-06,-6.741341683789777600e-06,-4.692108393342359487e-06,-1.894197924138020096e-06,1.419410989765243304e-06,4.600332010406818588e-06,6.694992129937823860e-06,6.794102599956845364e-06,4.481968554653898947e-06,1.662749029469769192e-07,-4.904849988653400891e-06,-9.003040763414448758e-06,-1.054634212747055832e-05,-8.742245288283244305e-06,-3.964476864885737106e-06,2.322044366042478876e-06,8.084773990209164583e-06,1.149462211220101678e-05,1.162755268587129923e-05,8.801084698670682039e-06,4.402704477869702346e-06,2.848181938661190233e-07,-2.013167801078294257e-06,-1.883660371474115035e-06,1.470291526678034041e-07,2.705415641076594071e-06,4.205907934396888322e-06,3.548758568362544781e-06,5.801991641687560737e-07,-3.869287946263592055e-06,-8.361121582560823926e-06,-1.145377524548914397e-05,-1.226533776927386122e-05,-1.076054264682041795e-05,-7.667615290158309035e-06,-4.099327776216831792e-06,-1.073977823968118560e-06,8.456044293473865028e-07,1.655362735828455281e-06,1.750134637548318680e-06,1.617255141769218115e-06,1.553897258782729452e-06,1.544207120876337075e-06,1.335150531150706387e-06,6.435539482221665678e-07,-6.348115004544208344e-07,-2.332444356436085455e-06,-4.079666238745114357e-06,-5.490447233153356699e-06,-6.355991387250811533e-06,-6.736315696367686377e-06,-6.898209121211831745e-06,-7.132782137490839948e-06,-7.551760071634054089e-06,-7.974393899573125615e-06,-7.970615125686157770e-06,-7.045769615523665361e-06,-4.879762320146101286e-06,-1.505491606975198845e-06,2.658885300437513381e-06,6.938502921392087787e-06,1.063036657551330481e-05,1.322837307055944344e-05,1.455014932145335947e-05,1.472407773937974098e-05,1.406274254459848490e-05,1.289729978617054842e-05,1.145407069527425937e-05,9.820985715574686052e-06,7.998956816907016470e-06,5.991064591161218426e-06,3.871396005170004295e-06,1.797355712464364431e-06,-3.212699682009181943e-08,-1.438961451119441530e-06,-2.309142459929144761e-06,-2.597118337940010067e-06,-2.302500743828092681e-06,-1.450977654601209586e-06,-1.072069796152161149e-07,1.579588953252869760e-06,3.329367702679741177e-06,4.732225660372567121e-06,5.329316183705818046e-06,4.764480954934030879e-06,2.950059598261815460e-06,1.656196384375473433e-07,-2.975415740837401603e-06,-5.701764573030108113e-06,-7.345038944777416798e-06,-7.579667517668608258e-06,-6.536166682158381864e-06,-4.733292245986385741e-06,-2.855279372237552223e-06,-1.471882732788511950e-06,-8.256903112288928602e-07,-7.789301174723662947e-07,-9.356662233218508913e-07,-8.720929832017170224e-07,-3.584945905839768632e-07,5.347503776428688225e-07,1.493229456069235702e-06,2.140204517503489130e-06,2.245831753555164075e-06,1.855410541971460889e-06,1.273051242031779075e-06,9.128474244193305933e-07,1.096574807302299493e-06,1.901074667555950503e-06,3.128811050953686327e-06,4.408854570538298329e-06,5.368558782620265631e-06,5.783645795201376350e-06,5.632323349875058036e-06,5.036166075145702399e-06,4.134771407961094332e-06,2.977271470564429632e-06,1.501971352598020960e-06,-3.777789037691603674e-07,-2.628705709755750096e-06,-4.982258432725530852e-06,-6.930749937613482852e-06,-7.863927271665085753e-06,-7.301640152962678848e-06,-5.122411103978254033e-06,-1.678884835052047712e-06,2.264340766207095252e-06,5.757482057370069502e-06,7.970237440141041802e-06,8.452763355750744718e-06,7.251206650998901199e-06,4.840251376831277992e-06,1.912867066288146315e-06,-8.770536773598705564e-07,-3.113624050130949948e-06,-4.690464965937875635e-06,-5.748106771894969260e-06,-6.528112390876167138e-06,-7.222163964337103237e-06,-7.883163902779798750e-06,-8.425987860655145990e-06,-8.700057361587483154e-06,-8.586272653128556803e-06,-8.068245921299455926e-06,-7.248815296850638301e-06,-6.313383541381174876e-06,-5.465464099702757738e-06,-4.866903085425682349e-06,-4.605645402923429126e-06,-4.695878136573873822e-06,-5.099580243312905686e-06,-5.752082832184889435e-06,-6.577937295881702456e-06,-7.492678671916413931e-06,-8.394921462757498187e-06,-9.157718405507688850e-06,-9.627857487395778915e-06,-9.638709897202267596e-06,-9.038292565791302796e-06,-7.729788735222676058e-06,-5.716289057898741155e-06,-3.135310598999750427e-06,-2.645051168861306603e-07,2.517524517117106468e-06,4.818828991511359883e-06,6.352568846133012789e-06,7.047111006774262812e-06,7.098437659648139453e-06,6.926953267611336617e-06,7.034801534201545376e-06,7.805205496661842603e-06,9.321598073440285961e-06,1.129074597293444723e-05,1.312109912617713920e-05,1.414408031045288709e-05,1.389798504314430288e-05,1.235413188168562313e-05,9.976280142658313854e-06,7.568277293510177823e-06,5.957010113625142968e-06,5.637291427494090979e-06,6.533651441974426858e-06,7.993548541878420179e-06,9.030976836206348082e-06,8.729411195764967175e-06,6.638205379104575913e-06,2.992651385974720089e-06,-1.340823150637444018e-06,-5.176632084733728356e-06,-7.451779238612114106e-06,-7.615773834426319041e-06,-5.812248471486802734e-06,-2.787923636032436915e-06,4.188715372346519044e-07,2.869372490591782908e-06,4.031935911560658547e-06,3.892436751432313975e-06,2.849119534960300617e-06,1.467922944731265318e-06,2.251688298298379513e-07,-6.476764891981233449e-07,-1.166192609882033331e-06,-1.471453828899358858e-06,-1.670800882246391484e-06,-1.734821413904494560e-06,-1.503903550651385568e-06,-7.933220662839637617e-07,4.679193072239623384e-07,2.145580134729421135e-06,3.909909927548496764e-06,5.346133912974736430e-06,6.112806666062634260e-06,6.071246128426238873e-06,5.324695587599084600e-06,4.151209858717421799e-06,2.865770066785731260e-06,1.679338823999895362e-06,6.209382953302730314e-07,-4.438921785378938198e-07,-1.711299682940526263e-06,-3.304517784889263053e-06,-5.169077111390297393e-06,-7.043887918300851727e-06,-8.519281857567890325e-06,-9.157045535499044138e-06,-8.625906197056277082e-06,-6.805731899121723401e-06,-3.831308536994904257e-06,-7.133939410955978191e-08,3.941218175614327613e-06,7.602173544224017759e-06,1.032954106440659682e-05,1.164349763658179039e-05,1.122829475672706573e-05,8.976737612538244994e-06,5.017881871607090372e-06,-2.746577588300397382e-07,-6.300035549594665330e-06,-1.228095061173846483e-05,-1.735366036090119283e-05,-2.069665593779869883e-05,-2.168663466184666562e-05,-2.005645344613843828e-05,-1.601628777895238500e-05,-1.029254660151847489e-05,-4.046416784204312632e-06,1.340401075091201619e-06,4.583852140422550739e-06,4.845454481777677013e-06,2.005258011289905849e-06,-3.242879658112826074e-06,-9.533457010667079087e-06,-1.519308297338431603e-05,-1.872677238963396489e-05,-1.927053852154973101e-05,-1.685089356087322938e-05,-1.235131769228943119e-05,-7.190029704283199485e-06,-2.823113015131414207e-06,-2.567027930211148730e-07,2.501481530053789472e-07,-8.134558694628412782e-07,-2.490172842456149109e-06,-3.786238164213621086e-06,-4.067840005934493758e-06,-3.257993973775291829e-06,-1.764276887381589722e-06,-1.907913490411599511e-07,1.016454283252079544e-06,1.816418386729646969e-06,2.594216482994784659e-06,3.949636760507697779e-06,6.359039931184696089e-06,9.878529044445087288e-06,1.403775895416616717e-05,1.798377244656080345e-05,2.081548422120864481e-05,2.195814406186378254e-05,2.140645069298684867e-05,1.972459942916690652e-05,1.780312642049327766e-05,1.648333023200232488e-05,1.621844091658438094e-05,1.691999562224914648e-05,1.804907254356456582e-05,1.889800968349267314e-05,1.892296461056192428e-05,1.797046694739936227e-05,1.629824660031222792e-05,1.439297321163403847e-05,1.268518089322882356e-05,1.130805587116817829e-05,1.002097522606264739e-05,8.334814596482529494e-06,5.775799633490628247e-06,2.156804527854716648e-06,-2.278269574578901513e-06,-6.909543859521270474e-06,-1.097201008241668524e-05,-1.385496630601832712e-05,-1.533178025119407467e-05,-1.561719343834790298e-05,-1.523306279940446855e-05,-1.475409046556534319e-05,-1.455884465951095966e-05,-1.470300548581412739e-05,-1.496668848272488543e-05,-1.503893770041600846e-05,-1.473429125661264723e-05,-1.412244168502520516e-05,-1.349914731711029689e-05,-1.321108371397570755e-05,-1.342682909141528638e-05,-1.398016978007563545e-05,-1.438181221251669341e-05,-1.401423875238485998e-05,-1.243046175582756062e-05,-9.616970346133694197e-06,-6.085702193556751197e-06,-2.730599595791828918e-06,-4.906955192400471960e-07,4.490414941223213606e-08,-1.081415987686196855e-06,-3.159130954729575536e-06,-5.048461563605812829e-06,-5.607478266289250561e-06,-4.137203378686894738e-06,-6.636612394074900771e-07,4.057805483108477832e-06,8.816073245988191413e-06,1.238287590503741070e-05,1.394082421796408239e-05,1.333719429940376170e-05,1.107869785629679205e-05,8.091058373492728388e-06,5.357767136733653331e-06,3.587948083172458897e-06,3.033593461935492783e-06,3.500753194813062952e-06,4.515276587209394675e-06,5.548887406642567438e-06,6.205747196705871769e-06,6.308226792866835523e-06,5.878393177220906658e-06,5.058117286457888363e-06,4.025266840820503257e-06,2.945067516326019047e-06,1.960953664788693550e-06,1.201340537396222132e-06,7.739158760153731251e-07,7.375080996673470611e-07,1.068445129234139945e-06,1.653306968484475091e-06,2.330417805027728322e-06,2.971756978874907610e-06,3.563637821501720845e-06,4.231469629725292187e-06,5.174483067142441142e-06,6.524458016091033300e-06,8.193910555285598206e-06,9.803239054463149156e-06,1.075326395271061376e-05,1.044361358540990115e-05,8.557654680369797815e-06,5.282428906358524545e-06,1.339769279322313735e-06,-2.222560564810407453e-06,-4.421540617115671025e-06,-4.757756430520807659e-06,-3.476192308542507141e-06,-1.535303846149949308e-06,-2.708993292081717653e-07,-8.771627781856756767e-07,-3.915652041221674914e-06,-9.060519011166858229e-06,-1.519201680471376836e-05,-2.080213337202926647e-05,-2.454286489559187224e-05,-2.569004289311455289e-05,-2.433936985114624221e-05,-2.127449969011173351e-05,-1.759094198643109747e-05,-1.425739015242013080e-05,-1.180498170005436994e-05,-1.025628795357083687e-05,-9.282781952639505691e-06,-8.474590530261489542e-06,-7.569379000992792872e-06,-6.531128440645997159e-06,-5.465356563277257909e-06,-4.450871337422548868e-06,-3.409365213169029066e-06,-2.103293798624821473e-06,-2.696662015710151270e-07,2.189198822930654479e-06,5.077625096492227652e-06,7.931914034912730630e-06,1.020591814869390057e-05,1.153081173542620548e-05,1.191290469056641239e-05,1.175577718260795767e-05,1.167904030923888861e-05,1.221200363638305560e-05,1.351076942276071661e-05,1.524344419842875628e-05,1.670986523293876828e-05,1.714781874094315950e-05,1.608473814070298334e-05,1.356944515972527457e-05,1.017506204469983065e-05,6.773254786050230016e-06,4.186913755712388290e-06,2.880801992653791315e-06,2.823857624677794275e-06,3.568911619355767546e-06,4.492084313231981045e-06,5.066941935953330400e-06,5.048061969601712303e-06,4.499359443277564241e-06,3.687618259224555548e-06,2.924435669563528491e-06,2.449086604895448594e-06,2.401113821166281702e-06,2.864915305760965317e-06,3.920820351399264685e-06,5.636953652359871683e-06,7.983167932867594882e-06,1.071315601993760787e-05,1.330224543558177955e-05,1.501714110066684806e-05,1.513059559738469064e-05,1.321023436865268326e-05,9.352833573379729288e-06,4.239027673361733358e-06,-1.046471089194280036e-06,-5.378078472888202199e-06,-7.994463592090715886e-06,-8.775372507896092445e-06,-8.269832076428869613e-06,-7.462181251466235905e-06,-7.375998083202320715e-06,-8.683071498324298083e-06,-1.147480490813199170e-05,-1.527416268336666581e-05,-1.925778942234849354e-05,-2.257248364883387626e-05,-2.460570075024325867e-05,-2.511185748286842964e-05,-2.417758822473833324e-05,-2.208550543428849407e-05,-1.917001915392707901e-05,-1.573852375722621948e-05,-1.207467228316425761e-05,-8.483375611384126583e-06,-5.312646705222782458e-06,-2.907676348967535972e-06,-1.503204107337962158e-06,-1.109564647523998205e-06,-1.465135260728789649e-06,-2.101267975479808677e-06,-2.508479950604722765e-06,-2.335905273583294326e-06,-1.531576978128513324e-06,-3.538692555225770056e-07,7.559026154147170674e-07,1.383157464271109430e-06,1.335739380824889914e-06,7.363774799689419465e-07,-2.779683453350563483e-08,-4.717438228154539791e-07,-2.172758159478060288e-07,8.532728160012725754e-07,2.553740023977626608e-06,4.466939993823970017e-06,6.090432595637511651e-06,6.990502539349734213e-06,6.911220074274741674e-06,5.818230053072565426e-06,3.889284992640941314e-06,1.477646870166777427e-06,-9.337900929454022868e-07,-2.789544128603308239e-06,-3.544764438710172637e-06,-2.782964354750406339e-06,-3.509920194913230625e-07,3.535314200201310621e-06,8.273158264981137801e-06,1.298126908741994528e-05,1.672550350987281675e-05,1.879617010772657111e-05,1.893616789411320666e-05,1.742568854980121074e-05,1.498024893325087136e-05,1.249405634938443892e-05,1.072635804551564367e-05,1.005333318382475994e-05,1.037946134100384781e-05,1.123267351074510850e-05,1.198918162668038384e-05,1.212301435142432950e-05,1.137461341695470087e-05,9.780373397101234357e-06,7.575486653962195874e-06,5.040383291420443975e-06,2.378663333834505819e-06,-3.145652083205863780e-07,-2.992781594111603685e-06,-5.559823828519712464e-06,-7.808234265414145899e-06,-9.446688444127298591e-06,-1.021518926495948172e-05,-1.003118641460802464e-05,-9.083647944640271365e-06,-7.811194539142934747e-06,-6.756556351112014586e-06,-6.354486669979542490e-06,-6.749804472196954927e-06,-7.734413295267596831e-06,-8.838818856816655571e-06,-9.540286626982277357e-06,-9.492831368945372892e-06,-8.672741625341729197e-06,-7.373836995312350252e-06,-6.059412865114546314e-06,-5.146546687125480556e-06,-4.828602443715520382e-06,-5.018359932078457291e-06,-5.429645186565015741e-06,-5.743387170006963224e-06,-5.762411413301010825e-06,-5.470022115863394240e-06,-4.964929619814690341e-06,-4.318504938268920411e-06,-3.449357192146614729e-06,-2.106331221087567243e-06,6.640877632451328977e-09,3.013257537205713846e-06,6.668410314211465489e-06,1.030368494502600311e-05,1.297802476878964661e-05,1.379783999412518583e-05,1.227901598251316669e-05,8.586686528288066305e-06,3.530470112642699289e-06,-1.702057816685228109e-06,-5.970523340611315764e-06,-8.584940559254105669e-06,-9.511381405181732078e-06,-9.292689156334019854e-06,-8.727690436517225345e-06,-8.463762703922066605e-06,-8.695526547475438599e-06,-9.108045293538572935e-06,-9.082476008838820191e-06,-8.054447384379579455e-06,-5.843011125202804483e-06,-2.785918522444176812e-06,3.845712843766828648e-07,2.861840284074994477e-06,4.121926256808468208e-06,4.143406593806644397e-06,3.387793584883309682e-06,2.558559441531744090e-06,2.264623010224447768e-06,2.755266819592139270e-06,3.849312694528790203e-06,5.077317318783604583e-06,5.947030718157913861e-06,6.185631168325300565e-06,5.834976958600069154e-06,5.163427142547660133e-06,4.460886975251997181e-06,3.846390565699553187e-06,3.206237014368068125e-06,2.302492916824302933e-06,9.901560576852826992e-07,-5.870671738674720549e-07,-1.948815833155724494e-06,-2.428984331211500709e-06,-1.468612094612139533e-06,1.088750752247573258e-06,4.850748952220651771e-06,8.963569565749050357e-06,1.240483069420213761e-05,1.435327952169289583e-05,1.446971211648887612e-05,1.296892659287439925e-05,1.046582474715408960e-05,7.685992337873835000e-06,5.187407327196414750e-06,3.218694944942728684e-06,1.755649801621045716e-06,6.593962428430636599e-07,-1.594415000524279963e-07,-6.752419562444654131e-07,-8.136068504406531142e-07,-5.934483342934614486e-07,-2.358858198418924670e-07,-1.457698918683735612e-07,-7.476522244998518989e-07,-2.251996594152012690e-06,-4.483754768530028739e-06,-6.887536048040849033e-06,-8.735827805974977518e-06,-9.454021535693858379e-06,-8.900740131880555294e-06,-7.449887985869925241e-06,-5.814490445193351305e-06,-4.686957623301711749e-06,-4.375420405359284986e-06,-4.631919630287506615e-06,-4.780136960137719521e-06,-4.097611325347656896e-06,-2.266672798044254976e-06,3.450027329992058470e-07,2.744963090803394785e-06,3.725362702402568881e-06,2.448694290347500127e-06,-1.068863445468474977e-06,-5.828977263078284279e-06,-1.017624150387921212e-05,-1.246284938726442169e-05,-1.176843453571762608e-05,-8.346934679840616446e-06,-3.581571959227794868e-06,5.551176677999214160e-07,2.315112532724570415e-06,9.131040604117047060e-07,-3.132444162014922358e-06,-8.204226713750698162e-06,-1.224701862351390941e-05,-1.359793505937116823e-05,-1.163261565245986080e-05,-6.964023385604505566e-06,-1.132743289326349073e-06,4.051994466000759322e-06,7.221432665418478558e-06,7.906054678134229860e-06,6.573751248757165114e-06,4.273289471661777364e-06,2.079565931493164329e-06,6.077926171990439897e-07,-1.900605557360126804e-07,-8.784964576176197882e-07,-2.138220145100271166e-06,-4.318435125226117417e-06,-7.156773564518885666e-06,-9.794410259770045945e-06,-1.107620201520542173e-05,-1.000224597260920900e-05,-6.140245127319342433e-06,1.644712296733555658e-07,7.852903570474600026e-06,1.545174098348135858e-05,2.148798550940193554e-05,2.487412791447885042e-05,2.515146076900944439e-05,2.254453939758491646e-05,1.784579474344168997e-05,1.219084026629407669e-05,6.794357561622704967e-06,2.702541084269357662e-06,5.976217653290672946e-07,6.761206223561447718e-07,2.617705178555712784e-06,5.658244461889518973e-06,8.768354001522261971e-06,1.091286039032695201e-05,1.133380077821705291e-05,9.775594062311702943e-06,6.572624943071074461e-06,2.554302147904192956e-06,-1.217084000061146615e-06,-3.796535340086004620e-06,-4.675053015675145248e-06,-3.950484422603930410e-06,-2.283399058475441919e-06,-6.493338550549474108e-07,2.402075630581102047e-08,-7.987643953521250380e-07,-3.062263975438920793e-06,-6.139838370653590233e-06,-9.061608095909096767e-06,-1.086354874481089857e-05,-1.092779511402048429e-05,-9.191374679944429820e-06,-6.152974709212578854e-06,-2.683415735950272728e-06,2.840339223060720955e-07,2.067965851939503791e-06,2.446349880815965764e-06,1.689467717770262940e-06,4.158295604873697651e-07,-6.683682345110356185e-07,-1.046817420716310734e-06,-5.858380221298742201e-07,4.260990428822535330e-07,1.403510056823238565e-06,1.704756782353349005e-06,8.969360415483958334e-07,-1.056646677439105048e-06,-3.760268138287484315e-06,-6.518469688797488808e-06,-8.590160286545864109e-06,-9.467197935653986083e-06,-9.067045965953392703e-06,-7.759423364176581205e-06,-6.211583762604874831e-06,-5.111436893727806907e-06,-4.881334255097277100e-06,-5.503583732987885193e-06,-6.535102579083977862e-06,-7.309017286181692008e-06,-7.238697017808214611e-06,-6.091417595872412819e-06,-4.108206266161380502e-06,-1.911954065618607001e-06,-2.400763235425417739e-07,3.813972190358862821e-07,-1.237733449948102425e-07,-1.339827225651477438e-06,-2.533444927833793172e-06,-2.966587386153010028e-06,-2.206649105856440001e-06,-2.959986587661712175e-07,2.289163560527888286e-06,4.860880742890738298e-06,6.809530641573252694e-06,7.823057845578600562e-06,7.939778486244990598e-06,7.428842702358548229e-06,6.581822534194162006e-06,5.541380838753132730e-06,4.266203290285349084e-06,2.649445186550143457e-06,7.148517053474871830e-07,-1.238217228302568516e-06,-2.650948199535796126e-06,-2.908375171327183635e-06,-1.648363236782542198e-06,9.784126063795988885e-07,4.248391280328288349e-06,7.070433306455760906e-06,8.393252446716091227e-06,7.643254848719378998e-06,4.990123639917823485e-06,1.304988265651664898e-06,-2.185961508770271895e-06,-4.405861590900466576e-06,-4.864129956325563439e-06,-3.827391781038721818e-06,-2.148137396816253829e-06,-8.352559818120567952e-07,-5.716587338355139160e-07,-1.406891857068883505e-06,-2.765644864210015410e-06,-3.758903907057470769e-06,-3.638750164983873510e-06,-2.171684825876373117e-06,2.495736308870295417e-07,2.803287308948507527e-06,4.639033607380424107e-06,5.277560055279144504e-06,4.812021865606321279e-06,3.816692262497168012e-06,3.018414232660469851e-06,2.904651898299790910e-06,3.470893291730120801e-06,4.236121731630021554e-06,4.516748307950202721e-06,3.817152032645388407e-06,2.135151553291869157e-06,2.252487973709006521e-08,-1.637789715698405216e-06,-2.036030527050744004e-06,-8.300765798805983850e-07,1.657638587766071760e-06,4.535148472006074567e-06,6.686511668963444742e-06,7.213995947819469330e-06,5.785455022599327083e-06,2.746308078243647911e-06,-1.034442299914960350e-06,-4.500395176958685028e-06,-6.776033276065746710e-06,-7.423369905686939841e-06,-6.510242710383545914e-06,-4.502061352101382269e-06,-2.055010475291234709e-06,1.936221233188521141e-07,1.770922338117034532e-06,2.432077899197296796e-06,2.163896194171530212e-06,1.159410228031112483e-06,-2.218844028148380779e-07,-1.516808549270289714e-06,-2.259914638090750376e-06,-2.120324218018230927e-06,-1.036565025653353599e-06,7.131542986499027878e-07,2.560911580713856062e-06,3.830342062495924974e-06,3.995715613160277602e-06,2.914458453536271977e-06,9.229989046708138185e-07,-1.264287170034626659e-06,-2.826469493230181777e-06,-3.168330377200877450e-06,-2.167674494924164221e-06,-2.238978850791771101e-07,1.917381543528610094e-06,3.485079248812001354e-06,4.002137345125536662e-06,3.459086028711445609e-06,2.268877000308073501e-06,1.036479948002590912e-06,2.642709206923045111e-07,1.393151948405325412e-07,4.995891928098895162e-07,9.795293962788066284e-07,1.242028370292534397e-06,1.162922639713554297e-06,8.660952816291766963e-07,5.945470960556880099e-07,4.976378634106375808e-07,4.652854461749792228e-07,1.177690172390826555e-07,-1.024550604467207353e-06,-3.269294625005686625e-06,-6.520083476320917317e-06,-1.021705146060754336e-05,-1.350080120706680826e-05,-1.553774592415365564e-05,-1.585882421246119996e-05,-1.455042144127554047e-05,-1.220475272223381735e-05,-9.653396194286248156e-06,-7.613098728975223387e-06,-6.413406840537475134e-06,-5.930346897476058743e-06,-5.742895841507272946e-06,-5.415289889713108265e-06,-4.747491886582216006e-06,-3.859751085933976850e-06,-3.072063539318450687e-06,-2.654595151495879187e-06,-2.598756696081162317e-06,-2.550317291021958167e-06,-1.958818985830070197e-06,-3.771052914898309322e-07,2.244637509720843333e-06,5.434957752450295111e-06,8.332781165862167142e-06,1.003138565995044293e-05,9.979161851990520218e-06,8.244674697445229350e-06,5.513166851711221517e-06,2.809539110357374792e-06,1.075194753737434525e-06,7.961769955515765044e-07,1.852412448798780116e-06,3.646962796760695427e-06,5.436682470114286041e-06,6.691325024264743462e-06,7.303725281231631922e-06,7.559098113026504093e-06,7.900293979238791987e-06,8.629995540759077767e-06,9.716547858535015466e-06,1.080596023878457818e-05,1.142508006455120393e-05,1.125453169992044475e-05,1.031257228721373278e-05,8.942614757846215350e-06,7.609273518767564322e-06,6.618540781503782850e-06,5.925288539360717321e-06,5.147642806745120607e-06,3.794473843848950981e-06,1.589822572619248573e-06,-1.285941253356552462e-06,-4.186013604373296775e-06,-6.249940484460816392e-06,-6.810222482918517931e-06,-5.752181938216633842e-06,-3.635576749381012585e-06,-1.496075480423661901e-06,-4.023386157010505180e-07,-9.708074358026613996e-07,-3.069881131148510165e-06,-5.860317939402573151e-06,-8.159547485003420915e-06,-8.962328823420278044e-06,-7.875728488031388331e-06,-5.269394691227754680e-06,-2.080535491460849791e-06,6.224240769498381300e-07,2.104025387665478605e-06,2.237954972669155322e-06,1.481496826025395370e-06,5.864492700620629636e-07,2.087910482135795648e-07,6.152413696154523247e-07,1.619425498233048903e-06,2.752819462851704556e-06,3.555162272552355488e-06,3.817611005276269632e-06,3.652326568589471384e-06,3.367515512759518661e-06,3.236906240303235741e-06,3.307021477300701924e-06,3.356835684645536986e-06,3.031498773820676885e-06,2.068770153798960057e-06,4.821432222242127871e-07,-1.411100110730196721e-06,-3.139555127310063969e-06,-4.324353436570172304e-06,-4.883254676103516555e-06,-5.072516217619264931e-06,-5.335815309004087954e-06,-6.038744082556912217e-06,-7.235862888434483529e-06,-8.605280258178080811e-06,-9.597390287389705277e-06,-9.726409308462504605e-06,-8.850108431712268273e-06,-7.281771028397005016e-06,-5.662547171302168529e-06,-4.649111882230601116e-06,-4.573594629635727480e-06,-5.254365728846308119e-06,-6.063497609145428524e-06,-6.225811858518344557e-06,-5.203367799956533763e-06,-2.972057355237438886e-06,-4.955880129861704514e-08,2.740139308176314675e-06,4.646393282475821689e-06,5.324301489831897103e-06,4.955697292396315456e-06,4.106640025915103502e-06,3.406715367921255351e-06,3.225574423644042508e-06,3.517646902602931698e-06,3.910089229737914614e-06,3.973911272763003463e-06,3.517139387117245460e-06,2.726988378535954044e-06,2.072577356313363530e-06,2.015655831904515147e-06,2.690306258481695288e-06,3.740443679306941823e-06,4.427747423063088445e-06,3.979747212595686868e-06,2.012590363990684115e-06,-1.191528259573602096e-06,-4.713385973103074055e-06,-7.346609798966369157e-06,-8.120551668981982476e-06,-6.753002645198694169e-06,-3.811895215909611305e-06,-4.973558358742834601e-07,1.865439342218396172e-06,2.393455043442107693e-06,1.013648192251191677e-06,-1.534670165249940133e-06,-4.057734801801393599e-06,-5.453650991312709922e-06,-5.192880643170290951e-06,-3.517609351459859837e-06,-1.282986255140913721e-06,4.682908330199366383e-07,9.889016432317474718e-07,1.445902369985082550e-07,-1.564841556943671791e-06,-3.266057577155090578e-06,-4.110479324861644088e-06,-3.616289248269383546e-06,-1.806390038094722050e-06,8.925665993316020722e-07,3.906218076049428505e-06,6.774429725068154000e-06,9.286535977980053865e-06,1.144079397310907991e-05,1.328117325023927596e-05,1.473038393184520661e-05,1.553400371066799386e-05,1.536140244740802772e-05,1.401391026322598018e-05,1.162148401495523406e-05,8.703965230526280509e-06,6.036223576025000056e-06,4.356741272281133560e-06,4.045598815749159460e-06,4.925524693012685377e-06,6.292358737827717866e-06,7.179422007851806961e-06,6.751390825798404285e-06,4.659095937503860065e-06,1.198508255910967020e-06,-2.799014102746271098e-06,-6.299932757158804862e-06,-8.480972002122655099e-06,-9.041933993314379403e-06,-8.285407046850082953e-06,-6.934705656993916978e-06,-5.778197364072497734e-06,-5.304317528494488762e-06,-5.492963289679080601e-06,-5.855415249183972620e-06,-5.700169901305338489e-06,-4.498379403293527332e-06,-2.177189929414678409e-06,7.971900559365686654e-07,3.587745211900405096e-06,5.331164511084434361e-06,5.501933350323278446e-06,4.130125152911229821e-06,1.774747151724929517e-06,-7.321374465998440004e-07,-2.649267600259140818e-06,-3.628103475731339730e-06,-3.814844718407084135e-06,-3.712205365381633329e-06,-3.877161311258210227e-06,-4.609894197130542732e-06,-5.791643516950020766e-06,-6.953157946153792702e-06,-7.537734361530627472e-06,-7.221794990099332268e-06,-6.122936026165957780e-06,-4.778841712117178960e-06,-3.895692789340363062e-06,-3.984949876862755400e-06,-5.071490242424698538e-06,-6.629250194800859231e-06,-7.792903868109860613e-06,-7.757093298899229511e-06,-6.176329488282980877e-06,-3.369687670614756249e-06,-2.222273879075712089e-07,2.181202380110437560e-06,3.024250402822672989e-06,2.112199646533458029e-06,-5.441762408824867410e-08,-2.517744618156880575e-06,-4.296829986741455609e-06,-4.812703435197461554e-06,-4.108953492740689045e-06,-2.776080862018646812e-06,-1.631945702990557146e-06,-1.323138780392420779e-06,-2.038898561582434513e-06,-3.460919583602540030e-06,-4.948114360109118704e-06,-5.841087686852993814e-06,-5.724639020579665184e-06,-4.527800711811907143e-06,-2.442192380223653952e-06,2.578765528751545103e-07,3.363315604615095327e-06,6.749371489418722625e-06,1.026134180709962976e-05,1.355805139060340161e-05,1.604573903526494407e-05,1.699428875930642058e-05,1.582352944181274903e-05,1.243598804503050056e-05,7.418030613709502689e-06,1.970242502802437525e-06,-2.452212144969165365e-06,-4.664564568283737821e-06,-4.223166289739791451e-06,-1.628100632316348479e-06,1.847252030134122088e-06,4.641480326688601728e-06,5.506469486869261827e-06,3.974648720468912934e-06,5.033854061923309219e-07,-3.748577359450744052e-06,-7.400188936567620910e-06,-9.370886302106298403e-06,-9.235291926461962504e-06,-7.289397253473409387e-06,-4.341106521695270979e-06,-1.348963784948664876e-06,9.253025899994694718e-07,2.120855258970931425e-06,2.293853347539890788e-06,1.787299027070994901e-06,1.044010766702663132e-06,4.477050170528206105e-07,2.361364034290789361e-07,4.835241833699341864e-07,1.123571286681042178e-06,1.986922352806370458e-06,2.845615508434203750e-06,3.471100277367960587e-06,3.707964788320090014e-06,3.545614079314067875e-06,3.152025387936382572e-06,2.836255469066307846e-06,2.935683957791911690e-06,3.666931098891876923e-06,5.010039934861629562e-06,6.690967549633002858e-06,8.283604438569933728e-06,9.389563386612628245e-06,9.806778179893743853e-06,9.596500939844797266e-06,9.008733661257131947e-06,8.304439820277268277e-06,7.575992116703729966e-06,6.676701791224878985e-06,5.315066344675484251e-06,3.275334930079693178e-06,6.440159678764264734e-07,-2.099002770658312132e-06,-4.207220513287683211e-06,-4.980909335230904266e-06,-4.125451553799733411e-06,-1.967907950789261143e-06,6.030544853464727461e-07,2.478703143142785350e-06,2.812478368763902227e-06,1.416915169090550373e-06,-1.126248680024550290e-06,-3.715016201045081859e-06,-5.233321081388667914e-06,-5.080227754780013757e-06,-3.466280219357235815e-06,-1.325869952233166503e-06,1.224158481207841788e-07,-3.694652284276795081e-08,-1.961922467579499374e-06,-4.951762198591663582e-06,-7.751944031269981171e-06,-9.123640863624221656e-06,-8.410058221833784632e-06,-5.835153625854873366e-06,-2.399808034373801154e-06,5.680319761662587564e-07,1.992794509668400571e-06,1.491261940328550975e-06,-5.196580385916565495e-07,-3.076419077048787353e-06,-5.143491437949747690e-06,-6.075346298557042014e-06,-5.854013656451377685e-06,-5.010903199095533479e-06,-4.296741765916216557e-06,-4.277202967676371652e-06,-5.053052923937770891e-06,-6.229350518151167739e-06,-7.131161591093396096e-06,-7.147667563416882035e-06,-6.035665602461278078e-06,-4.045020349434702644e-06,-1.820040197744479450e-06,-1.340485529048926571e-07,4.182958931829738450e-07,-3.593683928010421401e-07,-2.213619647729011276e-06,-4.561391856796883687e-06,-6.718340918760763595e-06,-8.140336140572304621e-06,-8.592100464523551342e-06,-8.194906099969711570e-06,-7.351779991163152534e-06,-6.586470670412101935e-06,-6.352757588626618320e-06,-6.873186747992709059e-06,-8.054746771032411377e-06,-9.507280613335344040e-06,-1.066185758057093854e-05,-1.095559690993238199e-05,-1.002457503840169775e-05,-7.837728188128217617e-06,-4.719734699660050083e-06,-1.248800106319001263e-06,1.936249282776981661e-06,4.346409153230952075e-06,5.787400994800370605e-06,6.382373103080103510e-06,6.468731021607975878e-06,6.421136145606049066e-06,6.484339727236037288e-06,6.691181539855383464e-06,6.896679014992578482e-06,6.901056562839187370e-06,6.592357448389849024e-06,6.034075242690448891e-06,5.456449840328609319e-06,5.162683762854113188e-06,5.404428073568635200e-06,6.291654861333776607e-06,7.776362480496351191e-06,9.704041874619069946e-06,1.188895251794097529e-05,1.416129887551381748e-05,1.636031242429703756e-05,1.829016562705362286e-05,1.968776039654109196e-05,2.025068277605705119e-05,1.973755302056165057e-05,1.810148186515094890e-05,1.558191427121310125e-05,1.268572742421966688e-05,1.003772140212798326e-05,8.150397448364490969e-06,7.215330213760331067e-06,7.021617849645234638e-06,7.053581561033706015e-06,6.733550347014249406e-06,5.699690347945971121e-06,3.984454172068510480e-06,2.002480118309003945e-06,3.488464848721604521e-07,-4.959859485789807437e-07,-4.085759330052050576e-07,3.105046245165695273e-07,1.081708685909534037e-06,1.333851617602426758e-06,7.913567712247632101e-07,-3.825700092656513931e-07,-1.659991607514450261e-06,-2.405041004742874084e-06,-2.188872477637244827e-06,-1.010655830040536865e-06,6.794727940191823378e-07,2.161523266256643662e-06,2.738937180293782288e-06,2.003186941432447695e-06,-4.868954305654473439e-08,-3.082518614060170360e-06,-6.626603534449800449e-06,-1.028800682046817647e-05,-1.387376675003900579e-05,-1.736564761943178633e-05,-2.078043131078708799e-05,-2.400937367780997457e-05,-2.673879684562044994e-05,-2.850660549524043801e-05,-2.887370058357482906e-05,-2.762565183294684161e-05,-2.490153671003390325e-05,-2.118189793378666452e-05,-1.713681826026511765e-05,-1.340213656813921120e-05,-1.038349555760914762e-05,-8.170322310088882743e-06,-6.586380274646051056e-06,-5.339484508566518081e-06,-4.191647238534518728e-06,-3.069990614771992479e-06,-2.074792561316044547e-06,-1.393242896897445196e-06,-1.169763097654926376e-06,-1.397897267354267007e-06,-1.882242926435740242e-06,-2.283614640762014340e-06,-2.225029526793295947e-06,-1.415164272287422644e-06,2.550339804109485820e-07,2.672339318657989090e-06,5.526829809925130438e-06,8.393279335953038979e-06,1.084552596270749667e-05,1.257357438422849182e-05,1.347071628684471254e-05,1.366164573667377626e-05,1.345513080600715349e-05,1.322714656523680859e-05,1.326784533503722124e-05,1.364758757426402231e-05,1.416069830444405236e-05,1.438313944530628058e-05,1.383605079742496119e-05,1.219795279568911796e-05,9.477592287428913110e-06,6.065338070228232612e-06,2.626480106623283065e-06,-1.320240542779710692e-07,-1.729237994816441791e-06,-2.097300339633519955e-06,-1.601798116655124721e-06,-8.804326090571081170e-07,-5.667028191996674446e-07,-1.019408887924087621e-06,-2.178269575516908450e-06,-3.609308584070601589e-06,-4.716492242849093874e-06,-5.019425916368742403e-06,-4.367437708206985936e-06,-2.992386534041870106e-06,-1.380623035684890918e-06,-3.093130743692355208e-08,7.817025882476310710e-07,1.122197542808368865e-06,1.337624035708725763e-06,1.857179054585811607e-06,2.949800351390795816e-06,4.558018472002782831e-06,6.287962125288664082e-06,7.559693699069092401e-06,7.846863740972507713e-06,6.895958819264207716e-06,4.829905681392808014e-06,2.098647723862795927e-06,-6.897871201901359405e-07,-2.975034317164074697e-06,-4.398573978800936524e-06,-4.854404376902718002e-06,-4.440516332910496510e-06,-3.360995761949513202e-06,-1.840970316445607022e-06,-9.294627663101716475e-08,1.669585703339907109e-06,3.210248323453168815e-06,4.284307813030911695e-06,4.707321871588541413e-06,4.451879690840716105e-06,3.713199120539482551e-06,2.884581599987053571e-06,2.422560320823454467e-06,2.641968471475399305e-06,3.531424831351983854e-06,4.689705943346892422e-06,5.441099828575095663e-06,5.107583042535684094e-06,3.333711066409121216e-06,3.178919741705002780e-07,-3.172657023398139138e-06,-6.040271027887887506e-06,-7.272333908162659542e-06,-6.368255472823111806e-06,-3.590940822365221823e-06,8.161900026412328053e-08,3.304890142301887130e-06,4.883916471514741159e-06,4.243298077718034281e-06,1.647917529392654708e-06,-1.926299606729145162e-06,-5.220431170313269435e-06,-7.234084662254503292e-06,-7.640685147717872256e-06,-6.890074655882024269e-06,-5.952073880264396523e-06,-5.819630388851924408e-06,-7.004100265251434954e-06,-9.263157376488562737e-06,-1.169653191456647117e-05,-1.317207160607885472e-05,-1.288402028056985549e-05,-1.077394586044737930e-05,-7.600279467139803687e-06,-4.603874953147322077e-06,-2.911702787746718470e-06,-2.956764549991287157e-06,-4.201238150635639157e-06,-5.320852943693798161e-06,-4.796061735073650700e-06,-1.656771282161680984e-06,3.962424808011159400e-06,1.073217824310052787e-05,1.657853911561743649e-05,1.950253609548943619e-05,1.842033560328650734e-05,1.365055213580106015e-05,6.821098152887659903e-06,2.220514621571840787e-07,-4.120984974449873529e-06,-5.250949401513162990e-06,-3.612084549994109068e-06,-7.743163390441205918e-07,1.314486585220106183e-06,1.203088737717027875e-06,-1.455321708379226431e-06,-5.822399144318547713e-06,-1.033071050722267833e-05,-1.343804546372926846e-05,-1.431249009441761396e-05,-1.313010165346785763e-05,-1.086702698879399466e-05,-8.718598594419981414e-06,-7.456029227596391336e-06,-7.050733420590294506e-06,-6.750274128940275757e-06,-5.553907962828094315e-06,-2.829452505040197380e-06,1.259114904951414940e-06,5.745957296098503805e-06,9.293800012634108668e-06,1.084694484950713877e-05,1.017274845054670240e-05,8.006930170338495025e-06,5.714693366570062037e-06,4.625327217918982833e-06,5.368432787855734260e-06,7.547340270004293084e-06,9.923099352965968333e-06,1.102964848554405079e-05,9.923130831279696680e-06,6.695475230748398322e-06,2.492605791351138788e-06,-9.819101073561098037e-07,-2.244609682381338724e-06,-7.187882955504008465e-07,2.999473635814003329e-06,7.421284737288613351e-06,1.085185830147578397e-05,1.215098699110692196e-05,1.120436470476770292e-05,8.891129753775097111e-06,6.582979338610919678e-06,5.437083089899310935e-06,5.837199929217071514e-06,7.252116302692582038e-06,8.564163843501257492e-06,8.684023779270028345e-06,7.130012207335291478e-06,4.277428640296774548e-06,1.158706546518261604e-06,-1.073620459245937047e-06,-1.739772553968907347e-06,-9.769575426964343656e-07,3.375544865894659203e-07,1.040036376422362415e-06,2.755119945950177131e-07,-2.068713830685892734e-06,-5.308108666051725696e-06,-8.307052565977068845e-06,-1.004625255949897633e-05,-1.012336861373349654e-05,-8.937013733250503107e-06,-7.466661208106451620e-06,-6.763570834357690792e-06,-7.408854078704889790e-06,-9.206051480638350294e-06,-1.125545635545059551e-05,-1.236927716286464472e-05,-1.162501730554465496e-05,-8.796515301286455423e-06,-4.470719591447900698e-06,1.867553985118571080e-07,3.892741659306193561e-06,5.719219644640837092e-06,5.379981295954428006e-06,3.240179767107017844e-06,9.247011990220099892e-08,-3.162249291250109936e-06,-5.778577415890494161e-06,-7.287093815866215049e-06,-7.478715317683396818e-06,-6.330435872182369675e-06,-3.959463162722585115e-06,-6.434128921950568888e-07,3.127351711783979571e-06,6.644690246207055162e-06,9.092740781919218590e-06,9.775975672762732765e-06,8.387153835369284626e-06,5.188804108726299685e-06,9.991876409957682845e-07,-3.045995097708319484e-06,-5.879443733826322270e-06,-6.882063391005329118e-06,-6.095982671627929331e-06,-4.179068873928175733e-06,-2.122441605842924670e-06,-8.555082199515091280e-07,-9.068561130031154837e-07,-2.254879294438385990e-06,-4.409012535005499675e-06,-6.658243809846816997e-06,-8.358339333180132927e-06,-9.130710248985617278e-06,-8.906830501953938247e-06,-7.836284838094783936e-06,-6.139117230020875386e-06,-3.994665075930288342e-06,-1.519556978077068172e-06,1.175621988193376933e-06,3.910413873433065607e-06,6.406438682457215370e-06,8.339191123690720443e-06,9.447057399169689378e-06,9.634866037696330758e-06,9.008418065683794244e-06,7.815774186658998353e-06,6.327385719761360803e-06,4.726378877232334894e-06,3.077368593650937897e-06,1.396107804467645408e-06,-2.221308728967992609e-07,-1.502763631806713683e-06,-2.004738449251669664e-06,-1.274627428787837639e-06,9.109500019317189222e-07,4.331628564767014614e-06,8.263864750865326333e-06,1.164251643555698211e-05,1.340758918425112993e-05,1.290286045716633501e-05,1.015146714597298999e-05,5.873974565832668921e-06,1.223586104365407488e-06,-2.657730693236372844e-06,-5.071066266529189611e-06,-5.988245471509652094e-06,-5.973270358777479994e-06,-5.836798741814130958e-06,-6.189433856514392495e-06,-7.109836550489717938e-06,-8.091165080028508684e-06,-8.296641209520562086e-06,-7.004252259624307902e-06,-4.024375983908464622e-06,1.193853375862507842e-07,4.347059613421723506e-06,7.456686603044510637e-06,8.639477770854447528e-06,7.833706502634889453e-06,5.745529068940831125e-06,3.519646879620632107e-06,2.209227509385899006e-06,2.292809546857516246e-06,3.467262533930727177e-06,4.816985536650788803e-06,5.280485106140894255e-06,4.191661917296606222e-06,1.634390827524825474e-06,-1.564470836358236380e-06,-4.206635687785880615e-06,-5.285996136577474285e-06,-4.477147768449580037e-06,-2.314250422158372247e-06,2.918595354158625796e-08,1.260304502951585031e-06,5.456000065253116596e-07,-2.119644860073880855e-06,-5.918496365926214018e-06,-9.584325599985966764e-06,-1.195514762480186160e-05,-1.244768032042121173e-05,-1.123593672974482233e-05,-9.068831271118724303e-06,-6.837938051262422945e-06,-5.122915908938975207e-06,-3.942235728331189178e-06,-2.823513883987124798e-06,-1.140440910454191433e-06,1.472404786404606330e-06,4.851379514235141275e-06,8.326103771596292578e-06,1.102208457486542208e-05,1.228604780277321165e-05,1.201173559891731665e-05,1.069487380785333936e-05,9.185747926310382084e-06,8.263880374366096897e-06,8.251098354731671545e-06,8.859687646813735589e-06,9.351821202889059776e-06,8.927470586861293908e-06,7.142484368903174985e-06,4.145463958448399200e-06,6.172206659898327438e-07,-2.550199782759120677e-06,-4.666355253255295845e-06,-5.536197998822324334e-06,-5.491351989145427791e-06,-5.155796089413575210e-06,-5.081692144220656602e-06,-5.455472803766817475e-06,-6.031218512082029403e-06,-6.321786794653164399e-06,-5.936187113436150991e-06,-4.870405153887543510e-06,-3.582083714755458923e-06,-2.795440078974695915e-06,-3.130286959604918890e-06,-4.749396949542202361e-06,-7.217165832008503206e-06,-9.658132691931723551e-06,-1.114932996318679330e-05,-1.115577793183486497e-05,-9.789421199060290279e-06,-7.755408918469328098e-06,-6.004841879011762391e-06,-5.261655787001742960e-06,-5.657554866744188976e-06,-6.658525025342766606e-06,-7.323922285293557621e-06,-6.775290808547334759e-06,-4.648257295576556502e-06,-1.308080519266092198e-06,2.276724702146343343e-06,4.944658946133356241e-06,5.844128671466432256e-06,4.798222599216008217e-06,2.371046573137009381e-06,-3.820124448333211141e-07,-2.353576392321528331e-06,-2.809217105890754920e-06,-1.616087597417630739e-06,8.024055786289497531e-07,3.732188924060617574e-06,6.506655655007607699e-06,8.754434875732603849e-06,1.045749567752502630e-05,1.182439199036573843e-05,1.307329062581942224e-05,1.425216496078512039e-05,1.518855526197736926e-05,1.558278289227930266e-05,1.518044390599739472e-05,1.392240893958976810e-05,1.198956923327407619e-05,9.721163890117350776e-06,7.454873199393082005e-06,5.377470958138864776e-06,3.467065459291336110e-06,1.557806868659044856e-06,-5.075983225418781778e-07,-2.719689544445026621e-06,-4.826612949939809256e-06,-6.391505250547267892e-06,-6.969901083055127208e-06,-6.334494446309710451e-06,-4.645720053272403307e-06,-2.481589866873619160e-06,-6.934017474141194765e-07,-1.242736796305824310e-07,-1.287297880895333392e-06,-4.125700794209666350e-06,-7.957297125924757197e-06,-1.164455816942512632e-05,-1.394960388261556566e-05,-1.395923945609788237e-05,-1.142745476352846786e-05,-6.899803271047900664e-06,-1.555384653420546868e-06,3.193890977095665825e-06,6.208197657214447132e-06,7.037357628587778805e-06,6.079874480193473103e-06,4.405460191268956375e-06,3.297378343799346555e-06,3.692575412838448455e-06,5.752343417049840496e-06,8.754065386622505876e-06,1.136608303189491855e-05,1.220364821304059809e-05,1.043546204783710693e-05,6.177708363919295980e-06,4.959991347911605659e-07,-4.996843346367265509e-06,-8.780474127387123595e-06,-1.002884505459039020e-05,-8.912328718787270942e-06,-6.470766325531775413e-06,-4.120474008238587507e-06,-3.022236114498049842e-06,-3.596464027027680880e-06,-5.398290322154660478e-06,-7.394347668631226098e-06,-8.495739783602470640e-06,-8.087070760709424674e-06,-6.302671996845863490e-06,-3.930420012750694652e-06,-2.005902982275113072e-06,-1.305672750490910108e-06,-1.988057462699322399e-06,-3.547399912987050683e-06,-5.087239661297763374e-06,-5.761756665343270555e-06,-5.160149948283629270e-06,-3.449720948348005975e-06,-1.225060385016933148e-06,8.373893694271389128e-07,2.326371089714020318e-06,3.261858152957946280e-06,4.002995007456712368e-06,4.963044034710178707e-06,6.299424196105355107e-06,7.757023427531648676e-06,8.756634587023236170e-06,8.685158264645970712e-06,7.232965742949840368e-06,4.595830176675960552e-06,1.428674453235788721e-06,-1.431423171515197047e-06,-3.334228825313200218e-06,-4.090371177183191832e-06,-4.013339052101148405e-06,-3.713684165814978004e-06,-3.757880590601903465e-06,-4.371934167316716182e-06,-5.341905591673386219e-06,-6.155879450385352134e-06,-6.302557740308275978e-06,-5.559647108136965534e-06,-4.113927912154836076e-06,-2.449039515392616347e-06,-1.065542132804389658e-06,-1.912070242950697577e-07,3.531034103985423297e-07,1.050068594156241488e-06,2.393503818371767120e-06,4.562776665598155309e-06,7.245721187649280213e-06,9.719826613238285158e-06,1.116751468640946878e-05,1.107470017890049813e-05,9.509719293258063179e-06,7.131755294455175057e-06,4.910079218235346841e-06,3.681663218495113655e-06,3.760346064638684907e-06,4.790766748519651344e-06,5.922863968196383980e-06,6.225517900659502469e-06,5.139248536766605212e-06,2.747415043991572117e-06,-2.660907393537510844e-07,-2.950611315784482351e-06,-4.548490773060722137e-06,-4.853439240897240850e-06,-4.290061068694367572e-06,-3.674251943477879018e-06,-3.771145056213917061e-06,-4.867568000008503954e-06,-6.571231915724826123e-06,-7.942001635107652429e-06,-7.903415682464742765e-06,-5.750065212939754071e-06,-1.520307434007588722e-06,3.936085719075602632e-06,9.229434867130736623e-06,1.292649672830733724e-05,1.406378171194796727e-05,1.247028810932398483e-05,8.781058918872371020e-06,4.156394260442245707e-06,-1.611246818377323032e-07,-3.267044864847854489e-06,-4.836419534033113803e-06,-5.118606912027347393e-06,-4.723501963377635443e-06,-4.313604404876147979e-06,-4.335951812784021081e-06,-4.890866122910040103e-06,-5.764383469556551775e-06,-6.581823502869565872e-06,-6.999045761234532105e-06,-6.847019022596148157e-06,-6.177863428082929257e-06,-5.208118333926291157e-06,-4.196990670401308162e-06,-3.319056819968597287e-06,-2.587470640247322622e-06,-1.859530278257199945e-06,-9.217476740462034617e-07,3.813121687121385505e-07,2.029999922857612787e-06,3.779253894639107329e-06,5.207119607439778825e-06,5.855458555239943890e-06,5.414659746576341863e-06,3.877154860572663795e-06,1.586643781410585116e-06,-8.544087440314088112e-07,-2.797700604763133049e-06,-3.802975446071875327e-06,-3.823704733708186073e-06,-3.233079478472344431e-06,-2.662451954891219178e-06,-2.709507610466214908e-06,-3.641340131949151418e-06,-5.232794377960984650e-06,-6.829274854977868659e-06,-7.623563789089938793e-06,-7.032134919517964156e-06,-4.998829804732048661e-06,-2.075128624287221579e-06,7.773655990823750149e-07,2.586914670942841500e-06,2.797298056268481522e-06,1.520822216537215215e-06,-5.058786140195109035e-07,-2.250172067609914616e-06,-2.846193730638946468e-06,-1.974368168341075010e-06,2.309438952148953850e-08,2.344601938046280616e-06,4.147174491221195643e-06,4.969824582013416857e-06,4.948133799666192685e-06,4.710273266421159009e-06,5.006986016445513679e-06,6.266581196041406609e-06,8.309142646294109003e-06,1.037734412034157250e-05,1.148099957335567496e-05,1.088928059581606128e-05,8.522589692829405159e-06,5.039826276717664371e-06,1.566864342673550876e-06,-8.063338357109386114e-07,-1.512363255113616261e-06,-7.338111716242172682e-07,7.417837772800784902e-07,1.962479627306772203e-06,2.317644670409829367e-06,1.842449736720599654e-06,1.157389007272734406e-06,1.070126779873011213e-06,2.048884981522037870e-06,3.853991530469707139e-06,5.543361371830697810e-06,5.880413612230211160e-06,3.962143511237464534e-06,-2.415023072115486916e-07,-5.720412885503644466e-06,-1.074306035666145171e-05,-1.354178145065194425e-05,-1.306269284467217758e-05,-9.437585395492710308e-06,-3.958055125529561622e-06,1.439676554545666703e-06,4.947211093140689785e-06,5.569629296871185640e-06,3.431305675645513241e-06,-4.056185613909183276e-07,-4.490360995104782521e-06,-7.621600472824740761e-06,-9.278141335984513028e-06,-9.669939711338227140e-06,-9.434957996039599609e-06,-9.177234039171330528e-06,-9.101641697772799172e-06,-8.928193088180686357e-06,-8.108330854651822612e-06,-6.204282491596389284e-06,-3.212850682587582321e-06,3.463255369091716661e-07,3.626772548995239250e-06,5.832474017431506259e-06,6.580584635574238787e-06,6.065101880867057446e-06,4.942680732436333042e-06,4.003831632271620673e-06,3.797458536216410567e-06,4.392855170621865880e-06,5.387107522162827287e-06,6.140344306256616143e-06,6.111712422283994719e-06,5.128530416964472701e-06,3.464904273211809270e-06,1.706318966103219280e-06,4.797878907532903875e-07,1.847446050027191353e-07,8.458097595548669852e-07,2.139164108356517886e-06,3.559330868919503937e-06,4.635260797014416814e-06,5.097338977125016693e-06,4.935642583712490879e-06,4.347997351639959593e-06,3.622716883562763184e-06,3.016069499654479717e-06,2.669165145854884396e-06,2.579358173270282311e-06,2.616924011636504021e-06,2.569374844062583168e-06,2.200644339200662272e-06,1.319212910226050263e-06,-1.518552988496988524e-07,-2.119621447176050271e-06,-4.306260822609354800e-06,-6.295995288918350796e-06,-7.644163628560702987e-06,-8.017422251980930249e-06,-7.310676420739811875e-06,-5.687537629853441799e-06,-3.521389002607972286e-06,-1.260730782815362721e-06,7.191991657793703373e-07,2.209176584535310141e-06,3.164128978454800573e-06,3.620853276158131574e-06,3.595803327373928461e-06,3.034900058225140878e-06,1.854671752287363577e-06,5.389824953497611037e-08,-2.177871500303722610e-06,-4.440295299714673531e-06,-6.234452231149978431e-06,-7.174713278821318921e-06,-7.198325807412511280e-06,-6.650890675860658617e-06,-6.174099420994220920e-06,-6.419776712266484342e-06,-7.712551595427494486e-06,-9.827829978665235389e-06,-1.201197185136531430e-05,-1.326070178375685629e-05,-1.274244372237970217e-05,-1.017216676848470988e-05,-5.954230362215345756e-06,-1.018626571987336979e-06,3.576011029223857075e-06,7.082195584073095348e-06,9.332132382830212486e-06,1.070599029781003320e-05,1.182351946407344607e-05,1.312545197589412196e-05,1.456964941834102195e-05,1.560889288196271613e-05,1.547040749424509958e-05,1.359655032762169115e-05,1.001533260488091317e-05,5.437654633125463064e-06,1.013378731619803801e-06,-2.147172013088981631e-06,-3.455456855128621185e-06,-3.090898788935801332e-06,-1.884265525217766761e-06,-8.909319279776942380e-07,-8.623156429626732490e-07,-1.876710039205664110e-06,-3.313553849297227363e-06,-4.185814532372022377e-06,-3.667715981431911313e-06,-1.557385910669702190e-06,1.556047339511815949e-06,4.509255113195578512e-06,6.069503219863646655e-06,5.494366209816997156e-06,2.887672472282834879e-06,-8.116491694125456451e-07,-4.202899775308532339e-06,-5.993230649575242274e-06,-5.516830122291470874e-06,-2.988197429206468861e-06,6.035361011380927420e-07,3.898635544175189718e-06,5.692111184412124741e-06,5.369510958120883617e-06,3.095932669659984465e-06,-2.902100072729155260e-07,-3.613575984286955419e-06,-5.789010685496009449e-06,-6.185578664023492686e-06,-4.813382830240466852e-06,-2.289023914504748365e-06,3.919023641271655406e-07,2.192614773261057348e-06,2.374754520903342736e-06,7.354577944944374711e-07,-2.331263812675159840e-06,-5.969968503860644136e-06,-9.155062259958374811e-06,-1.104149299597946673e-05,-1.125016998947094414e-05,-9.978630791549870121e-06,-7.888344169833979278e-06,-5.808395516090840457e-06,-4.376077397361951130e-06,-3.770029223294981054e-06,-3.658862289653024418e-06,-3.395525530307797800e-06,-2.373425449797452615e-06,-3.779046482783512145e-07,2.240990955513769239e-06,4.671950400171222606e-06,5.990419659818217432e-06,5.598088553230861485e-06,3.547051555532363189e-06,5.859203041667812498e-07,-2.110049469030504943e-06,-3.414837083451940627e-06,-2.723465000525204833e-06,-2.068241279631433870e-07,3.266026173251346987e-06,6.501786855690541508e-06,8.482749100006027412e-06,8.769320469430577842e-06,7.633758725245502931e-06,5.882583693700247478e-06,4.467680848025347884e-06,4.074422046995272225e-06,4.870513200166058926e-06,6.509806484235845453e-06,8.359509106986556177e-06,9.819916315445043593e-06,1.057827445840186832e-05,1.068917950819426941e-05,1.047049236842650164e-05,1.029389204740425609e-05,1.038898076607354351e-05,1.075522346698327836e-05,1.120713411715733956e-05,1.150575510827630915e-05,1.149167339485357825e-05,1.114720717015191551e-05,1.056513595365283047e-05,9.856890876794582930e-06,9.063225614176263168e-06,8.121200446050319248e-06,6.902344492164265101e-06,5.293448199301797880e-06,3.268978541865845485e-06,9.136166997115478447e-07,-1.613556587508735464e-06,-4.146581804152635221e-06,-6.568907955921838731e-06,-8.826284863221068325e-06,-1.089361120155676201e-05,-1.272249385665113318e-05,-1.420804505925022225e-05,-1.520158907055674525e-05,-1.556870506127291587e-05,-1.526593324315624986e-05,-1.439896679405473373e-05,-1.323434499591691436e-05,-1.215804393282270109e-05,-1.159478563278075761e-05,-1.191143383942209138e-05,-1.332561006626204810e-05,-1.583379325959711771e-05,-1.917013358284439583e-05,-2.281032688008061048e-05,-2.603768871734474941e-05,-2.808043290993727367e-05,-2.830456783852190912e-05,-2.641264649198383168e-05,-2.257360312117051446e-05,-1.741399566066660602e-05,-1.184513485940292576e-05,-6.771148949901151430e-06,-2.787738721826397709e-06,-3.296329464142982078e-09,1.927431568403751084e-06,3.560962636073975058e-06,5.322520780601486422e-06,7.233106907131564551e-06,8.855656074717513439e-06,9.508825843983834865e-06,8.660012516431432177e-06,6.304952215982954387e-06,3.128046121491802860e-06,3.308246066595535595e-07,-8.238181769700875929e-07,4.450826612959453480e-07,4.062249503564133624e-06,9.081065615856926784e-06,1.405216553879680393e-05,1.761461688300944466e-05,1.903699582940981405e-05,1.845735773881257850e-05,1.671851384379105553e-05,1.489519101854468321e-05,1.376048167785831387e-05,1.346214463586575625e-05,1.356211893944882192e-05,1.339621970363975018e-05,1.253939932564848731e-05,1.110732790957923063e-05,9.717980800330399370e-06,9.128685552261261857e-06,9.751156357268385666e-06,1.132594883654180629e-05,1.296135592779397566e-05,1.354657960263325660e-05,1.233803788164589730e-05,9.406489788719460756e-06,5.687059344121079178e-06,2.572667423830533635e-06,1.233379635330423791e-06,2.001592417979092952e-06,4.147761945906579191e-06,6.184118938018215115e-06,6.566443918835455489e-06,4.453948676945516413e-06,1.462708897861139086e-07,-5.029175437587359543e-06,-9.331811786928489923e-06,-1.142157824547125674e-05,-1.096503866925176999e-05,-8.730818649418893904e-06,-6.131327301218711420e-06,-4.451627205585978430e-06,-4.167650581991831658e-06,-4.710334238683169693e-06,-4.801713751334790331e-06,-3.191477905727021996e-06,5.887260279625844862e-07,5.851163338090471355e-06,1.096603691460273381e-05,1.407286785814198099e-05,1.394327761103495300e-05,1.056797362946275890e-05,5.174874478770093722e-06,-3.333447303400989201e-07,-4.247805405365625404e-06,-5.806084577858857151e-06,-5.470141050018159522e-06,-4.609580460910912508e-06,-4.762762297888018629e-06,-6.848048499829389438e-06,-1.070861872565071221e-05,-1.519756125293410923e-05,-1.873953875384419472e-05,-2.007818958068820431e-05,-1.884409665334291976e-05,-1.568515983845939973e-05,-1.192666512717209328e-05,-8.954229782766532207e-06,-7.628237284968273235e-06,-7.994915083792051267e-06,-9.391239189652486990e-06,-1.084253050599842311e-05,-1.152468886927585166e-05,-1.106420181740383398e-05,-9.564295989653053736e-06,-7.402947857663166818e-06,-4.960549055517387999e-06,-2.446580690058861639e-06,9.025171433775224491e-08,2.608557749891615091e-06,4.907199103924479741e-06,6.578915214841908551e-06,7.139756481322386480e-06,6.275958886973724373e-06,4.069782161001955338e-06,1.066072730638644227e-06,-1.877891560249682374e-06,-3.901000544363994482e-06,-4.461302616896290586e-06,-3.520833634970714643e-06,-1.512168990069593984e-06,8.812288966051105196e-07,3.008997735916146019e-06,4.460858398358241576e-06,5.113344923898011874e-06,5.032064044377651414e-06,4.326439981656496133e-06,3.070240690750418527e-06,1.344570396520998090e-06,-6.340842734846353135e-07,-2.411044800666865827e-06,-3.329946439819430350e-06,-2.748940164215290850e-06,-3.636740439351503953e-07,3.524059607551559449e-06,7.960320910833771461e-06,1.159550435477384475e-05,1.317673028152376073e-05,1.207818593041547160e-05,8.626189345017638071e-06,4.047799042894636346e-06,3.387066500110334820e-08,-1.915006863643901631e-06,-1.084116258272343355e-06,2.176311045426093958e-06,6.609569870061395036e-06,1.057595656414632624e-05,1.270912500886999864e-05,1.242167965583355962e-05,1.005468199471528308e-05,6.633734013071673535e-06,3.370513093232629678e-06,1.150735344107844596e-06,2.339759307246104956e-07,2.722641097106004574e-07,5.960700411433783850e-07,5.967755216527803197e-07,8.735187343623776979e-09,-1.033068355458399395e-06,-2.155951389313339022e-06,-3.015055377533519331e-06,-3.500387262969406484e-06,-3.769976201350625765e-06,-4.099220747440824373e-06,-4.642998509849124109e-06,-5.257613339632390209e-06,-5.498293617083861742e-06,-4.812459601626980111e-06,-2.840395586926780490e-06,3.294041689839579441e-07,4.089112828905370543e-06,7.477866386836920906e-06,9.523919858214794241e-06,9.614457126498285479e-06,7.728948763055931901e-06,4.434053145010654195e-06,6.472196825837061328e-07,-2.720596049653380262e-06,-5.083925318771274618e-06,-6.330821425774708742e-06,-6.753190154859045204e-06,-6.814688515007375226e-06,-6.880941538118563608e-06,-7.043297825015327931e-06,-7.111987252806760525e-06,-6.767637017683377853e-06,-5.784686650873708057e-06,-4.210811672524063071e-06,-2.413307163734623715e-06,-9.697080247759534343e-07,-4.521165587149348860e-07,-1.199603995313458844e-06,-3.173268512090344840e-06,-5.948685895981750656e-06,-8.842322510732603610e-06,-1.111861432387376797e-05,-1.220163232566351695e-05,-1.182356052521293352e-05,-1.007212655074261883e-05,-7.335049540025170218e-06,-4.168272663791319369e-06,-1.130279527288236800e-06,1.371970967240687360e-06,3.185439256518616379e-06,4.433651781091458278e-06,5.450029395613280999e-06,6.637032904598297566e-06,8.292759281884400259e-06,1.046527921924926284e-05,1.289442941800642849e-05,1.507473616427102530e-05,1.642686115906390063e-05,1.651602480978924204e-05,1.522773432819793458e-05,1.282139941579040781e-05,9.831811094226841613e-06,6.857434519074098598e-06,4.330483715618146632e-06,2.376943395576410190e-06,8.342847092022164229e-07,-5.831072426946453533e-07,-2.058217524037837049e-06,-3.509109303261484967e-06,-4.586420035805025809e-06,-4.845687233853338893e-06,-4.013672479757853943e-06,-2.207914443714246185e-06,1.998123833168533890e-08,1.864456412755947010e-06,2.601521971506260337e-06,1.922606206869721873e-06,9.608674774962398709e-08,-2.139164434552158480e-06,-3.913303227574243692e-06,-4.641484000269260689e-06,-4.310912114445309142e-06,-3.487665541286181430e-06,-3.026804943843099971e-06,-3.619676265609181041e-06,-5.401627720184204947e-06,-7.822918728938721146e-06,-9.861136624848022486e-06,-1.048440060512235933e-05,-9.145478331345857317e-06,-6.064466363807744359e-06,-2.156153452721294635e-06,1.369383967263099592e-06,3.543531660001403646e-06,4.055515934857068549e-06,3.350022070742665698e-06,2.365281911828668173e-06,2.047571319620421065e-06,2.885064242944049782e-06,4.688237802716995575e-06,6.715191220913819390e-06,8.065356579544213624e-06,8.133599949357717327e-06,6.894322132494918414e-06,4.880362491788452457e-06,2.882229100431115007e-06,1.534927164979807880e-06,1.009999519651949739e-06,9.663167927445604859e-07,7.718484530006737811e-07,-1.335029181111600724e-07,-1.932416161347499911e-06,-4.341767360215025937e-06,-6.779286991471226844e-06,-8.685428002655143170e-06,-9.820482864358183898e-06,-1.037531384198265999e-05,-1.083821047272527930e-05,-1.169260482864500523e-05,-1.310983301029976785e-05,-1.480189948177752100e-05,-1.611367210832441915e-05,-1.630971729774407212e-05,-1.491389506878664368e-05,-1.193841055396115324e-05,-7.899897219141593127e-06,-3.626983116114582293e-06,4.068839696159797887e-08,2.524497603779435927e-06,3.645104770168767703e-06,3.599208459980072675e-06,2.822807445173760874e-06,1.824469754818185585e-06,1.056584775342559935e-06,8.461331428119629073e-07,1.364643760128675690e-06,2.606906943988412345e-06,4.371599076676447533e-06,6.270940438125288782e-06,7.809027614171363778e-06,8.541865225393757526e-06,8.276848806422980632e-06,7.220071164289258071e-06,5.974290441160198569e-06,5.344883527957410998e-06,6.005972894553820531e-06,8.165612068744478808e-06,1.139556281723435613e-05,1.473306607915425646e-05,1.703921344808901462e-05,1.746945270814926940e-05,1.584407682030600911e-05,1.274067118095614170e-05,9.255635631333500722e-06,6.538748054825407142e-06,5.314720947723736272e-06,5.611910990184754676e-06,6.816231040085280976e-06,8.009190649527500540e-06,8.413740575332235043e-06,7.728327010748147480e-06,6.197832572714060816e-06,4.411082990230406008e-06,2.952609524791525331e-06,2.099784587108556897e-06,1.716007750717053322e-06,1.373856990433188884e-06,6.165957308631551849e-07,-7.987400979085586134e-07,-2.806003774397726688e-06,-5.113122985411525939e-06,-7.386312790717257262e-06,-9.404640468381241452e-06,-1.108637959076136079e-05,-1.238398399751463245e-05,-1.314207470803809962e-05,-1.304886943130929353e-05,-1.175859543662074166e-05,-9.147887098776132591e-06,-5.561279565284533511e-06,-1.870082591267848497e-06,7.547848065233580500e-07,1.303653792188800462e-06,-5.768683374533198102e-07,-4.310708194317949856e-06,-8.519363304133653318e-06,-1.154328417429327802e-05,-1.214938261190043648e-05,-1.010180087089340671e-05,-6.313068210044573675e-06,-2.477541498379207303e-06,-3.331322609964946752e-07,-8.809919144939642146e-07,-3.922605551998578847e-06,-8.131081848247530313e-06,-1.162552877140272116e-05,-1.278421724309919974e-05,-1.092633819994546249e-05,-6.562532887216294766e-06,-1.122890066032101112e-06,3.686653714484888478e-06,6.589583783510002476e-06,7.191263397961337683e-06,6.006221734761710943e-06,4.098098164032590757e-06,2.542093720909213493e-06,1.974602673448248957e-06,2.417851674789813753e-06,3.410938177263369357e-06,4.329019423242681100e-06,4.702982516186712543e-06,4.386725666324244638e-06,3.525499708129710559e-06,2.390607213677125595e-06,1.202826772838354110e-06,4.665662986702100213e-08,-1.096841689738271117e-06,-2.248301104710610155e-06,-3.343519019427215791e-06,-4.222557394863289471e-06,-4.695212214798121882e-06,-4.630424275666854458e-06,-4.005360093617423267e-06,-2.884763362710776023e-06,-1.356422331461153169e-06,5.158277239013382208e-07,2.671243326777162659e-06,4.966279354370527427e-06,7.087024705165417292e-06,8.547778507841731995e-06,8.827939604023499965e-06,7.616918550866898017e-06,5.053571991523841522e-06,1.816155669749292430e-06,-1.030516437619560911e-06,-2.408776655145267675e-06,-1.677789334126359009e-06,1.048242469714507421e-06,4.881500476808615989e-06,8.479184538634129190e-06,1.057595983953984433e-05,1.049672366232852118e-05,8.416134136206559081e-06,5.245880378096268480e-06,2.205430647997857739e-06,2.805567553679623886e-07,-1.777454160884993338e-07,4.635273317999699720e-07,1.372396448293719911e-06,1.697825794845422995e-06,9.816122192242695644e-07,-6.579426927188869723e-07,-2.638064214648039695e-06,-4.235526274483199004e-06,-4.941649135170091291e-06,-4.669866064329472625e-06,-3.731093049198579922e-06,-2.620730968296227598e-06,-1.753951379513464575e-06,-1.296408742787572441e-06,-1.167037597167623709e-06,-1.183731288479512114e-06,-1.243460429826109923e-06,-1.418659491904682836e-06,-1.912186034816250961e-06,-2.904186116668459457e-06,-4.390499690023160502e-06,-6.115585442042370991e-06,-7.643814917318380404e-06,-8.528991878177943377e-06,-8.484536423308891237e-06,-7.460229436145272720e-06,-5.592544796459507436e-06,-3.075911888173769642e-06,-5.132637043705457936e-08,3.405104744052954033e-06,7.180936195800216000e-06,1.098418706703356410e-05,1.427271762550955177e-05,1.634294979477948106e-05,1.657535847418694914e-05,1.473199682826098914e-05,1.114728977300365245e-05,6.685401477093627356e-06,2.446728823213792663e-06,-6.615924633152403822e-07,-2.292478713675196897e-06,-2.779086728657047615e-06,-2.937268571636553989e-06,-3.636101535557235412e-06,-5.342989748591041804e-06,-7.869383233442427380e-06,-1.044753200576785768e-05,-1.210384926710907513e-05,-1.214377804882211205e-05,-1.050439116761997941e-05,-7.795801692004608458e-06,-5.008908271272258894e-06,-3.035681248155332459e-06,-2.243084138889658207e-06,-2.314483360063290112e-06,-2.437171118927456381e-06,-1.740464530206516351e-06,2.360470735909342523e-07,3.277945389461111816e-06,6.565821833596456665e-06,9.044049893456975730e-06,9.907571096816642240e-06,8.972140047075688471e-06,6.755033733524864800e-06,4.235774446574446745e-06,2.417572418724544411e-06,1.896996478298702505e-06,2.634161854111754589e-06,4.012383640975399793e-06,5.139919976346373109e-06,5.243519121508807688e-06,3.978470916098714130e-06,1.535820895817025390e-06,-1.471190014607852209e-06,-4.265025984123671952e-06,-6.184106764672632443e-06,-6.878784447430751104e-06,-6.373596750340374810e-06,-5.009621551377791309e-06,-3.318964180290040159e-06,-1.885452819136254190e-06,-1.222683417359723082e-06,-1.675423909782958183e-06,-3.341501958797362313e-06,-6.021496455637268016e-06,-9.219782174095538687e-06,-1.222390279696807941e-05,-1.426890942026566061e-05,-1.475467767757704011e-05,-1.344734486161631809e-05,-1.058417448018419916e-05,-6.826804515262522594e-06,-3.064021638251434686e-06,-1.277378580238880395e-07,1.474796823844492974e-06,1.712966260084048490e-06,1.015088476942790177e-06,9.462242037479552238e-08,-3.071989903162607019e-07,3.357287639909588422e-07,2.188007531765307774e-06,5.038784909793863140e-06,8.403185637164595188e-06,1.168544718331869585e-05,1.434156776338823172e-05,1.599569454242830212e-05,1.649204181229318466e-05,1.588766227851464124e-05,1.440266179757413967e-05,1.234496270284244455e-05,1.002413631626812945e-05,7.669897012293738954e-06,5.375868433578127736e-06,3.091640065793371438e-06,6.775984789338066723e-07,-1.985360195812241285e-06,-4.868384211654273928e-06,-7.707692293918198763e-06,-1.001371064033328883e-05,-1.119967895461166303e-05,-1.080030941455597486e-05,-8.700442222868651570e-06,-5.271349665420006256e-06,-1.334853430217149992e-06,2.060630051345430699e-06,3.986880784083378180e-06,3.977720776520793154e-06,2.225245641265162990e-06,-4.624036833109854772e-07,-2.942036859344474681e-06,-4.155919347271704744e-06,-3.529397857312369016e-06,-1.186242436938748995e-06,2.106901344666017247e-06,5.245253889232421089e-06,7.215054086577256616e-06,7.471260256336509860e-06,6.111650687129591615e-06,3.783817488183388566e-06,1.376451016112716210e-06,-3.630675361053899999e-07,-1.116252606280684521e-06,-1.066482462025762284e-06,-7.386083170725445642e-07,-6.932935356618974273e-07,-1.227767574504886299e-06,-2.226220137870766446e-06,-3.227406661419039617e-06,-3.670608555470371653e-06,-3.194848607705941955e-06,-1.841532482338575113e-06,-5.926277356345386349e-08,1.492291347881138246e-06,2.243020657354037992e-06,1.969299547005317762e-06,8.811216811598957870e-07,-5.011607311972939056e-07,-1.614762796577054661e-06,-2.127899629551136618e-06,-2.077119830825731894e-06,-1.798014817825168534e-06,-1.688104497835240438e-06,-1.932143668125474915e-06,-2.345001197501962732e-06,-2.429969915261235393e-06,-1.637633954305059687e-06,3.007356867253273884e-07,3.142017176270996115e-06,6.139278176045133576e-06,8.311355128278133877e-06,8.862244592964816704e-06,7.553394005007874579e-06,4.842122396462674079e-06,1.704575879209624575e-06,-7.870394776120190973e-07,-1.940051502875748959e-06,-1.744711473107116852e-06,-8.582050118292301819e-07,-2.741410178496482425e-07,-8.346702203311582241e-07,-2.819433785873508769e-06,-5.808303455441630568e-06,-8.880985824437104156e-06,-1.105207464912747621e-05,-1.172660140725795055e-05,-1.095461053089476324e-05,-9.366090437261293496e-06,-7.827315684966082727e-06,-6.995947659227784516e-06,-6.997631101490339522e-06,-7.380632146018076151e-06,-7.363076121269615621e-06,-6.242564650785421090e-06,-3.762712490354095117e-06,-2.603935240251163692e-07,3.467830606361666894e-06,6.502930974696374529e-06,8.175079663795520963e-06,8.298353938993511647e-06,7.179301054674123701e-06,5.428262457864107281e-06,3.692353409850950770e-06,2.446589864786148724e-06,1.922911777132524332e-06,2.164919630465371833e-06,3.125265926068208835e-06,4.713383665078243806e-06,6.755444722935339484e-06,8.908942041361615186e-06,1.062728929277658987e-05,1.125730595869375005e-05,1.027589768867248680e-05,7.573833355814620589e-06,3.634325539841218149e-06,-5.244639538127453897e-07,-3.671116397641603707e-06,-4.838454582031600387e-06,-3.750091886023685050e-06,-9.871095911925276257e-07,2.208886015658996211e-06,4.432785402033883357e-06,4.701290387724770683e-06,2.861908740101937044e-06,-3.649519985872277630e-07,-3.732218754161169278e-06,-6.038791562469650322e-06,-6.659346407775495318e-06,-5.784665217886215206e-06,-4.268006674580149712e-06,-3.164621275244794577e-06,-3.197714945964192642e-06,-4.413203955236148973e-06,-6.184872960539229668e-06,-7.553559446849609242e-06,-7.719197177573014360e-06,-6.435129073488350412e-06,-4.112437475448715171e-06,-1.595171139346360890e-06,2.650405517686927591e-07,1.010143754987667710e-06,7.498432462224230885e-07,3.185867122363663506e-08,-5.070600455672675932e-07,-5.120592574929417809e-07,-9.987985680319856751e-08,2.338433985873795495e-07,-6.386019611216308415e-08,-1.231812341630518394e-06,-2.982259382818686625e-06,-4.575312516964336985e-06,-5.157695301396100111e-06,-4.201577740816339723e-06,-1.819788488180915954e-06,1.212178663700162953e-06,3.755593804883879367e-06,4.799460787679861374e-06,3.916924508375058670e-06,1.474147227696159969e-06,-1.505854567977188345e-06,-3.761228795917897882e-06,-4.300085208910528490e-06,-2.774115770879612451e-06,4.372923132787236488e-07,4.446926266795650159e-06,8.259519192375764594e-06,1.115581974353617284e-05,1.289103117164799164e-05,1.364214505038899813e-05,1.376628529684658555e-05,1.351911609169227146e-05,1.288842366313833159e-05,1.162510012793565125e-05,9.443001543377788803e-06,6.268497576629252191e-06,2.395301308979651461e-06,-1.548971148135550327e-06,-4.819061905501963937e-06,-6.849846534640866474e-06,-7.490001417695112320e-06,-7.054831952139812591e-06,-6.168629256571250815e-06,-5.468883531236851518e-06,-5.311639362173094945e-06,-5.617150173909054998e-06,-5.928476179294510982e-06,-5.655119784589479929e-06,-4.387057577947699904e-06,-2.132009766542450212e-06,6.352836645089633689e-07,3.136458781378906465e-06,4.593787142280639074e-06,4.541213800573000754e-06,3.007328399834482658e-06,4.947897589403871163e-07,-2.228245316043104409e-06,-4.428167438604541023e-06,-5.665742361664720598e-06,-5.908606276393184182e-06,-5.460342435014781501e-06,-4.753920616806101515e-06,-4.115780558040054109e-06,-3.614395852947968206e-06,-3.061888139606146653e-06,-2.161221058306894118e-06,-7.202790722509230389e-07,1.179310053439499162e-06,3.150832151724536550e-06,4.636264346199328903e-06,5.152717790835999677e-06,4.540213544136528331e-06,3.089838623726007682e-06,1.477618826293801579e-06,5.133731051448192191e-07,7.994518819952932228e-07,2.443207425207997730e-06,4.955211270360753894e-06,7.394070310095210045e-06,8.715804386371080133e-06,8.194200666729511276e-06,5.738957938537942278e-06,1.971127239378330957e-06,-1.989530131549680655e-06,-4.950636493458873967e-06,-6.117658677212237467e-06,-5.412926360339605362e-06,-3.503472944643422429e-06,-1.516719771152885908e-06,-5.560011343381032990e-07,-1.218013715153595782e-06,-3.320322900499125871e-06,-5.962824694125939302e-06,-7.905715366053044180e-06,-8.107876250219588998e-06,-6.194787020060763069e-06,-2.649447171405246085e-06,1.364106817648059453e-06,4.475830204471341088e-06,5.681477871614819318e-06,4.762813241236345507e-06,2.370477629359939514e-06,-2.699141373944525876e-07,-1.901822857392318510e-06,-1.793711375512887923e-06,-6.224785185592678469e-08,2.378964397523790276e-06,4.220534794722567683e-06,4.328827831114685520e-06,2.235022197343480053e-06,-1.670305180225857383e-06,-6.313633752620236945e-06,-1.039565559908427536e-05,-1.291729668507519421e-05,-1.354133049282892288e-05,-1.264199473384933740e-05,-1.104462514115534132e-05,-9.598698072832415585e-06,-8.794655916236737676e-06,-8.598834323739681517e-06,-8.563515504406400225e-06,-8.131001697368940730e-06,-6.960167727877328994e-06,-5.103966401611646889e-06,-2.953295407997371684e-06,-9.895410946081148141e-07,5.108877014427576897e-07,1.652910426045813689e-06,2.877298204242891581e-06,4.709153762379117905e-06,7.427327658460936885e-06,1.082847682029805051e-05,1.421765745697089891e-05,1.664778717135612508e-05,1.730767209681698097e-05,1.588327085910316215e-05,1.272588000035681250e-05,8.748609865778879909e-06,5.095453893133701712e-06,2.726429131286151619e-06,2.092430097008778105e-06,3.024405324792669148e-06,4.861110935662873897e-06,6.738060867292645166e-06,7.903800273093248234e-06,7.938915031559523199e-06,6.815465349564472701e-06,4.813242789208924096e-06,2.364797152018209983e-06,-8.888467860847177038e-08,-2.181852299382544743e-06,-3.644032649595132470e-06,-4.293018408791002657e-06,-4.034997191310675579e-06,-2.889700981547703898e-06,-1.022398913974225874e-06,1.251665526442852020e-06,3.516323117405540325e-06,5.353447592269201593e-06,6.456808918617731081e-06,6.712486558177148732e-06,6.211347433032884091e-06,5.192355022327249634e-06,3.948675683629569919e-06,2.742363389390060219e-06,1.760497801932263400e-06,1.115139101835789418e-06,8.612801955407219707e-07,9.994829564291847417e-07,1.448209675177051917e-06,2.003174092838489962e-06,2.325292357507106462e-06,1.996256258409308966e-06,6.482021146025477261e-07,-1.872676627620771499e-06,-5.382363139916700276e-06,-9.346675083267485539e-06,-1.300931089946363105e-05,-1.562447223156561031e-05,-1.670393955961161316e-05,-1.617443451669930187e-05,-1.437756215702177387e-05,-1.191548433130224222e-05,-9.415738419636894278e-06,-7.322535924090739318e-06,-5.802128687766990329e-06,-4.787191357059181742e-06,-4.113124275378138083e-06,-3.656091542002231560e-06,-3.390964144373993179e-06,-3.341439208174440746e-06,-3.463542114422309924e-06,-3.548218124261563207e-06,-3.222798763601316464e-06,-2.076673997512312599e-06,1.372769346558622874e-07,3.326103779348350831e-06,7.005793472615487965e-06,1.042170519364989470e-05,1.280296758142051723e-05,1.364425843494603390e-05,1.288962045800801854e-05,1.093521593485799305e-05,8.450742488722637059e-06,6.101759192084112019e-06,4.297301113557599712e-06,3.069850864157338157e-06,2.128891677105113661e-06,1.048924969105979145e-06,-5.031180069950839180e-07,-2.603655887979034474e-06,-5.034622590108593898e-06,-7.372847395883855198e-06,-9.154089882716889389e-06,-1.003771028332852065e-05,-9.912056080803383076e-06,-8.915870065217040957e-06,-7.385741268123467393e-06,-5.758221476788378207e-06,-4.455731665838188601e-06,-3.777439807115937333e-06,-3.811873522194636489e-06,-4.391504756116538290e-06,-5.114067317469623662e-06,-5.448219805205501567e-06,-4.914573920869935632e-06,-3.293163155890912582e-06,-7.753250456945721192e-07,2.024060215873041537e-06,4.236069180598658737e-06,5.054955674939586358e-06,4.091041607444823730e-06,1.607925318687563784e-06,-1.480144763164066137e-06,-3.883668745313437125e-06,-4.399621909337891549e-06,-2.380181834519874152e-06,1.989854254389891033e-06,7.734937270705193190e-06,1.344503357933340653e-05,1.780448245312247688e-05,2.007377042780416669e-05,2.032308284169004575e-05,1.932435476897956760e-05,1.815702055335987580e-05,1.770443035373971699e-05,1.825895016708500672e-05,1.939842314842854802e-05,2.017367842569068809e-05,1.951395756203605635e-05,1.667307044703082239e-05,1.153615077885636443e-05,4.678559553169841653e-06,-2.823830119386127231e-06,-9.739618812692205432e-06,-1.504490774908197732e-05,-1.818259405866470363e-05,-1.915308373236780152e-05,-1.843846065911341629e-05,-1.681127558758648894e-05,-1.509833806307334590e-05,-1.396372800643731970e-05,-1.375681999537290959e-05,-1.445159273079801974e-05,-1.568604367792725732e-05,-1.689198452640094749e-05,-1.748329009548014077e-05,-1.704902280587657087e-05,-1.548788731032892693e-05,-1.303343694683579154e-05,-1.015729731846939257e-05,-7.387793760823236445e-06,-5.120384476809094493e-06,-3.502010916663435476e-06,-2.436601476314691747e-06,-1.698048282336061278e-06,-1.081065529076524675e-06,-5.009677003840445133e-07,1.574716532041928106e-08,4.411759494589139338e-07,8.808272962410878296e-07,1.632009893156972354e-06,3.098716983807032198e-06,5.577479836781128364e-06,9.014691546548778982e-06,1.287608641498773307e-05,1.623360124084243709e-05,1.807364707385357970e-05,1.771197381603734387e-05,1.512697589613626980e-05,1.104016869086877831e-05,6.679803780083181739e-06,3.313059873864650079e-06,1.749812181773673111e-06,2.044281440654665910e-06,3.533027838423145332e-06,5.188668496276466515e-06,6.116628838187603206e-06,5.954359383854477362e-06,4.984486211743444571e-06,3.919837307440343688e-06,3.484511800209279266e-06,4.015484487164662443e-06,5.291848415016471260e-06,6.673374672167672661e-06,7.463262471940667461e-06,7.290526577101662661e-06,6.299241681561165761e-06,5.039419028958840845e-06,4.119972787632296553e-06,3.818461379325056233e-06,3.871382750436944703e-06,3.574901911199500518e-06,2.157445601996286945e-06,-7.675963304099259286e-07,-4.915172375176133962e-06,-9.377052162061315314e-06,-1.300353925306707493e-05,-1.493932799427986219e-05,-1.504477387732579295e-05,-1.398122905971494380e-05,-1.290237760804840412e-05,-1.289099614226464495e-05,-1.441180277095560935e-05,-1.704857208970535779e-05,-1.965777741429766229e-05,-2.086949408263255761e-05,-1.969961666926956192e-05,-1.598747273978457542e-05,-1.046193011473638707e-05,-4.419855000559120573e-06,8.179051383979180147e-07,4.414049981756373681e-06,6.261732176457053420e-06,6.885818407292296418e-06,7.082512391310467335e-06,7.495839731752372465e-06,8.337816375577126565e-06,9.366232333225212164e-06,1.009496058972953507e-05,1.010013723209024250e-05,9.254676629529223980e-06,7.780701772594845794e-06,6.116150728923990951e-06,4.687823959813097863e-06,3.719819105671240261e-06,3.171115604201970213e-06,2.815827435205330417e-06,2.402410476509039230e-06,1.795236986372014858e-06,1.026143041252266286e-06,2.445992190231124908e-07,-3.857413968064872735e-07,-7.729716480246990720e-07,-9.163535873307146027e-07,-8.600915111860572946e-07,-6.267227217137400444e-07,-1.867232522321595661e-07,5.067042613959687943e-07,1.436680828419524894e-06,2.451827156580846291e-06,3.263981496321833354e-06,3.536886308875480399e-06,3.034440737154179034e-06,1.756986567084622138e-06,-8.077908006269546030e-09,-1.756504055800179351e-06,-2.934426859548913706e-06,-3.131309867332952445e-06,-2.216358710497235876e-06,-3.664360302160549598e-07,2.012956241785303744e-06,4.424897691130768301e-06,6.411154290501716795e-06,7.629270725746335506e-06,7.870851103977655246e-06,7.049999196438437270e-06,5.199598338001098448e-06,2.492524580208024170e-06,-7.293675520617774873e-07,-3.959157448789845463e-06,-6.597234390119430525e-06,-8.093972951716208450e-06,-8.120570465096527585e-06,-6.697873031710464943e-06,-4.219454992767811018e-06,-1.345852303124808386e-06,1.197734975720856497e-06,2.845634068542587532e-06,3.354813518790691451e-06,2.852323162610877775e-06,1.761458845008189211e-06,6.457084143417133605e-07,3.031266888439755073e-08,2.540990163351113897e-07,1.380587848247911011e-06,3.174892190361087313e-06,5.143115172209170891e-06,6.631941781943102393e-06,6.985513122721137836e-06,5.742406187654249902e-06,2.827466539532207627e-06,-1.333107509873886242e-06,-5.846247809652871955e-06,-9.569415095845738294e-06,-1.147042549543379369e-05,-1.101167343924020993e-05,-8.401546717616948203e-06,-4.585640143515892420e-06,-9.479365079135855287e-07,1.180832020774361003e-06,1.013889060579333121e-06,-1.409610908167209802e-06,-5.275650916033899512e-06,-9.356553763829609911e-06,-1.251753031149118292e-05,-1.413793101234862440e-05,-1.426198346922527525e-05,-1.342995094964122427e-05,-1.229949516440173711e-05,-1.126719437491610299e-05,-1.028962501784775899e-05,-8.987958122433705948e-06,-6.961509170530153884e-06,-4.119857342987396246e-06,-8.335959154285540480e-07,2.193292464972948642e-06,4.266849745976467089e-06,5.072020269098173277e-06,4.853725514066054825e-06,4.295045429637157563e-06,4.145518053111769919e-06,4.798224293871308908e-06,6.054169118722001128e-06,7.219132266792433196e-06,7.497806934751751460e-06,6.479646703002160233e-06,4.446287147428259183e-06,2.313120583107174814e-06,1.209183806082435703e-06,1.899536653428718801e-06,4.353047776592810578e-06,7.696947392641169974e-06,1.060383244906315762e-05,1.192750277401985344e-05,1.126392394117250438e-05,9.141924665865893500e-06,6.735820461640564807e-06,5.243457241033981341e-06,5.255040257027156198e-06,6.450581220777653088e-06,7.795071822768514453e-06,8.135980284789110886e-06,6.886805989698271396e-06,4.423213328082230298e-06,1.960282522216925579e-06,9.505163570239481468e-07,2.301399696879708789e-06,5.820212281091613136e-06,1.019060601128363766e-05,1.351929185947959313e-05,1.419818135560491291e-05,1.166011049787951479e-05,6.653608536088462179e-06,9.014863770425077075e-07,-3.683677745220766896e-06,-5.836075519148349075e-06,-5.418401930147058988e-06,-3.334211360358957640e-06,-9.533893476714391556e-07,6.219908645170705584e-07,1.059139585791269033e-06,8.161000775484010759e-07,7.089281241117139646e-07,1.300687797024834144e-06,2.480535428506134361e-06,3.485652364460750275e-06,3.360506125192137075e-06,1.590424081643056247e-06,-1.466062946013842933e-06,-4.623375709141919037e-06,-6.411285017486413853e-06,-5.850079651674505137e-06,-3.046986149141945201e-06,7.264773214225096168e-07,3.556981657119304856e-06,3.778161776985327945e-06,7.895282288748299554e-07,-4.610854143356353926e-06,-1.055921130569963766e-05,-1.496939078978430140e-05,-1.647295557678810177e-05,-1.499426848029755988e-05,-1.168703363853266040e-05,-8.285552070115533507e-06,-6.219211454109269727e-06,-5.949410527491725410e-06,-6.858622401608742372e-06,-7.722440965419689800e-06,-7.486552053532470384e-06,-5.914869675067596733e-06,-3.753350604628491561e-06,-2.322176337781468792e-06,-2.762173887081829135e-06,-5.351340554384227967e-06,-9.272342351250645662e-06,-1.297061515985824977e-05,-1.492435192327600566e-05,-1.442277831363045404e-05,-1.193868784023223746e-05,-8.892016177750049661e-06,-6.922053784798366917e-06,-7.046475634586840224e-06,-9.146895480222834202e-06,-1.204963493056898515e-05,-1.415669431870574473e-05,-1.429133404649291972e-05,-1.230924326336809992e-05,-9.150598502741899185e-06,-6.305311711200473460e-06,-4.976786437154944531e-06,-5.392876786897257694e-06,-6.639195194711772833e-06,-7.116741904506596374e-06,-5.395593936886966825e-06,-1.022301458961911510e-06,5.146168420882448416e-06,1.127080708430567515e-05,1.537111290487807618e-05,1.626286811357693915e-05,1.412430737001626713e-05,1.040673240463190188e-05,7.134461960002783474e-06,5.943769481713025025e-06,7.336732082966915752e-06,1.051172089564227181e-05,1.383853114805827381e-05,1.572383058272758721e-05,1.542438198182288133e-05,1.340302031370164031e-05,1.106140832691051681e-05,9.999151876446488261e-06,1.118097232485883821e-05,1.442903765376016246e-05,1.848511716812863029e-05,2.159993633179670844e-05,2.235146905462528647e-05,2.029441089150339745e-05,1.614108694401298374e-05,1.141132329032761361e-05,7.741904044692469127e-06,6.191678909095261546e-06,6.853953428816826039e-06,8.919040154752739798e-06,1.111068348788878586e-05,1.226040376145164554e-05,1.175336855056136732e-05,9.676820556049584319e-06,6.663091362627337589e-06,3.556305343126538412e-06,1.081909043524264744e-06,-3.479418954433509902e-07,-6.598536397570778244e-07,-3.168138717316611066e-08,1.219547965821730129e-06,2.716068735263461034e-06,4.064642453155465867e-06,4.908672691935913221e-06,5.018404329525349340e-06,4.401241149940905772e-06,3.363614347942425296e-06,2.447561661937650038e-06,2.217362831404244036e-06,2.961680692417325302e-06,4.451799817565006509e-06,5.904202523234491849e-06,6.217058987227688952e-06,4.416020421895267250e-06,1.229412930733461906e-07,-6.178591013912908316e-06,-1.323312994833433173e-05,-1.945082049579158754e-05,-2.351478513844485475e-05,-2.488835763545065559e-05,-2.398880716444468629e-05,-2.194721723680150997e-05,-2.007000808859703861e-05,-1.925864226535175334e-05,-1.965897945247605427e-05,-2.069298618985155070e-05,-2.143384977632297771e-05,-2.111883013692753854e-05,-1.953638684257636798e-05,-1.710176140665133898e-05,-1.460418290266362056e-05,-1.277866709966567760e-05,-1.193750020826372155e-05,-1.185120340512382149e-05,-1.192510864107749153e-05,-1.155633467973852709e-05,-1.046465759853338308e-05,-8.816624507684038889e-06,-7.086958472599381897e-06,-5.752480143456372088e-06,-5.005899233514714687e-06,-4.658947036505512155e-06,-4.288222433498333450e-06,-3.530422664828317496e-06,-2.341573973970718904e-06,-1.052076260029727806e-06,-1.683413638053259499e-07,-2.606002556062582364e-08,-5.006425890094430771e-07,-9.655248619207885368e-07,-5.605018680478494962e-07,1.343458930608120975e-06,4.722687078219585285e-06,8.764737962597205217e-06,1.212872763789233715e-05,1.351099559474686347e-05,1.225667840552922980e-05,8.714604460402797248e-06,4.144001715168147922e-06,1.959627551478885683e-07,-1.796086302540919598e-06,-1.382478377976901221e-06,8.501485508673997025e-07,3.610768913746295749e-06,5.555715947688561080e-06,5.941251352772025540e-06,4.961559941330220365e-06,3.615514268385823115e-06,3.178866300551015163e-06,4.549576145191530029e-06,7.789059595574282158e-06,1.207730461338659100e-05,1.609138949360694199e-05,1.861112724083223202e-05,1.905371124703772180e-05,1.768726477077309114e-05,1.544069892373050053e-05,1.342592937518451004e-05,1.241888634806221186e-05,1.254773408131075480e-05,1.331750572675774105e-05,1.392710112931841429e-05,1.369699511955143886e-05,1.238965388423090980e-05,1.027943622045883763e-05,7.967662472306036596e-06,6.065735788555412228e-06,4.921036234715760544e-06,4.517194067924516452e-06,4.573581316965058642e-06,4.760395050909817386e-06,4.893257364991640256e-06,4.998072165146510640e-06,5.221853555039183011e-06,5.657337115677275776e-06,6.196952086387655815e-06,6.511176903741958706e-06,6.172281210887224230e-06,4.860407795911620572e-06,2.541709962726784002e-06,-4.775690517921986343e-07,-3.651503739500038076e-06,-6.399933885928366228e-06,-8.318637401637449789e-06,-9.297526559044519859e-06,-9.503196194226514696e-06,-9.253390160880829650e-06,-8.861331549724085440e-06,-8.532050620878357957e-06,-8.352234830191144609e-06,-8.355595964464324258e-06,-8.602156014257046854e-06,-9.206317911282200586e-06,-1.028553191115837595e-05,-1.185609260915447388e-05,-1.374258712069271054e-05,-1.556876067421999413e-05,-1.685785377416724096e-05,-1.721052198303870477e-05,-1.648068681304852307e-05,-1.486079394981324401e-05,-1.282477747820141877e-05,-1.094275398222288297e-05,-9.644180838403411380e-06,-9.034883944526208083e-06,-8.853179085684680070e-06,-8.589778298066303363e-06,-7.722817382673750908e-06,-5.966576963116722990e-06,-3.424152909688353114e-06,-5.742309367534931217e-07,1.907212894487798974e-06,3.418504974261080975e-06,3.684245508172749124e-06,2.880606724953944002e-06,1.577333136809974459e-06,5.142991957762879459e-07,2.989966412011782215e-07,1.146291467888955153e-06,2.768726610970269917e-06,4.468739090613570562e-06,5.404824557499530421e-06,4.932658725539617056e-06,2.887937189337911120e-06,-3.047555388681206772e-07,-3.748314455513222973e-06,-6.378592812356260344e-06,-7.346739266926127433e-06,-6.332448598563316752e-06,-3.665981573399918239e-06,-2.100042484785729852e-07,2.953970144023685708e-06,4.913603985290743433e-06,5.240064076738443053e-06,4.113101270471354571e-06,2.219270938561703024e-06,4.753917105235985313e-07,-3.069142804908744935e-07,3.129336687902703064e-07,2.296716932481067257e-06,5.194833746154575069e-06,8.336787527231968997e-06,1.105504813957142564e-05,1.285848611096043416e-05,1.351133125262453602e-05,1.302285726450347750e-05,1.158637525342689407e-05,9.510366221104598196e-06,7.164215368133542160e-06,4.933927493239449426e-06,3.169111982866120328e-06,2.110958559431195580e-06,1.815660554897785565e-06,2.110763248594581407e-06,2.624546523916841081e-06,2.903361470357542571e-06,2.588343860056813174e-06,1.583565050740022856e-06,1.359731551320026493e-07,-1.225288469934821494e-06,-1.884790166211033651e-06,-1.403410667131735675e-06,2.591952028635099127e-07,2.662261013316236614e-06,4.990013670405753675e-06,6.318983399088319705e-06,5.952132341075961541e-06,3.695236666396520709e-06,-3.003031138716967587e-08,-4.282417092001291329e-06,-7.877674182683361327e-06,-9.754174826661863586e-06,-9.308639316790658682e-06,-6.596003339304948350e-06,-2.332746978993213122e-06,2.296705914310820889e-06,5.974175375354680272e-06,7.627268753365848203e-06,6.745973503954055981e-06,3.542936417364334559e-06,-1.095618064429475593e-06,-5.863333485655181325e-06,-9.424079456932576629e-06,-1.082300335276689077e-05,-9.785539826048817049e-06,-6.798972670845524174e-06,-2.939504981352664438e-06,5.029750389330869100e-07,2.472730640962825984e-06,2.505803505302821598e-06,8.637774179350982448e-07,-1.605783369781496170e-06,-3.824405509588864656e-06,-4.909475150342661278e-06,-4.501565883783082207e-06,-2.865396660907438126e-06,-7.346169053052038040e-07,1.021784196328824711e-06,1.762710411717235996e-06,1.314987159314718072e-06,-5.128270720796690131e-10,-1.549397644762709832e-06,-2.675365765377380333e-06,-2.967445129836802350e-06,-2.390523462172682072e-06,-1.237832491161010002e-06,5.291065151126634837e-08,1.121393043979206124e-06,1.839219846195255598e-06,2.332484114032210420e-06,2.873524838785381011e-06,3.701883604167474404e-06,4.861592770893557074e-06,6.129343977374718574e-06,7.065781704172274523e-06,7.170790086603480327e-06,6.083918675543798094e-06,3.755599555051050530e-06,5.253393061804597754e-07,-2.926833334785404188e-06,-5.749826530900879556e-06,-7.167305610915650019e-06,-6.726889708253125909e-06,-4.470097273520912073e-06,-9.560025009782383511e-07,2.886681927791114810e-06,6.045056780074275757e-06,7.753290503716738015e-06,7.746801568569405049e-06,6.331891164417292498e-06,4.228327096707609483e-06,2.236592573122339465e-06,8.658549298733944395e-07,9.129186199604868080e-08,-6.334486335166690961e-07,-2.091247298417889880e-06,-4.856450196521082146e-06,-8.892868012238677391e-06,-1.340033593750098237e-05,-1.701832103599657613e-05,-1.833540478773454732e-05,-1.650240142186077408e-05,-1.167801688205493165e-05,-5.089104137409539776e-06,1.353509382404162389e-06,5.746154080460585610e-06,6.908983062659460903e-06,4.824819684230474058e-06,6.114401218021420440e-07,-3.959739465941402454e-06,-7.188152190257472239e-06,-8.098700303342922982e-06,-6.752291675738523900e-06,-4.098825708076474494e-06,-1.465683560136554287e-06,6.888414021805967381e-08,1.318565918877744770e-07,-8.492541808350968569e-07,-1.925855278040064485e-06,-2.125244645280596663e-06,-9.209038431172326537e-07,1.536093281506013542e-06,4.509514230141028376e-06,7.023800468020782793e-06,8.284562201173665313e-06,7.980327790452731350e-06,6.348622375239380868e-06,4.011023575914116982e-06,1.685369746410276861e-06,-7.866124416723130670e-08,-1.031574597575776858e-06,-1.198217080377335325e-06,-7.499311512745283930e-07,1.315254634421215459e-07,1.323154904779234936e-06,2.744311407502191974e-06,4.293361975328014432e-06,5.801193566756492107e-06,7.047088082252114710e-06,7.835868369435904906e-06,8.090769560165341902e-06,7.901581090036195930e-06,7.490793586231354081e-06,7.107501677503594306e-06,6.901770371146767857e-06,6.846088019827815710e-06,6.747463316144567880e-06,6.346678325116925047e-06,5.456107078947637379e-06,4.068341823993040531e-06,2.383674719587177666e-06,7.452976161455586063e-07,-4.854337973155239377e-07,-1.056996092200055220e-06,-9.068688753855117090e-07,-1.671563502754679693e-07,8.946952004141469555e-07,1.968886661404792501e-06,2.794742437282994763e-06,3.226014027836824364e-06,3.259757959150277378e-06,3.027677998537254212e-06,2.751289723111388554e-06,2.664061506766391974e-06,2.911997362254117285e-06,3.459753934903439277e-06,4.043597765348266877e-06,4.211370867824249791e-06,3.463810724281220574e-06,1.465471968455849784e-06,-1.752936048913119182e-06,-5.698634086887679664e-06,-9.498841606049697068e-06,-1.216262088521221275e-05,-1.293845750896362989e-05,-1.162344426769947062e-05,-8.681039549257324139e-06,-5.095412075070458133e-06,-2.004867223478319363e-06,-2.626104942475954984e-07,-1.167644233717475388e-07,-1.156187359677279532e-06,-2.550071740041627781e-06,-3.471400223032079239e-06,-3.504157182966490164e-06,-2.838554824678781545e-06,-2.159044185907963921e-06,-2.279856065923876783e-06,-3.708871752528409004e-06,-6.358923133651489637e-06,-9.554696385527511039e-06,-1.233646605460067369e-05,-1.391152836099199002e-05,-1.402656905981502800e-05,-1.307027508408031129e-05,-1.184939463951461924e-05,-1.114721130187882293e-05,-1.128746803556246727e-05,-1.193008907628475056e-05,-1.221344413637587324e-05,-1.118521891923051556e-05,-8.315811813409335065e-06,-3.839342493380803683e-06,1.255884075659940580e-06,5.599139978400546067e-06,8.007468858775962961e-06,7.991846701581977044e-06,5.963529768735100234e-06,3.044301837571543537e-06,5.693526524516924798e-07,-4.867095259702925128e-07,1.013908514542445657e-07,1.776562449271423778e-06,3.523685825676106323e-06,4.388461911879178695e-06,3.944614862485849010e-06,2.497006922565896672e-06,9.381694691668297784e-07,3.370094023005359448e-07,1.454909765327919902e-06,4.405412878779851922e-06,8.596204976108315408e-06,1.295910826257549351e-05,1.635030095701440374e-05,1.794379236649976944e-05,1.746585773111559460e-05,1.520530615594723728e-05,1.183631367903756150e-05,8.158766328644125743e-06,4.870109640329555528e-06,2.439335350781355069e-06,1.089151128541206670e-06,8.429580605059770660e-07,1.581015765281398210e-06,3.073184456668265808e-06,4.992510659831234801e-06,6.938476534768472696e-06,8.495775487677333025e-06,9.327831199555147157e-06,9.273019115746035254e-06,8.397442745508528728e-06,6.972022564905217779e-06,5.376931183816090268e-06,3.972967999199208147e-06,2.995869367987520064e-06,2.515877994098511125e-06,2.468808195093928496e-06,2.727245134176842212e-06,3.163303540998209680e-06,3.667400988060767005e-06,4.122438028717777414e-06,4.367616661198228256e-06,4.198048470238206142e-06,3.425586329163532557e-06,1.983180118039590326e-06,1.503492098091193048e-08,-2.115320860746522921e-06,-3.935304946565633550e-06,-5.066287107510188292e-06,-5.432901062524049059e-06,-5.367724984132394928e-06,-5.532228663899046330e-06,-6.654941818357914074e-06,-9.180978985955736243e-06,-1.298696825116779685e-05,-1.730739187479279366e-05,-2.093826399064224828e-05,-2.266319775562746901e-05,-2.173919127837144096e-05,-1.823680090918525484e-05,-1.307651281847091367e-05,-7.724357661787962294e-06,-3.654424372344545905e-06,-1.790369893795627357e-06,-2.154683212350082926e-06,-3.873673616874894268e-06,-5.541097447150870051e-06,-5.795575569425091783e-06,-3.879243728057998329e-06,4.605913749596187451e-08,4.948415383976192267e-06,9.316284649686622446e-06,1.173064300839533836e-05,1.139352607833915644e-05,8.413111089516396032e-06,3.747581014084081014e-06,-1.155851038685216273e-06,-4.878456221299991409e-06,-6.507367758290333972e-06,-5.904566206070305210e-06,-3.687150228864235669e-06,-9.480778628157078988e-07,1.164268451873180459e-06,1.850333522422618768e-06,9.096800594096862579e-07,-1.235390296956553052e-06,-3.732123861542290683e-06,-5.622810259470200511e-06,-6.182946992575891686e-06,-5.156831354283772484e-06,-2.818242208431513078e-06,1.523885998941554847e-07,2.920354898078018618e-06,4.783655202669951770e-06,5.392947077156604591e-06,4.831743915568896127e-06,3.537801836387007790e-06,2.105564538234421569e-06,1.051916416664448942e-06,6.373029095971688025e-07,8.077364282587480429e-07,1.270998199926689108e-06,1.663975976879252349e-06,1.731301453417092921e-06,1.434100582998582339e-06,9.423297078452476573e-07,5.193485391430702664e-07,3.580242829887662234e-07,4.504199047113299594e-07,5.572659507328871968e-07,2.961718052445613024e-07,-6.889876471097990464e-07,-2.554151948083567222e-06,-5.156318977184547932e-06,-8.075279296700494413e-06,-1.074594730686931518e-05,-1.264189305949643368e-05,-1.343046237473120848e-05,-1.303792634807991290e-05,-1.160943114245282621e-05,-9.399260988980943235e-06,-6.656462167667422373e-06,-3.564883541992913478e-06,-2.594900524836359932e-07,3.106866065026770363e-06,6.303805470756553990e-06,9.026282340496015905e-06,1.097914471149645758e-05,1.201123552651718963e-05,1.222850552820709663e-05,1.201316626209378204e-05,1.191451484320836394e-05,1.244016122960977287e-05,1.383300571780745940e-05,1.593917253964622030e-05,1.824125796834929198e-05,2.006028757491062231e-05,2.085011342710388284e-05,2.045756377603853270e-05,1.922673226638741764e-05,1.788757884207355694e-05,1.726198227308367545e-05,1.790332925578043085e-05,1.982062996176510217e-05,2.240796356814765943e-05,2.461691012563594041e-05,2.530950402793883606e-05,2.365560390826575439e-05,1.942261839417770052e-05,1.305243018636819652e-05,5.507734636844144223e-06,-2.040982986192007898e-06,-8.563110515941893373e-06,-1.342653424264950531e-05,-1.649292966333863850e-05,-1.804670528356681512e-05,-1.861505250452270610e-05,-1.876278594432537246e-05,-1.893315432165147596e-05,-1.936843148195881005e-05,-2.010461616573647127e-05,-2.101185692642212752e-05,-2.185215955183202277e-05,-2.234044325930927875e-05,-2.220900446378867331e-05,-2.127718070782794651e-05,-1.951655829779971543e-05,-1.708758894313350669e-05,-1.432021378752198221e-05,-1.162739477575924311e-05,-9.372003948049211489e-06,-7.738148040520180152e-06,-6.668224936945569761e-06,-5.905758125593471827e-06,-5.136850386269197361e-06,-4.171402071835865651e-06,-3.076478521456009517e-06,-2.187175736566856543e-06,-1.973723835937895028e-06,-2.814361556936544838e-06,-4.776967596960072823e-06,-7.519312148947250253e-06,-1.037018448262112722e-05,-1.257086869681344401e-05,-1.357715776666984605e-05,-1.328595718342285213e-05,-1.207808571880467082e-05,-1.065013120776321747e-05,-9.706070505227036346e-06,-9.646925293254685944e-06,-1.040024989298587870e-05,-1.146730514305761011e-05,-1.216383733237782901e-05,-1.193909913680998458e-05,-1.062137365610164375e-05,-8.474816189574834583e-06,-6.044511815138409080e-06,-3.869635018299144032e-06,-2.208340091747049125e-06,-9.113920161417670750e-07,4.922184575162061881e-07,2.539334064563436880e-06,5.532852322382332515e-06,9.347930986656970042e-06,1.344430819278409357e-05,1.708596574762586833e-05,1.966872083580070927e-05,2.100210927389175049e-05,2.140999034891217246e-05,2.159623120860209021e-05,2.232935848076900108e-05,2.408349945363306684e-05,2.679440931491454419e-05,2.983994870149299172e-05,3.225723861347730420e-05,3.310766971385827685e-05,3.184001419154966890e-05,2.850587212103512062e-05,2.374622111992677413e-05,1.856290877915012425e-05,1.397329774605088951e-05,1.068579858032467596e-05,8.915581207186208272e-06,8.395177256578605006e-06,8.553882800314853828e-06,8.776967342052228373e-06,8.634603656357635112e-06,7.995873879230809463e-06,7.000369816772641979e-06,5.922146329175573246e-06,5.001569249014555673e-06,4.324535886492291952e-06,3.797133132655204490e-06,3.213806394887939714e-06,2.372594716586548981e-06,1.172392570703809559e-06,-3.577758262869254934e-07,-2.107337072315698433e-06,-3.975987742501950379e-06,-5.948602884825065971e-06,-8.100859861897011913e-06,-1.052196677373305098e-05,-1.319164053029537680e-05,-1.588403252934052464e-05,-1.816978535716016568e-05,-1.954449424049217537e-05,-1.964517047668533904e-05,-1.845880510902103521e-05,-1.641149530703753408e-05,-1.426779936544536667e-05,-1.285496498755771010e-05,-1.271747170745738484e-05,-1.385776503851717897e-05,-1.569781742539642992e-05,-1.730487702926709713e-05,-1.780114257218093002e-05,-1.677955371836548738e-05,-1.452789977328087293e-05,-1.193860964838887514e-05,-1.012336652941896235e-05,-9.895701708629651072e-06,-1.136014044917204548e-05,-1.381116003939341334e-05,-1.600898929002049509e-05,-1.672254367432711588e-05,-1.529658739480993038e-05,-1.197767717806314855e-05,-7.837519245860294267e-06,-4.317489187413041653e-06,-2.597183531826500833e-06,-3.076112456931414313e-06,-5.207328714889282815e-06,-7.757204994136242856e-06,-9.365325323399962599e-06,-9.139420662731998987e-06,-7.009743968222870702e-06,-3.689303334727363714e-06,-2.795870825585927454e-07,2.270240457689121861e-06,3.581689385978301751e-06,3.947721161047213952e-06,4.088853612312166167e-06,4.712278625925858299e-06,6.114374577714509412e-06,8.032815749887282092e-06,9.814951206800240596e-06,1.079974401954166638e-05,1.070055955887293154e-05,9.781590917012314648e-06,8.735885653644731856e-06,8.334184264802667330e-06,9.034350811091732643e-06,1.075764764566327515e-05,1.294385858134768528e-05,1.484522101956758649e-05,1.589253692272318380e-05,1.593399016028658864e-05,1.522455326607480188e-05,1.418742400968507268e-05,1.309851917295644220e-05,1.188830255670094572e-05,1.018738626627723983e-05,7.600248463340495203e-06,4.053810232162042381e-06,1.234997087797719505e-08,-3.588686595996469272e-06,-5.689461082487710110e-06,-5.576015998308380416e-06,-3.237381492241407680e-06,5.831618653800980190e-07,4.686419461228071995e-06,7.930630094450655449e-06,9.710876096251965368e-06,1.016723433934633482e-05,1.001905381107382547e-05,1.011299611124842668e-05,1.092044823658870541e-05,1.224820547114923698e-05,1.331853404428500274e-05,1.318465391276152396e-05,1.127211523222059049e-05,7.765669145962787010e-06,3.632339260245068703e-06,2.497059689007056292e-07,-1.195164072074672430e-06,-2.542456399914291417e-07,2.546284656087804186e-06,5.897756626321589282e-06,8.240917255883106141e-06,8.396117602263279090e-06,6.012619524917325594e-06,1.651957948934619487e-06,-3.505036997699614231e-06,-8.169730822233585532e-06,-1.143493546565375591e-05,-1.303613009570878956e-05,-1.330510142367309184e-05,-1.288544660955697530e-05,-1.237770773212419428e-05,-1.208800142742228946e-05,-1.197603964511312878e-05,-1.178552602499473138e-05,-1.125318064192594304e-05,-1.027262321703941113e-05,-8.936999694137660744e-06,-7.464557943751043020e-06,-6.075850546916767154e-06,-4.905707390326789772e-06,-3.995475605802534527e-06,-3.349722745168969215e-06,-2.996976506376279952e-06,-2.993920412896354587e-06,-3.355961418673681035e-06,-3.955966069912832539e-06,-4.468766089092968232e-06,-4.426255643965766223e-06,-3.389681193391368810e-06,-1.173079919188140143e-06,1.993256044786941722e-06,5.458630379573019385e-06,8.338462226528325642e-06,9.830380590462859500e-06,9.528841758612426212e-06,7.597340058889753398e-06,4.715555736509283382e-06,1.818792923480580354e-06,-2.591533035563348448e-07,-1.086359282992932663e-06,-7.523573474768129048e-07,2.314015320376440693e-07,1.188830392559099427e-06,1.566902738640875254e-06,1.123911302844189532e-06,-5.303567407012280165e-08,-1.684906761270043865e-06,-3.503050064914891389e-06,-5.404643216950328569e-06,-7.482964311754528479e-06,-9.924586953646454934e-06,-1.283521422759167665e-05,-1.609030212144558114e-05,-1.929125785027317199e-05,-2.185375658960612985e-05,-2.319075389248495176e-05,-2.291064437198572082e-05,-2.094896099181858549e-05,-1.758714879412188667e-05,-1.336374750050461521e-05,-8.925531086762407402e-06,-4.880444126263677205e-06,-1.698333559216173165e-06,3.274625230397133405e-07,1.074968185019686294e-06,5.747279123400838423e-07,-1.001378332049001725e-06,-3.342944404340566891e-06,-6.012695495893195724e-06,-8.487763486528756264e-06,-1.023833011734623717e-05,-1.082975171997219979e-05,-1.001695612523733181e-05,-7.797204112787952564e-06,-4.401250125322636468e-06,-2.264874915963046993e-07,4.262987761855355532e-06,8.635294899881340705e-06,1.256060087525911539e-05,1.584011668782625548e-05,1.839971002968823381e-05,2.026336385315104111e-05,2.152123241834085575e-05,2.229977108317370249e-05,2.273412367163561834e-05,2.294105052913862885e-05,2.299474643236568881e-05,2.291355185840906350e-05,2.266670450371412087e-05,2.220359065204010942e-05,2.149575104860739671e-05,2.057136042424116944e-05,1.952092356248110653e-05,1.846487103155234729e-05,1.749433118611240444e-05,1.661496858034267746e-05,1.572878130164116403e-05,1.467432879615724246e-05,1.331644330729919890e-05,1.164589275083788491e-05,9.834650202129919218e-06,8.204512811140094125e-06,7.104150297774460126e-06,6.736825766901611622e-06,7.015032588531155530e-06,7.519541435447863824e-06,7.603189470073069748e-06,6.617067961194050868e-06,4.175799435383051664e-06,3.490445731240862762e-07,-4.313868103995319957e-06,-8.954088554236794989e-06,-1.271129568163545731e-05,-1.504609098250378252e-05,-1.593715697590700114e-05,-1.585998362540595407e-05,-1.554639157491631777e-05,-1.562353661996672332e-05,-1.629233462546842318e-05,-1.719738905287809404e-05,-1.756228345234208874e-05,-1.654657354333021024e-05,-1.367522410049437218e-05,-9.146783813040371998e-06,-3.867690835369862168e-06,8.264186675195814380e-07,3.662760675730181017e-06,3.934672751949983596e-06,1.796455770678531137e-06,-1.789510564223942352e-06,-5.445431579093037975e-06,-7.951560384324963022e-06,-8.754834678600660101e-06,-8.187134564241688520e-06,-7.290138125366770353e-06,-7.317477400816025613e-06,-9.132767225695702940e-06,-1.277545804734695812e-05,-1.739718175817363261e-05,-2.160651337680962624e-05,-2.407235794287496155e-05,-2.411166402618649426e-05,-2.198620890137908756e-05,-1.876102050051640704e-05,-1.577883833847798701e-05,-1.398915541645824301e-05,-1.344955608843483781e-05,-1.324959203398431450e-05,-1.191872907545715515e-05,-8.153308121957732169e-06,-1.537526937130830470e-06,7.082302916667112065e-06,1.576931704689855219e-05,2.217304491786953641e-05,2.444080391318687406e-05,2.197701591986256549e-05,1.571895687288690281e-05,7.801672380080429547e-06,7.481486826102861491e-07,-3.474711585330590126e-06,-4.140015687436301597e-06,-1.910592643406556826e-06,1.581552806687243714e-06,4.515076037233566350e-06,5.662560124422564816e-06,4.840442304125459553e-06,2.856967364483314153e-06,1.023952083777048113e-06,4.887777295497990084e-07,1.704870566715147304e-06,4.270891582174719403e-06,7.180934470123553344e-06,9.334339354323588573e-06,1.004554035186792686e-05,9.316640270792603932e-06,7.767833424079918930e-06,6.291544347181747715e-06,5.620063493724604723e-06,6.017656921370913089e-06,7.225526642744847294e-06,8.651924308335888158e-06,9.682834628741565172e-06,9.947439533867467599e-06,9.419733290956434929e-06,8.338978951629541671e-06,7.027799999126056682e-06,5.726669916077612232e-06,4.531869495859824584e-06,3.446480678855825102e-06,2.480651977523044532e-06,1.712322126487229768e-06,1.255622490201432848e-06,1.156164023293502084e-06,1.292977899542182537e-06,1.375161363264431306e-06,1.068077008210442178e-06,1.985256951160279420e-07,-1.077508451414483196e-06,-2.262799678121844481e-06,-2.709005480627914204e-06,-1.943641304818897290e-06,2.263001135670438253e-08,2.580420985953196345e-06,4.691908238186083343e-06,5.302597465635368173e-06,3.819803457946353899e-06,4.308981954613782550e-07,-3.906102735393125817e-06,-7.818862654572557064e-06,-1.007678927481991738e-05,-1.009819497171039956e-05,-8.176546878624705846e-06,-5.323380972465439250e-06,-2.805597235101598748e-06,-1.596877162184641819e-06,-1.996848267497357792e-06,-3.581826455163862432e-06,-5.484392131265083088e-06,-6.840766185531814138e-06,-7.174257623211471285e-06,-6.532777398170834595e-06,-5.338594422797947708e-06,-4.062975994193828935e-06,-2.925285232742558183e-06,-1.791158611467561125e-06,-3.236487852880251391e-07,1.707983784430925511e-06,4.152581756634310101e-06,6.413876495049336792e-06,7.665529110316856873e-06,7.254442889151972527e-06,5.088212545762341431e-06,1.793188416430204808e-06,-1.466160252117823191e-06,-3.448856946698422307e-06,-3.376874123454390887e-06,-1.300288119858457792e-06,1.889997588957185607e-06,4.818084777637484433e-06,6.192374860476501841e-06,5.335497718132874455e-06,2.443368502043195358e-06,-1.530783572040069463e-06,-5.301503666480956679e-06,-7.787404607502961871e-06,-8.525208189925647008e-06,-7.798331628788590539e-06,-6.452214004686635622e-06,-5.502016140111718250e-06,-5.710735194329480350e-06,-7.303382502914508100e-06,-9.904213620273934519e-06,-1.268512103624566705e-05,-1.464110898346144869e-05,-1.488770950685705606e-05,-1.289919513839884583e-05,-8.648567155065439279e-06,-2.642524184634521445e-06,4.144946881396845977e-06,1.043918636354533984e-05,1.492600389357638511e-05,1.657633403359340345e-05,1.496230683132751862e-05,1.045972765116678124e-05,4.236296669367546319e-06,-2.018842396245078078e-06,-6.573495639155410849e-06,-8.192936697596192157e-06,-6.548924496834420645e-06,-2.333913164004901470e-06,2.978468044686796826e-06,7.647681240004079508e-06,1.026460668367496725e-05,1.020848745990054013e-05,7.796139139806557036e-06,4.084274031595708466e-06,4.246828196705703851e-07,-2.037759101819088032e-06,-2.728872598999468971e-06,-1.750965117236387874e-06,2.721576955321501693e-07,2.510042664910786441e-06,4.252106765075971438e-06,5.119530218174830983e-06,5.107158502288501558e-06,4.480489147594850318e-06,3.605306849382178500e-06,2.794268436874190873e-06,2.223041203786167492e-06,1.922834301478361279e-06,1.822167923675469918e-06,1.801972722331434049e-06,1.740918762264212244e-06,1.547069852473555463e-06,1.182370211740087352e-06,6.826815226000077902e-07,1.647216123714037572e-07,-1.949957647085025339e-07,-2.162968703998010328e-07,2.064433513088795842e-07,1.037138638832058851e-06,2.080175399258369423e-06,3.032916581231047839e-06,3.595614470237854590e-06,3.592818616491684325e-06,3.047700322653208685e-06,2.168312293391012932e-06,1.246275633798142048e-06,5.133421393471112362e-07,2.583383861389927440e-08,-3.631945599192205683e-07,-9.255376305778707519e-07,-1.906962932916424976e-06,-3.374647535943896682e-06,-5.136552239205392939e-06,-6.773738824602733671e-06,-7.775067614116028207e-06,-7.718613001268745060e-06,-6.426450283023626685e-06,-4.035274931739947596e-06,-9.638561411796934146e-07,2.200929578688985817e-06,4.853428783112777245e-06,6.507233360498677971e-06,6.892041761604889535e-06,5.999812697878730117e-06,4.082528899854918181e-06,1.604751963481222493e-06,-8.487005065742914670e-07,-2.705559002048082799e-06,-3.559096997605320190e-06,-3.299534082167502979e-06,-2.170069189339421056e-06,-7.059469528360841460e-07,4.452980819378087510e-07,7.703852118572965485e-07,1.094657045801594352e-07,-1.251032275459255170e-06,-2.668163379904427436e-06,-3.394468172064543508e-06,-2.894872408236047205e-06,-1.092077440563969995e-06,1.573752172365568843e-06,4.307004482302492796e-06,6.275949257834433945e-06,6.949709721829317821e-06,6.300884056158358600e-06,4.781293128140520144e-06,3.083539476765360172e-06,1.802518747226788655e-06,1.159447425072811428e-06,9.216234415118830850e-07,5.566606050581976558e-07,-4.549835383238314272e-07,-2.305208493311704915e-06,-4.702467149177407267e-06,-6.962755595141243196e-06,-8.316741396091711810e-06,-8.294776292869036058e-06,-7.006368205314711834e-06,-5.170857599572175779e-06,-3.864906625669575988e-06,-4.081314293382302674e-06,-6.284231028545558054e-06,-1.015645175209865433e-05,-1.465892601447492130e-05,-1.839273881135168254e-05,-2.012517452927626262e-05,-1.926915080903739212e-05,-1.612027866702768047e-05,-1.175214267234173491e-05,-7.608245235222474194e-06,-4.951644597908896046e-06,-4.390528490815771022e-06,-5.666745381946600476e-06,-7.787722618701647031e-06,-9.443800355426291166e-06,-9.539068945918449018e-06,-7.620492292468277635e-06,-4.034786266665788061e-06,2.434503609276098235e-07,4.032754619981653141e-06,6.433837522566780744e-06,7.181025124563462856e-06,6.713208762310876941e-06,5.944281623556955429e-06,5.842766331639293179e-06,7.010197218018179120e-06,9.442712674591125077e-06,1.257293660153281722e-05,1.555959662425151341e-05,1.768010078858622074e-05,1.863842401176191640e-05,1.864684567139414910e-05,1.825288621010467710e-05,1.800770020332872118e-05,1.814850025880472434e-05,1.845798728439979210e-05,1.837302395534168279e-05,1.728801753537439543e-05,1.489913717716840187e-05,1.141372797194639459e-05,7.516390921582552985e-06,4.105377459494218505e-06,1.928054225034708535e-06,1.293346107113076394e-06,1.997084016522937756e-06,3.485008992074248889e-06,5.155915949865524726e-06,6.638242334037648780e-06,7.893835747443895127e-06,9.101835258142168165e-06,1.040047305393872360e-05,1.164745913226861051e-05,1.235418751605881993e-05,1.185579170946301060e-05,9.646229779460851773e-06,5.706314410535436920e-06,6.396405282336444417e-07,-4.481891205833111528e-06,-8.516228261286253737e-06,-1.071687742860792371e-05,-1.104466563967117099e-05,-1.016945378327533860e-05,-9.152124414494382481e-06,-8.952444128442195269e-06,-9.994509954388447706e-06,-1.199445127018942510e-05,-1.412768022222189627e-05,-1.544852006287472808e-05,-1.535505747162494361e-05,-1.387512836139300064e-05,-1.164182275748851645e-05,-9.580670887653665042e-06,-8.468520588584599310e-06,-8.579161030688280595e-06,-9.579541927380911225e-06,-1.071295651499997764e-05,-1.116784823620375472e-05,-1.045031645867165892e-05,-8.589958281289302081e-06,-6.099711645787038466e-06,-3.730226592875027165e-06,-2.147718547162328187e-06,-1.682401136856235188e-06,-2.242515654567141448e-06,-3.401481842168057214e-06,-4.590516712061267572e-06,-5.300476488598675852e-06,-5.219217048076250698e-06,-4.281054806119945940e-06,-2.648832954320300273e-06,-6.632565616939927717e-07,1.221341617777131281e-06,2.520080608415425807e-06,2.832676232460052573e-06,1.983673465942815377e-06,1.437708486764949884e-07,-2.137478012008939309e-06,-4.044978138850279965e-06,-4.758236170977771794e-06,-3.780659260220984638e-06,-1.201700372475657221e-06,2.244431312308691558e-06,5.388706652610552950e-06,7.053977254344504820e-06,6.536885943740172520e-06,3.937506133005117039e-06,1.768698807764296373e-07,-3.330579659704579730e-06,-5.230865083340872996e-06,-4.785123826286837508e-06,-2.189163106091839058e-06,1.483790410856229640e-06,4.700576637398817203e-06,6.076886686674554577e-06,4.929012423559901071e-06,1.547121716660810825e-06,-2.912779774910070821e-06,-6.864717466952322679e-06,-8.876241928546361958e-06,-8.172467761993232893e-06,-4.879324234176618704e-06,6.358808747338520551e-08,5.262989455202912481e-06,9.355176310922156782e-06,1.143595317570807586e-05,1.129933585318582453e-05,9.427776563060896983e-06,6.764962637365798291e-06,4.367963719748361804e-06,3.061876291421251439e-06,3.205638189459588429e-06,4.632389998033594422e-06,6.767703369834564897e-06,8.871778585418175136e-06,1.031345212454548074e-05,1.077637040469174096e-05,1.032497652233125722e-05,9.312878320874915091e-06,8.179981100685409826e-06,7.232008355856848670e-06,6.504510126251616890e-06,5.775578868882457793e-06,4.720793229954008631e-06,3.131829564295334461e-06,1.082679355552687510e-06,-1.053081960971203444e-06,-2.758655011803389484e-06,-3.637011943541110364e-06,-3.648497125172625249e-06,-3.189718355882132212e-06,-2.949942942541704293e-06,-3.591804036654608970e-06,-5.400509857180827003e-06,-8.077675202770143756e-06,-1.079987027341133168e-05,-1.253952482012376909e-05,-1.251455946597916186e-05,-1.055933390225578469e-05,-7.234385546895067776e-06,-3.609299629123459430e-06,-8.081695278768971532e-07,4.751530562496803099e-07,2.644166757105945645e-07,-7.464584736876485524e-07,-1.553846915034771854e-06,-1.345182615924246977e-06,1.010332164679635662e-07,2.308211999162299764e-06,4.337295487351692528e-06,5.248334757647848052e-06,4.563075288723806298e-06,2.506060542692859653e-06,-8.760850340064951980e-08,-2.147033913330841364e-06,-2.838142537523250388e-06,-1.909425438754668703e-06,2.435237392049881244e-07,2.806680987358681942e-06,4.940419503532844155e-06,6.137431307705403165e-06,6.379123712165980428e-06,6.037171814003826912e-06,5.599411624303677345e-06,5.382250289052279403e-06,5.385049375195434395e-06,5.353540346579436708e-06,4.999657790573869216e-06,4.239270439636666630e-06,3.302276457867630843e-06,2.643377419769677562e-06,2.695309730043609266e-06,3.597560517502501771e-06,5.053226079164565383e-06,6.403675625089972876e-06,6.897908489075643684e-06,6.030090284500429598e-06,3.779086825953372339e-06,6.291536845562912856e-07,-2.641429960905658714e-06,-5.301857966010812584e-06,-6.974415272927116532e-06,-7.757532667671593652e-06,-8.112188291326081431e-06,-8.576293225700789150e-06,-9.456613558241562431e-06,-1.065650699061263998e-05,-1.172661030376845570e-05,-1.211104092722250421e-05,-1.146151731631232138e-05,-9.856190865514528440e-06,-7.806464367498963124e-06,-6.040292701708574503e-06,-5.162192946817667086e-06,-5.353404277988858043e-06,-6.259505016468235940e-06,-7.125368238858872541e-06,-7.121026350051886023e-06,-5.712488257914875216e-06,-2.910734193791733748e-06,7.115124710603866862e-07,4.240126931223794399e-06,6.777416371691370202e-06,7.782047159892472728e-06,7.251604088038556685e-06,5.684572228435902864e-06,3.856548673241849192e-06,2.519351439229639204e-06,2.150297014745281367e-06,2.839681815950761337e-06,4.332321034167000880e-06,6.171831239236637565e-06,7.865349725926424246e-06,9.000919315069931415e-06,9.294617571359441204e-06,8.590146839476434332e-06,6.853441277729340278e-06,4.189971358594479255e-06,8.758499521074898399e-07,-2.637830822143404128e-06,-5.790763994540472390e-06,-8.059955237046228575e-06,-9.145638958923080645e-06,-9.114459800924678353e-06,-8.416458640601380379e-06,-7.739051107018688866e-06,-7.737628775894212814e-06,-8.751018910991972073e-06,-1.063264865604581004e-05,-1.278710407731620439e-05,-1.441110524396261105e-05,-1.483935563652146585e-05,-1.383861745106546785e-05,-1.170960883989524020e-05,-9.142594795348443309e-06,-6.889773015724740584e-06,-5.408856858148969371e-06,-4.651025315118254750e-06,-4.100464491359583278e-06,-3.051888317024640006e-06,-9.949582650616804261e-07,2.081360995698786677e-06,5.616870658412112479e-06,8.683436517142653012e-06,1.037470421503078764e-05,1.020393712473527651e-05,8.327845469844491634e-06,5.497184896799325425e-06,2.762961200723973802e-06,1.077251212671273072e-06,9.673469568709022421e-07,2.415102204214076905e-06,4.967491300814889395e-06,7.995100724100030770e-06,1.095692674564458191e-05,1.354774186721752171e-05,1.568291489887771656e-05,1.736871111233402311e-05,1.856279647287936195e-05,1.912174816624252654e-05,1.886870671848054327e-05,1.773442169544600818e-05,1.587596533676998911e-05,1.368735353756481166e-05,1.167871997331605850e-05,1.027873579486498367e-05,9.662887260524508429e-06,9.699595047298586512e-06,1.004229851100710298e-05,1.031474717181452617e-05,1.028538676706130548e-05,9.935059953971251879e-06,9.386322105898863168e-06,8.746027615260093858e-06,7.966793982000251658e-06,6.824505092537651509e-06,5.040554221659380765e-06,2.486799030484348403e-06,-6.490191275879811359e-07,-3.851348812504821802e-06,-6.455005620930595801e-06,-7.942981297694704486e-06,-8.215707507471034369e-06,-7.681915903431480141e-06,-7.102824263630275969e-06,-7.247684193869737476e-06,-8.524000957820359052e-06,-1.077148813617528528e-05,-1.333597464456202480e-05,-1.540069749649637996e-05,-1.641713300528872398e-05,-1.641678366033044164e-05,-1.603443718541272173e-05,-1.621207340730361553e-05,-1.771360569267545627e-05,-2.068309660454955347e-05,-2.446941896711423908e-05,-2.782009771072077866e-05,-2.937302844982216744e-05,-2.823105539422273534e-05,-2.436082543813064544e-05,-1.863501366195909349e-05,-1.249838549650324553e-05,-7.406195663444472455e-06,-4.279762569512011238e-06,-3.206710298249171280e-06,-3.495397782072918764e-06,-4.033765105402803315e-06,-3.777107500228069877e-06,-2.151223671830507167e-06,7.837000618675079763e-07,4.443350019080950677e-06,8.018402571250542470e-06,1.081049451304785057e-05,1.246243586175627576e-05,1.301009998265772987e-05,1.277285078134643076e-05,1.216435513049191568e-05,1.152116153027904813e-05,1.101527315325373945e-05,1.066347968949458843e-05,1.040042138827006085e-05,1.016379106973732492e-05,9.950184119933034457e-06,9.825617252837946723e-06,9.898329753861895403e-06,1.027239819699423194e-05,1.099916178454373495e-05,1.203731389867164138e-05,1.322952278978881183e-05,1.430501910324530984e-05,1.491827343691149528e-05,1.472659820650024603e-05,1.349254656648364706e-05,1.117750711939411365e-05,7.983851992455933522e-06,4.314887430742370494e-06,6.544821159825666534e-07,-2.591870732276915230e-06,-5.226761667354347390e-06,-7.298582422938187949e-06,-9.023054854723326306e-06,-1.062050478295838981e-05,-1.214676375196244607e-05,-1.340592579714725851e-05,-1.399902102441321926e-05,-1.349790703079853889e-05,-1.166936126699673705e-05,-8.643327291682200236e-06,-4.939038743256925521e-06,-1.325689262811681899e-06,1.429291454788767817e-06,2.818608823526885758e-06,2.751172114216260511e-06,1.544467881447807104e-06,-2.336164263235416537e-07,-1.995382651609775894e-06,-3.333360960414923298e-06,-4.111629965284192164e-06,-4.429048919815889631e-06,-4.496243310037574404e-06,-4.501274037667496848e-06,-4.530135333776685375e-06,-4.566748003843834977e-06,-4.548743627054242436e-06,-4.427554431287538196e-06,-4.188114583471401616e-06,-3.818171359019359047e-06,-3.257036574657582819e-06,-2.373208433264291631e-06,-1.006441194108919697e-06,9.307090080376409816e-07,3.340810588542188891e-06,5.888401763071658950e-06,8.056944156742738180e-06,9.315713864687360371e-06,9.336709891856048230e-06,8.165006017864026843e-06,6.254241558576662107e-06,4.332305956228787849e-06,3.137973188650380277e-06,3.132010448518700143e-06,4.305305294202988936e-06,6.170678923685839978e-06,7.948704475806136555e-06,8.874687086558087859e-06,8.501329283090149563e-06,6.873203286733222172e-06,4.504139314701120395e-06,2.172198889078306742e-06,6.218480824154301186e-07,2.968004008068211492e-07,1.206572184734451381e-06,2.966601779598184299e-06,4.976048154591210640e-06,6.643622390087360777e-06,7.562833774431827294e-06,7.574798476659501405e-06,6.718614274563009499e-06,5.124462751033665222e-06,2.925762711526496994e-06,2.444296227621582120e-07,-2.749311874887191800e-06,-5.754865378564086816e-06,-8.313507398604172560e-06,-9.890114925954883332e-06,-1.006022470549438516e-05,-8.730184203666381412e-06,-6.278400712963516005e-06,-3.520510937634033570e-06,-1.471192869041112079e-06,-9.720577928166121507e-07,-2.332891046512637108e-06,-5.150672283880456041e-06,-8.410944047357708390e-06,-1.085913759504964464e-05,-1.150538972182502139e-05,-1.005350616081454232e-05,-7.061951120654393974e-06,-3.751088555333998703e-06,-1.522984468866123221e-06,-1.390099405818323082e-06,-3.555964503960326578e-06,-7.329482819551768610e-06,-1.140970365149177463e-05,-1.441459067369816814e-05,-1.542057476871669253e-05,-1.427940055052629515e-05,-1.158515660473625054e-05,-8.327176559146406114e-06,-5.406676297393902652e-06,-3.249737228198503797e-06,-1.692269928726185541e-06,-1.737462984079766701e-07,1.875212689115903576e-06,4.656874228315227064e-06,7.834411415853840039e-06,1.064876398642906541e-05,1.226295292664817573e-05,1.216076665625273076e-05,1.040374154762737026e-05,7.624542709367637962e-06,4.766125343609193842e-06,2.697387568817504963e-06,1.887993447057230434e-06,2.285419539266438880e-06,3.430660794643585703e-06,4.732293506038138021e-06,5.750462432395930653e-06,6.353434770352639027e-06,6.688039185991216921e-06,7.006219409152451041e-06,7.459490825757299517e-06,7.977888989692363106e-06,8.292997863946935006e-06,8.081162575769101786e-06,7.139724205183395383e-06,5.498333943277810221e-06,3.410534872027606999e-06,1.239790053608620483e-06,-6.910802558041377067e-07,-2.206547249732529917e-06,-3.294806759001035759e-06,-4.043977888001116383e-06,-4.551829495527219708e-06,-4.869344482317929911e-06,-5.006897318589280067e-06,-4.984611087399723931e-06,-4.876751910490586114e-06,-4.804323009997908817e-06,-4.867524282880446043e-06,-5.056025772319371503e-06,-5.199129407117865020e-06,-5.001865134092433601e-06,-4.163824916353790432e-06,-2.523950751892628377e-06,-1.505944047961457900e-07,2.679774424132063581e-06,5.609903360692447502e-06,8.364602453499918669e-06,1.085009098540706234e-05,1.312078892615241815e-05,1.522136024435422480e-05,1.699451599807881249e-05,1.798431258964178559e-05,1.753093369710559355e-05,1.505568420905740460e-05,1.042123051400730037e-05,4.184027844652803084e-06,-2.422600667723820450e-06,-7.824969992791541311e-06,-1.066211472726432225e-05,-1.033178755412163676e-05,-7.282048740649027241e-06,-2.894732198456325991e-06,1.018944206362330997e-06,2.914703234745503236e-06,2.113556666904185765e-06,-9.528622290066503829e-07,-4.954188003782949541e-06,-8.235743019197228307e-06,-9.504775300835617284e-06,-8.335412053375839797e-06,-5.287740973282849370e-06,-1.612347626763094920e-06,1.307497242954289264e-06,2.519666964784997744e-06,1.832173449442209159e-06,-2.124414438752063039e-07,-2.671819556893866441e-06,-4.670211848208531440e-06,-5.777473534936272189e-06,-6.141183017512499273e-06,-6.337781284265234805e-06,-7.037199099392695860e-06,-8.649294078333182360e-06,-1.111218644092502693e-05,-1.390474816767778895e-05,-1.626025437154741935e-05,-1.747477034151065229e-05,-1.717542108749095709e-05,-1.544485586427458957e-05,-1.276725986782946457e-05,-9.834040761472206621e-06,-7.294334247254161570e-06,-5.543549486256522757e-06,-4.617314024319792925e-06,-4.214870300540350612e-06,-3.833230504402132812e-06,-2.963259308865076712e-06,-1.285461220378176232e-06,1.194462923165027884e-06,4.114620141115506987e-06,6.847865511647259429e-06,8.696825233763511953e-06,9.138641055232282276e-06,8.039033013967562168e-06,5.752875387141771487e-06,3.057540014957437384e-06,9.216224837645587495e-07,1.772265954897807240e-07,1.211976207156245374e-06,3.803225459146250391e-06,7.172376630895612263e-06,1.025452656660547254e-05,1.208963845927777017e-05,1.218440796585762992e-05,1.069674341631213117e-05,8.360763615333532248e-06,6.175007262050639485e-06,4.976948854918153353e-06,5.079263992183228100e-06,6.122936968468692679e-06,7.215386618399253996e-06,7.303584882577595841e-06,5.632406179913574298e-06,2.099944840922364699e-06,-2.638669375363292655e-06,-7.365640592781205902e-06,-1.071871052185815271e-05,-1.166930539348287125e-05,-9.875553790388544417e-06,-5.779639641238927472e-06,-4.244427263097805387e-07,4.924658570036206319e-06,9.196733762358171951e-06,1.181233445858996504e-05,1.276392281506609330e-05,1.247910435769149325e-05,1.155321597643593325e-05,1.047976844439747731e-05,9.490169337651608306e-06,8.551262135073108418e-06,7.492891426323214962e-06,6.183372837280710525e-06,4.660429660021518773e-06,3.158421910451837631e-06,2.028880328154116340e-06,1.601324915114203001e-06,2.052375172696805058e-06,3.337418137189310224e-06,5.202704351030855267e-06,7.258487441976516878e-06,9.074585765527869491e-06,1.026458170809198955e-05,1.054511527799935350e-05,9.775725831705710218e-06,7.988960066654142222e-06,5.408430713536296888e-06,2.435565294471204977e-06,-4.192449857913177321e-07,-2.667915951473687353e-06,-4.009563945218628186e-06,-4.465605097419465358e-06,-4.412071835766783431e-06,-4.465937356652667973e-06,-5.244877948375108130e-06,-7.087902993048874322e-06,-9.861341443125718766e-06,-1.295489926007541104e-05,-1.549651746244765587e-05,-1.671323570996947428e-05,-1.628644224503581538e-05,-1.453615518213487062e-05,-1.233407153474420195e-05,-1.076421420710181990e-05,-1.066907189922506076e-05,-1.228013388115434459e-05,-1.510168383502718012e-05,-1.810573530505074806e-05,-2.015437459815883146e-05,-2.046068234996953748e-05,-1.888205904588833301e-05,-1.591963836355957489e-05,-1.243667104961475299e-05,-9.240154923164611665e-06,-6.730091206323369884e-06,-4.781148555205792485e-06,-2.902872896869384158e-06,-5.861254196542284230e-07,2.346712761655549223e-06,5.568842294176118742e-06,8.344178912413406535e-06,9.848006449974805731e-06,9.560264790957147379e-06,7.543683758878776390e-06,4.473837154326307734e-06,1.403570547213192462e-06,-6.362863247067006527e-07,-1.029430088196670173e-06,2.008981008269561973e-07,2.417582731217303848e-06,4.623924285424780037e-06,5.838942640043774451e-06,5.452434275055242235e-06,3.441440434651692032e-06,3.895728235362088441e-07,-2.682398218629601316e-06,-4.615769181977423332e-06,-4.458708071518448887e-06,-1.768305975703270751e-06,3.208915973210310360e-06,9.536309973830425318e-06,1.578946525106745985e-05,2.043258386429086578e-05,2.227766868418113680e-05,2.088490567256804737e-05,1.675275612091987524e-05,1.119701979100196513e-05,5.924474129479089723e-06,2.432841666021335887e-06,1.459478279957220758e-06,2.706783399531435344e-06,4.976531834323861972e-06,6.679187384804402959e-06,6.517553288615073856e-06,4.055070038616938445e-06,-8.387305151948316158e-08,-4.479396405061732004e-06,-7.538137911573054919e-06,-8.198132890984498769e-06,-6.400051049346448889e-06,-3.111066851085781022e-06,1.089059244018414413e-07,1.799029268570895893e-06,1.230502547919683534e-06,-1.305337744605643522e-06,-4.675716572041014555e-06,-7.455347895996594613e-06,-8.580270882490584409e-06,-7.801273888678752379e-06,-5.736223777055229499e-06,-3.516126216827637492e-06,-2.210309634753820194e-06,-2.311422139403926677e-06,-3.519610030753627559e-06,-4.913103969827070835e-06,-5.407108600352674171e-06,-4.273900520960482048e-06,-1.481955642487540078e-06,2.289577001686669671e-06,5.947061857907781525e-06,8.436853222067981588e-06,9.149471395199975925e-06,8.108987284754142895e-06,5.896206937475055511e-06,3.375490089777032514e-06,1.366883541151578559e-06,4.013306536690406672e-07,6.312169790136229997e-07,1.883959647467230712e-06,3.788213945697081939e-06,5.894906620467067484e-06,7.751795330010199808e-06,8.940259834449328498e-06,9.112720543544065879e-06,8.061124376646617442e-06,5.809452091034149813e-06,2.683357993056885449e-06,-7.031253624294545791e-07,-3.577266565148468131e-06,-5.231669321454597732e-06,-5.265548386490261610e-06,-3.742847199276419658e-06,-1.191357590434642292e-06,1.569114247576117771e-06,3.707519229487277571e-06,4.660438708076534197e-06,4.298130488736446057e-06,2.915811220730336940e-06,1.063637055269591871e-06,-7.037450224048122722e-07,-2.047466091667765846e-06,-2.943430552123271594e-06,-3.626907264217122964e-06,-4.418930587168935053e-06,-5.520995630946551466e-06,-6.875195342774794681e-06,-8.155332851879226475e-06,-8.895657064573620360e-06,-8.703075381319099442e-06,-7.460986456350892090e-06,-5.433223043502662144e-06,-3.214763102258891701e-06,-1.537022495854733568e-06,-9.959758772966499184e-07,-1.807183590446851609e-06,-3.687813013328467688e-06,-5.921465118495781794e-06,-7.592404883298328779e-06,-7.907977650860406282e-06,-6.489198102336434449e-06,-3.517356178020651137e-06,3.217161119840699867e-07,4.074687557237596764e-06,6.845741250021074897e-06,8.082258776438321828e-06,7.713814649078019187e-06,6.102660980915454941e-06,3.845540914179573357e-06,1.526908239036749236e-06,-4.652748266589997523e-07,-1.992027500189777694e-06,-3.087813865846795041e-06,-3.826339089429931822e-06,-4.221319195042169530e-06,-4.226286040051989039e-06,-3.830626924260151826e-06,-3.182534781682542414e-06,-2.642256833089517933e-06,-2.699701801470230588e-06,-3.766082813570109976e-06,-5.930260588727767711e-06,-8.810765322035705595e-06,-1.160654444483699776e-05,-1.336075415442171947e-05,-1.334354172437270590e-05,-1.138708697676666813e-05,-8.010349316528886471e-06,-4.256413560399152079e-06,-1.295123396366534718e-06,4.374209554592255748e-08,-3.977732134276038339e-07,-2.057584068500162174e-06,-3.910225253907165802e-06,-4.911117167921594286e-06,-4.427175789627674171e-06,-2.463221323121089221e-06,4.067513314690692935e-07,3.354617685476097445e-06,5.698242624457876748e-06,7.193360277072299588e-06,8.085099675825461224e-06,8.908987824643516809e-06,1.015310785251367248e-05,1.195617135990304549e-05,1.399251901451883819e-05,1.559941367316902716e-05,1.608324543473465442e-05,1.505700392256789964e-05,1.264986903803371310e-05,9.492848587411869925e-06,6.488802409311532133e-06,4.470632618120019034e-06,3.895263867829938240e-06,4.697435599922422458e-06,6.352093329571678177e-06,8.104549732887048963e-06,9.263339384503133792e-06,9.436208762109647342e-06,8.625295193980336513e-06,7.162608518914338632e-06,5.531513279692966013e-06,4.158520951710402674e-06,3.260733621975586564e-06,2.802166361316297229e-06,2.563014439583195136e-06,2.279864202712355057e-06,1.788698886586004820e-06,1.104920423776940411e-06,4.039177491054584278e-07,-8.908693328921802746e-08,-2.475436562359435479e-07,-1.545403624533490492e-07,-1.097188951873986356e-07,-5.084573494425679984e-07,-1.631247223112198021e-06,-3.435143899986538052e-06,-5.457407658212434253e-06,-6.907987046301382360e-06,-6.949109955630268635e-06,-5.067712554550354788e-06,-1.383363671342768607e-06,3.262905502095956103e-06,7.515683696689581418e-06,9.959195235158239362e-06,9.650171449289423147e-06,6.507481392368158849e-06,1.380457741409143674e-06,-4.251903455365367916e-06,-8.837362870391533005e-06,-1.133116204552409094e-05,-1.155377017442217884e-05,-1.017614374549010390e-05,-8.351435009187891851e-06,-7.172105604854208917e-06,-7.206026284729977408e-06,-8.318169800713461748e-06,-9.839620671306036298e-06,-1.097539756264970924e-05,-1.123207174744024591e-05,-1.064948809179753187e-05,-9.733322782383342867e-06,-9.145738553102424854e-06,-9.334913743468161636e-06,-1.030658502243533747e-05,-1.165283479415836155e-05,-1.280568559702740936e-05,-1.335815262949368242e-05,-1.326255062902288114e-05,-1.279280850353749468e-05,-1.230027204656761819e-05,-1.191907001329106372e-05,-1.141336418898677048e-05,-1.028044597917311987e-05,-8.071723265785117542e-06,-4.753528668251936095e-06,-8.843307401893056856e-07,2.532367679855863539e-06,4.487181283315160603e-06,4.491938511498033111e-06,2.916766309839128267e-06,9.321032848634465299e-07,4.128546771718887993e-08,1.402887038803225396e-06,5.265586479857948458e-06,1.080137943640503928e-05,1.643679977165313612e-05,2.053694870205049979e-05,2.211814502871284547e-05,2.124589890306335054e-05,1.892889699984757077e-05,1.657048690211444106e-05,1.525925767044561274e-05,1.525684305786962670e-05,1.593477010725476758e-05,1.617836199027121016e-05,1.503573432084526760e-05,1.226787883428747280e-05,8.513680675347962617e-06,4.989179703860743214e-06,2.884419262699454463e-06,2.775845817428867854e-06,4.357940649270304086e-06,6.624905352280395668e-06,8.395407704256402918e-06,8.897012146647807749e-06,8.103799617733228153e-06,6.659935684551297137e-06,5.446401200707680964e-06,5.036727402863051687e-06,5.340697888942404120e-06,5.627092333455912854e-06,4.908677043727025272e-06,2.478146242988363219e-06,-1.693467678517119150e-06,-6.905378289057040368e-06,-1.204274923982680105e-05,-1.608431643178287305e-05,-1.853074870075531065e-05,-1.953528786746303999e-05,-1.968729475009354396e-05,-1.958986914015895052e-05,-1.948005724106732754e-05,-1.910723240665662483e-05,-1.793299768578576287e-05,-1.553074783701965795e-05,-1.194822040034236871e-05,-7.815284763112645481e-06,-4.120667525500226352e-06,-1.766404075778542075e-06,-1.134957622947911973e-06,-1.901523619769775438e-06,-3.194444196992888722e-06,-4.021090638106492848e-06,-3.736462060221878318e-06,-2.312910944384355400e-06,-2.807161409016481118e-07,1.611620140605848739e-06,2.820081783163131339e-06,3.276387834978586696e-06,3.365608472195234572e-06,3.636568232899815386e-06,4.421779604978732892e-06,5.592403344113432406e-06,6.594847386463998398e-06,6.754206133266090923e-06,5.676551987186743236e-06,3.522842634902643874e-06,9.950072835886830857e-07,-9.680637472169162316e-07,-1.627679897738307505e-06,-7.857027417273950936e-07,1.148477478653176892e-06,3.391214267929284516e-06,5.182508780583092417e-06,6.127957060612157604e-06,6.303437312589605559e-06,6.081780956264514733e-06,5.802483402607025805e-06,5.496258449993738784e-06,4.843164549296628082e-06,3.403194380300754959e-06,9.900106367732725637e-07,-2.041338896173717040e-06,-4.792380687248145065e-06,-6.155659016188069878e-06,-5.346027732735357105e-06,-2.361638691335080126e-06,1.882518076271664755e-06,5.855375836417919169e-06,8.034163371277910971e-06,7.568885877585004133e-06,4.667711508996363198e-06,5.089115083628781657e-07,-3.288851583404918797e-06,-5.391156826689852461e-06,-5.325180123420497078e-06,-3.639982713431898455e-06,-1.583995387868487966e-06,-4.675108288843385229e-07,-1.025258994712429103e-06,-3.084246382701268270e-06,-5.683806330261414266e-06,-7.570440984442718699e-06,-7.811968121124318812e-06,-6.229284906779174492e-06,-3.446787035865794575e-06,-5.569989782447626869e-07,1.418359410698674048e-06,2.000508327441213511e-06,1.436325896200294956e-06,5.212794324305165896e-07,1.685751157274610178e-07,9.443800285117966684e-07,2.790281500412861233e-06,5.051143757012985043e-06,6.776803007629658528e-06,7.144198613935270996e-06,5.806438609643848996e-06,3.026356327976600208e-06,-4.400684644328315953e-07,-3.636686454718173021e-06,-5.742093410831059670e-06,-6.317398879384356155e-06,-5.394215755967332416e-06,-3.402696845149744347e-06,-9.937979165711578923e-07,1.170659339293109253e-06,2.597905079558964708e-06,3.077110738596995525e-06,2.711113705022992102e-06,1.867287389292447223e-06,1.058166465553957741e-06,7.757270383778213497e-07,1.320606539289332277e-06,2.680711512000968430e-06,4.509742777011472059e-06,6.227750503738691110e-06,7.219060357879493079e-06,7.057529440821970772e-06,5.669135180810751766e-06,3.361893303369634492e-06,7.079635454143975714e-07,-1.671842828544345256e-06,-3.327186554573131103e-06,-4.107643111652505547e-06,-4.154755696645978480e-06,-3.776529105647521733e-06,-3.278829056823859187e-06,-2.841841801430518852e-06,-2.496584290416702018e-06,-2.195979405162589205e-06,-1.921458333817364443e-06,-1.749288580856887964e-06,-1.829598939464605288e-06,-2.288042031958150172e-06,-3.111530558371458969e-06,-4.094664496524557244e-06,-4.892140708107624005e-06,-5.161389668140504598e-06,-4.723711895401770421e-06,-3.654584524703614492e-06,-2.247160709720395107e-06,-8.611265580999316669e-07,2.649164112549316351e-07,1.133225076817923729e-06,1.965563427798313171e-06,3.042003300151280040e-06,4.480686343344412330e-06,6.080423418981188016e-06,7.325664313802757313e-06,7.575394250633974970e-06,6.361627020924711347e-06,3.658343359187910060e-06,-1.688335566237925227e-08,-3.735897882253234299e-06,-6.487240178378679808e-06,-7.563550039201020000e-06,-6.840669739345228629e-06,-4.822824930744566762e-06,-2.429334163868389317e-06,-6.115061413888766694e-07,3.762871626614963145e-08,-4.839966982472567846e-07,-1.607801155071016028e-06,-2.454658789182156433e-06,-2.221733308020718808e-06,-5.339399767442838747e-07,2.382192871245809713e-06,5.767595695505037258e-06,8.608729023318963157e-06,1.001029563883593614e-05,9.517123764960770969e-06,7.266549438413260375e-06,3.922838038819745857e-06,4.290691397186483390e-07,-2.322864431379889263e-06,-3.779732609874528503e-06,-3.871166486275813482e-06,-2.969266688168725113e-06,-1.693637230635242445e-06,-6.480008992639036606e-07,-1.949931929190200402e-07,-3.538334045939447427e-07,-8.510142313486534159e-07,-1.289456368774729805e-06,-1.353497344272484084e-06,-9.557810146192744418e-07,-2.623209524217780922e-07,4.097125758823062622e-07,7.669919957253979557e-07,6.995332441162741512e-07,3.449590868640041587e-07,2.499847219634452829e-08,8.501523820338143866e-08,7.157746373526348463e-07,1.845919778119027972e-06,3.158735353613426506e-06,4.225045195465584297e-06,4.686798960627892182e-06,4.402319862872474031e-06,3.486206270897039922e-06,2.232499807954777710e-06,9.691840750254161888e-07,-7.631082392512188812e-08,-8.335312785084864816e-07,-1.349101373345783977e-06,-1.689132841662838930e-06,-1.854829389454844623e-06,-1.771056631205069416e-06,-1.359372251096007891e-06,-6.497704923904385787e-07,1.463268008865622541e-07,6.646446026596158622e-07,5.255637929506945799e-07,-4.782021664333742988e-07,-2.241009095302242823e-06,-4.334063361068012625e-06,-6.146446207284272452e-06,-7.119325285504187780e-06,-6.963191454072132702e-06,-5.753132676414476488e-06,-3.859257490389240653e-06,-1.755959146394359093e-06,1.828218016214722427e-07,1.791165855305994480e-06,3.069729871189147177e-06,4.033855723364632478e-06,4.559686879243355203e-06,4.343852476462039543e-06,3.028526821663546642e-06,4.418112730487505271e-07,-3.179322245907803651e-06,-7.129287844842160844e-06,-1.041186753833963224e-05,-1.210722268163294908e-05,-1.176822356509396144e-05,-9.650131739275122426e-06,-6.642442548468740303e-06,-3.910810813502819135e-06,-2.402162484195101674e-06,-2.441936280442474520e-06,-3.616229768259971546e-06,-4.997453599368756573e-06,-5.605250162265263390e-06,-4.878857281936155568e-06,-2.932054724830131183e-06,-4.707173491083635068e-07,1.579003730887604577e-06,2.541739780297069321e-06,2.328163138477959422e-06,1.472679327586805761e-06,8.636649795507557527e-07,1.308138893142605164e-06,3.148011252169904564e-06,6.109025544009035929e-06,9.439655071141298421e-06,1.225286662518873799e-05,1.389312889514292698e-05,1.415651070147745010e-05,1.328282465748068536e-05,1.176110831452267801e-05,1.007649913953976026e-05,8.535286401919518163e-06,7.238971342561972559e-06,6.181822286538162803e-06,5.377474220990685340e-06,4.916286474176448510e-06,4.913467315093838299e-06,5.388535893321353104e-06,6.167907144099273461e-06,6.892201263903576503e-06,7.144801288133297774e-06,6.638918745017541840e-06,5.356975168829429318e-06,3.557175020930700772e-06,1.637194304841779285e-06,-7.028445948044578960e-08,-1.452683153519468430e-06,-2.632975479783548378e-06,-3.838518839370796310e-06,-5.207007588517912654e-06,-6.655689970680736141e-06,-7.905274007414966295e-06,-8.655035447180377020e-06,-8.805570269446932340e-06,-8.582488056680034758e-06,-8.460065429606472586e-06,-8.898755013015193660e-06,-1.003096446718090266e-05,-1.148283461266589767e-05,-1.246618808424788561e-05,-1.213413915781706075e-05,-1.003881960170366731e-05,-6.448488170133048799e-06,-2.328269387116581197e-06,1.049385359480248201e-06,2.700607200976708074e-06,2.440278391147678313e-06,1.031578532557326978e-06,-1.349112730017838982e-07,2.933724398909341280e-07,2.933457408339312536e-06,7.286118048140621695e-06,1.188024995921207402e-05,1.489730381930526650e-05,1.499030663738183283e-05,1.190765993342828417e-05,6.620189830755399555e-06,8.896951998422061111e-07,-3.510851446203182001e-06,-5.548219669709328019e-06,-5.295554897475099017e-06,-3.757669739739428910e-06,-2.270276128056174703e-06,-1.795411956496362110e-06,-2.472902818780915170e-06,-3.640708906917658604e-06,-4.285794978785574675e-06,-3.664443298783043163e-06,-1.751759972460570951e-06,7.179038981965499668e-07,2.632914914928797800e-06,3.095522437701235515e-06,1.900795288660461587e-06,-3.532530097872837458e-07,-2.580705096104661486e-06,-3.777287495775669875e-06,-3.540672926906767914e-06,-2.267385152941451729e-06,-9.259730376424851094e-07,-5.299788304763074605e-07,-1.589550069758422318e-06,-3.827387506809036083e-06,-6.302895002890509998e-06,-7.875485901056778122e-06,-7.766462913460928783e-06,-5.936058455468273243e-06,-3.095446822489524329e-06,-3.636816617806284509e-07,1.245062058301297621e-06,1.246973416450470973e-06,-1.673719261788323400e-07,-2.308610754280762259e-06,-4.359941287534642028e-06,-5.736969756382883735e-06,-6.261277271068688351e-06,-6.094013598123522816e-06,-5.512490459430476081e-06,-4.688724757527573218e-06,-3.606737569319967051e-06,-2.155109573720117573e-06,-3.160178834640027331e-07,1.689545796152330810e-06,3.413536722417219233e-06,4.364747519486637380e-06,4.270057694156321679e-06,3.261930934457324775e-06,1.872570440345651064e-06,8.181628258554788113e-07,6.736240156870309370e-07,1.603165851962828981e-06,3.287526612409141315e-06,5.087187605334469602e-06,6.357364528703515469e-06,6.752120296741540125e-06,6.363714797772556671e-06,5.633520413179522465e-06,5.092563502963572941e-06,5.076839665984610189e-06,5.568996664611308053e-06,6.242673781668389502e-06,6.672169388288584720e-06,6.581417060128903006e-06,5.990403504877633143e-06,5.180772500148842534e-06,4.507983060646227522e-06,4.175077031872163843e-06,4.103961483774745617e-06,3.983158278624959431e-06,3.468730235209787209e-06,2.425061056665443963e-06,1.064846817173495486e-06,-1.011927130793541918e-07,-4.921505580354802338e-07,2.483932825334723716e-07,2.042259158130499601e-06,4.363726725737430799e-06,6.438326530589149677e-06,7.561910655801973099e-06,7.389309789758266819e-06,6.058817626664168385e-06,4.101280013751775876e-06,2.186985277990382094e-06,8.368530581295443269e-07,2.319876454926761664e-07,1.980252395097482077e-07,3.511363298245137069e-07,3.178431301028953037e-07,-8.364330747038180592e-08,-7.802781667536676428e-07,-1.512010885303776169e-06,-1.979634774565164740e-06,-1.992468195926187240e-06,-1.550251752490568559e-06,-8.371130127027086745e-07,-1.498681294285842921e-07,1.954116284555489604e-07,-5.774238382532506263e-08,-1.053557937959765356e-06,-2.788590128509785561e-06,-5.083086763235083864e-06,-7.565929534964163671e-06,-9.699756200577160849e-06,-1.087509291157822501e-05,-1.057685972759582122e-05,-8.582295211324940970e-06,-5.111067559266472991e-06,-8.433803338368357980e-07,3.237065823980193412e-06,6.143543249702065164e-06,7.223841244959434522e-06,6.393783377079472692e-06,4.154993833395063789e-06,1.372463766157693022e-06,-1.104072139975757593e-06,-2.812464120347781182e-06,-3.874000509867975553e-06,-4.914800979303034714e-06,-6.737611766888802887e-06,-9.886863758122591269e-06,-1.430689389564755051e-05,-1.925962992709497277e-05,-2.355577696052664455e-05,-2.601195661782626265e-05,-2.593982137695254091e-05,-2.345169955154622702e-05,-1.944252680610279404e-05,-1.524736836948604259e-05,-1.211579994134398326e-05,-1.072533991177465914e-05,-1.093980299425735012e-05,-1.191216904160562420e-05,-1.248257574698687177e-05,-1.169606236067250813e-05,-9.216431437805801052e-06,-5.461743280388584017e-06,-1.410180649246735685e-06,1.832774736900515343e-06,3.515603018514864739e-06,3.565180438786561736e-06,2.621931459393344444e-06,1.779330104578142966e-06,2.144645336906064684e-06,4.405924553690782527e-06,8.577172623411138060e-06,1.400992527487664468e-05,1.964525420645643459e-05,2.438652607282193867e-05,2.743831085552931643e-05,2.849033875857251040e-05,2.770591998001123186e-05,2.556115867001113208e-05,2.263478245964375659e-05,1.944784822362438746e-05,1.640488343403514857e-05,1.382237065543359443e-05,1.198260567318965151e-05,1.114489828486142566e-05,1.148251695002226134e-05,1.297048104656920086e-05,1.529327960155609130e-05,1.784660040775016101e-05,1.986770843177340645e-05,2.066385263698235851e-05,1.985065107711633472e-05,1.749435454945429165e-05,1.408611919390030980e-05,1.034961001591651209e-05,6.961368881188669014e-06,4.307840713402829658e-06,2.389782533468149637e-06,9.172395062119453595e-07,-4.534594563070305148e-07,-1.861594959788471973e-06,-3.100407025857928717e-06,-3.679233573809890965e-06,-3.080084827583949248e-06,-1.099893434904166961e-06,1.885146519988034328e-06,4.878178120485457856e-06,6.500181278979393803e-06,5.443863924965611297e-06,9.765635105736431951e-07,-6.709991074720639265e-06,-1.645597435415307623e-05,-2.643239809968036435e-05,-3.468350295753840345e-05,-3.971534777208635158e-05,-4.091470766496126598e-05,-3.865131077973560473e-05,-3.404363698346463108e-05,-2.849997487446677614e-05,-2.322698995488166760e-05,-1.889535834671981522e-05,-1.557051690309918274e-05,-1.289507749662988091e-05,-1.040332043712751775e-05,-7.804145336818538422e-06,-5.103789601114643394e-06,-2.533115104624854606e-06,-3.485801929867543905e-07,1.360962161827198224e-06,2.738979630597594410e-06,4.051543425421016414e-06,5.461388956610696449e-06,6.820382920952081804e-06,7.620694592544871324e-06,7.171691120823600904e-06,4.950152940821436058e-06,9.653609769687729727e-07,-4.054561721583595173e-06,-8.787103890794166694e-06,-1.174572120445836202e-05,-1.186026801250278878e-05,-8.960360721811664168e-06,-3.932822178791994911e-06,1.547674028936317037e-06,5.631075740524531771e-06,7.006106919277161821e-06,5.418623579367646363e-06,1.772288925920868506e-06,-2.234011188806278009e-06,-4.779304881653402432e-06,-4.621186920729278315e-06,-1.537142219208706180e-06,3.658247837095332043e-06,9.496183303986381640e-06,1.444546392168464731e-05,1.745155525354719103e-05,1.821297230463811678e-05,1.712536207347069232e-05,1.497865438503092715e-05,1.258702253551889158e-05,1.052619282610418689e-05,9.062665971764242230e-06,8.241909755066859428e-06,8.024100954715702010e-06,8.355786053365156561e-06,9.135691068046212257e-06,1.012410818764213009e-05,1.089819539373924528e-05,1.093504958945778882e-05,9.821050454000445465e-06,7.490356268011263494e-06,4.349103579641450388e-06,1.180572920217796305e-06,-1.162852535749094337e-06,-2.150494742118482311e-06,-1.849706172064937352e-06,-9.267444303502100881e-07,-3.412278565681905981e-07,-8.639435245715372984e-07,-2.653872544952561444e-06,-5.119595426592386258e-06,-7.159441787383686101e-06,-7.684911501858178210e-06,-6.179340288622237916e-06,-3.010556632231234322e-06,6.740688089398089597e-07,3.439197439981492823e-06,4.213441436810531898e-06,2.787367993242379778e-06,-8.934895310253588247e-08,-3.066103728151101926e-06,-4.836183030037244910e-06,-4.757213713154435324e-06,-3.146574934340860454e-06,-1.109723860264310371e-06,1.254832571985121191e-08,-6.924243182428206778e-07,-3.255545801970725612e-06,-6.796142411649507231e-06,-9.922149424228991096e-06,-1.136148911101393324e-05,-1.052327895545543744e-05,-7.733177815918199405e-06,-4.052311219931894931e-06,-7.879896648282643938e-07,1.060780502669801965e-06,1.169675621508856075e-06,-7.618563409922051354e-08,-1.855357948421880621e-06,-3.328314143917302930e-06,-3.991609329582188927e-06,-3.817467094069470827e-06,-3.151510452413133577e-06,-2.460712207004182571e-06,-2.080483931126454050e-06,-2.084142039280892442e-06,-2.314402285335246272e-06,-2.526415720214524990e-06,-2.543155742859530736e-06,-2.336247375594394127e-06,-2.002676058218517643e-06,-1.671861050253915266e-06,-1.411464506442139924e-06,-1.189151421845696168e-06,-9.042832553244886840e-07,-4.583314198500463871e-07,1.866809560398777570e-07,9.971874298965119422e-07,1.903531105928681772e-06,2.848757962825812991e-06,3.810901320694123101e-06,4.780799196323094871e-06,5.712305812900711798e-06,6.485493315410096497e-06,6.919411182450809878e-06,6.840583594452287411e-06,6.175414553423764600e-06,5.013435839360068014e-06,3.598640310686952669e-06,2.243652221750558872e-06,1.204951750052075369e-06,5.812270480222825873e-07,2.866347779081631931e-07,1.116267471862275186e-07,-1.618172627541686454e-07,-6.503543121202251251e-07,-1.317765688080682590e-06,-1.999716485282764662e-06,-2.481210250833837208e-06,-2.579464337060412243e-06,-2.191508523650331360e-06,-1.295921369200101862e-06,6.945506594400132515e-08,1.819211979878535825e-06,3.802250231503624179e-06,5.767357143069245058e-06,7.352620767120789619e-06,8.138137455436539691e-06,7.769060854899683199e-06,6.108688500021123156e-06,3.348123769493590987e-06,4.113805671423402709e-09,-3.216867075057647960e-06,-5.644109759873641031e-06,-6.863669852792159972e-06,-6.836827494607754099e-06,-5.865381477732131479e-06,-4.428404656856047685e-06,-2.977580790139680040e-06,-1.793099017105855577e-06,-9.606882849292875002e-07,-4.564691312645490174e-07,-2.632600234087156518e-07,-4.278583700775558034e-07,-1.013344062017974315e-06,-1.977711075699012855e-06,-3.072233381724057592e-06,-3.857830706389127719e-06,-3.875291445516662326e-06,-2.906576050442523459e-06,-1.186832091357384861e-06,5.780941230466198309e-07,1.451268848807579054e-06,6.890602568449950187e-07,-1.839365222916084520e-06,-5.458080183876181995e-06,-8.852610730321942313e-06,-1.056937003387484867e-05,-9.643928184027986673e-06,-6.069824604527862242e-06,-8.712462224141477363e-07,4.283392741025727957e-06,7.773333831786890410e-06,8.715406227923736286e-06,7.333000162835671996e-06,4.827197226562018241e-06,2.804444149842101680e-06,2.525091088051186668e-06,4.323404812959773946e-06,7.469115341119682205e-06,1.053105337476639828e-05,1.206572472577136597e-05,1.130194921384870908e-05,8.498831598466419866e-06,4.813378404820337387e-06,1.747832089306872687e-06,4.429641178508502562e-07,1.150441973925072561e-06,3.127004125233526471e-06,4.992452389322967771e-06,5.379191220197552660e-06,3.572384949554712795e-06,-1.478970702584042684e-07,-4.609627677788881815e-06,-8.242656638475313722e-06,-9.740428497524924407e-06,-8.602375500260668105e-06,-5.331806964564781864e-06,-1.218142332024590918e-06,2.192303769416066154e-06,3.710075910080002182e-06,2.950327592789201431e-06,4.421907127007549164e-07,-2.630258872432688921e-06,-4.938334085147795058e-06,-5.558129089127327844e-06,-4.337265633612182177e-06,-1.933935699440652195e-06,4.848677915271462504e-07,1.761998114523530064e-06,1.271709200007374222e-06,-7.769627589075877986e-07,-3.394011424927149525e-06,-5.215062144627862486e-06,-5.105859258368452467e-06,-2.714135085937992098e-06,1.277352846207851602e-06,5.331818372408017966e-06,7.629870635845699601e-06,6.813938413305019530e-06,2.597012587505879310e-06,-4.034310283544954521e-06,-1.113172138022386374e-05,-1.650278899168538621e-05,-1.854437339815191040e-05,-1.684320168484747056e-05,-1.228988113585738001e-05,-6.662988650820711930e-06,-1.871916421521569415e-06,8.056873741016818718e-07,1.162464575467525785e-06,3.259808781052406260e-09,-1.349853447938761524e-06,-1.732607826868143500e-06,-6.679705585115571089e-07,1.486838722448571246e-06,3.814115545537058695e-06,5.361580988150283664e-06,5.638743137692255461e-06,4.835437419448376686e-06,3.671063212961966269e-06,2.978037764211283361e-06,3.254302929157165112e-06,4.421912153733333494e-06,5.906041963711720855e-06,6.971164989211168921e-06,7.115619079328892273e-06,6.304163033193219838e-06,4.918759833732469740e-06,3.472385774310052019e-06,2.266522821778363045e-06,1.204218095188420511e-06,-1.205003665551270546e-07,-2.099149430393767721e-06,-4.737608191345783339e-06,-7.466521445064616940e-06,-9.276476305954066523e-06,-9.148389186443417402e-06,-6.581255693352319217e-06,-1.947232148384781137e-06,3.528988441404463215e-06,8.192705661849839619e-06,1.061076796699219085e-05,1.015900475586914394e-05,7.273351244312708745e-06,3.246331264296420939e-06,-3.376402517971718318e-07,-2.268334126301339034e-06,-2.176356677894701318e-06,-6.010348594383179241e-07,1.348348238061317285e-06,2.558626945683712890e-06,2.432211124667479638e-06,1.124055456313610722e-06,-5.942972843286014182e-07,-1.755803112961073068e-06,-1.690421001100543867e-06,-3.561969855592905033e-07,1.635662391802016866e-06,3.299583486050783175e-06,3.721836629192722317e-06,2.473894742446202903e-06,-1.803073470573870009e-07,-3.360153605685864365e-06,-5.886504524177671291e-06,-6.712193451349593306e-06,-5.303713235869287446e-06,-1.842433293085051315e-06,2.816120480954951074e-06,7.404519461689298660e-06,1.063900122729502371e-05,1.162249402539289701e-05,1.012819251919691265e-05,6.671484696564390715e-06,2.341395441531708860e-06,-1.559733739581549914e-06,-3.950205549714245717e-06,-4.323290833781923920e-06,-2.887708222557302228e-06,-4.352005842074690541e-07,2.015745234314689261e-06,3.653247984164861853e-06,4.194520289832278101e-06,3.951141811359196504e-06,3.604179745180754130e-06,3.793531738637512479e-06,4.721753071723953093e-06,5.975995176554245329e-06,6.673592864216557835e-06,5.879256017988395748e-06,3.100399098602546951e-06,-1.385240825376493079e-06,-6.546731541955909183e-06,-1.097681666892895585e-05,-1.346563048260499468e-05,-1.350412611592389694e-05,-1.147556772149199230e-05,-8.440666115903088250e-06,-5.620324564625440615e-06,-3.830313571160544701e-06,-3.146906077966372071e-06,-2.966285881632486922e-06,-2.420074944558993126e-06,-9.258667949754893405e-07,1.420196378817463836e-06,3.823055588248806736e-06,5.163497538778629905e-06,4.583712035465223931e-06,1.982762636400159839e-06,-1.842892466766684625e-06,-5.505489122344972153e-06,-7.645705682414813618e-06,-7.570303028418888859e-06,-5.594132368576647364e-06,-2.911206634314213965e-06,-1.046438285451085190e-06,-1.143453535006555450e-06,-3.424320203763847214e-06,-7.075158790333444100e-06,-1.060856257022873777e-05,-1.252923708569256801e-05,-1.199147009558040723e-05,-9.149503006867688187e-06,-5.053843575896802904e-06,-1.160792076629951552e-06,1.304743773771872376e-06,1.840618788805976173e-06,8.058595181986998372e-07,-8.266108064103930485e-07,-1.959666835647345490e-06,-1.864943154958504153e-06,-4.614938468540630695e-07,1.719379971625383571e-06,3.832273852509675971e-06,5.117719673075415408e-06,5.218632826979777157e-06,4.289197877697458127e-06,2.879820417807703718e-06,1.679812312910959133e-06,1.245253965705176045e-06,1.821613796541240418e-06,3.309454958653735069e-06,5.353467882024363877e-06,7.492151351473450179e-06,9.300473567485850133e-06,1.048222643050484661e-05,1.090216485034617619e-05,1.057188647420957735e-05,9.610574229688487383e-06,8.196973916603375737e-06,6.522236224151405555e-06,4.751068100501718826e-06,2.999966457788728547e-06,1.339960491162015192e-06,-1.774185640946605793e-07,-1.486002852738083349e-06,-2.487491581824353812e-06,-3.071287049825330333e-06,-3.171976386731350241e-06,-2.837203750519235821e-06,-2.260958316144137502e-06,-1.744389195622809201e-06,-1.580334687308894783e-06,-1.903979993193747412e-06,-2.584585668354858835e-06,-3.229252414610574498e-06,-3.323929529807683950e-06,-2.467678203005392130e-06,-5.984316374575791110e-07,1.904185492109593370e-06,4.307777761318790778e-06,5.789707513053554782e-06,5.768024652565448428e-06,4.153553444992304629e-06,1.404063689558189553e-06,-1.649976635466402100e-06,-4.131454561269861291e-06,-5.445718266879084031e-06,-5.464305804208076838e-06,-4.488703493729901603e-06,-3.029763250979375575e-06,-1.528295136463567770e-06,-1.652153465400732350e-07,1.146146129849576868e-06,2.597137398268176149e-06,4.257865983175921421e-06,5.931107405239212612e-06,7.183255675859334139e-06,7.547135767003592226e-06,6.788430779329484845e-06,5.081845707490438944e-06,2.983127327036211502e-06,1.190429007903873461e-06,2.068725302027569150e-07,8.042507822929944103e-08,3.687781522064472515e-07,3.658069930282517407e-07,-5.122560760168190723e-07,-2.375722784041009135e-06,-4.735441493395036758e-06,-6.686555550065570910e-06,-7.330728254855182428e-06,-6.237544808320802623e-06,-3.713175614076659584e-06,-7.280234825803794664e-07,1.482770558965446401e-06,1.970154760906088089e-06,5.165587692836133082e-07,-2.238783310204672677e-06,-5.062175273549669308e-06,-6.661225530459985401e-06,-6.250795515129517557e-06,-3.891766092731936395e-06,-4.521794242370965837e-07,2.783941049145887740e-06,4.674619827508933103e-06,4.689834266575545307e-06,3.089266510770271930e-06,7.467473675046575358e-07,-1.276008454582276818e-06,-2.196907071240046609e-06,-1.809635722642820281e-06,-4.915491767558386865e-07,1.050859969266324015e-06,2.153886324963739878e-06,2.500003418960103485e-06,2.217355895982057129e-06,1.750286611968374467e-06,1.587822030320456220e-06,1.996556292246088404e-06,2.887300473368626404e-06,3.866586103432721658e-06,4.428767456958660410e-06,4.180753281880222340e-06,2.987965460247982537e-06,9.828778958724203358e-07,-1.545690797169030770e-06,-4.305133564921788550e-06,-7.103669177426409681e-06,-9.854386028326221793e-06,-1.248944421662988388e-05,-1.484901160814777698e-05,-1.662502748847174551e-05,-1.740974778363128323e-05,-1.684021327861420585e-05,-1.477387008391391479e-05,-1.140702495741403904e-05,-7.269089578142059801e-06,-3.081336438146907997e-06,4.681503371722274985e-07,2.941879209110935077e-06,4.273343598028236046e-06,4.743390314745819703e-06,4.827897863025182663e-06,4.985722277093621487e-06,5.477267792033854326e-06,6.285365734209433552e-06,7.161841150342738504e-06,7.768118566457803533e-06,7.840825741713713828e-06,7.308562255799423535e-06,6.313507727063070456e-06,5.137057278066156392e-06,4.071151095967383866e-06,3.298178518770014605e-06,2.834432040217507571e-06,2.560154135079223657e-06,2.318263933261262053e-06,2.031916551714379523e-06,1.781630312393748209e-06,1.799530363927628570e-06,2.374184309466551474e-06,3.699788108413005414e-06,5.731626257504816556e-06,8.113911936789251360e-06,1.022350831115052771e-05,1.133102614420158748e-05,1.083444319284838392e-05,8.487157478837519862e-06,4.535850292828314951e-06,-2.917963313062675632e-07,-4.960421399158690978e-06,-8.415218471068736832e-06,-9.894638017458152755e-06,-9.162952077974855189e-06,-6.581355046999390439e-06,-2.990480538638977430e-06,5.565440121581107444e-07,3.117843791164544368e-06,4.130931254392399655e-06,3.535471933580639825e-06,1.717818021203383126e-06,-6.868960721163740503e-07,-3.046843013953998235e-06,-4.936929062402276146e-06,-6.219646179922861495e-06,-6.988523045502369882e-06,-7.421636209862741778e-06,-7.629639264563172616e-06,-7.577715291561255869e-06,-7.117004137510364325e-06,-6.100595516851815210e-06,-4.512845900303109335e-06,-2.532725616679625012e-06,-4.871829696852706406e-07,1.288341404544740300e-06,2.610086150942866842e-06,3.536223689397385909e-06,4.327481621594785477e-06,5.285645260267045047e-06,6.547380282020756998e-06,7.945493590976301430e-06,9.026852178760423704e-06,9.242165885022802149e-06,8.231972955205765015e-06,6.071773257735597203e-06,3.342405146846112432e-06,9.640628792910065660e-07,-1.568293467943088707e-07,4.779595285712706326e-07,2.701697707932599950e-06,5.691435967955528520e-06,8.254948878408313931e-06,9.282094059251139528e-06,8.169559367281121109e-06,5.038145009125223015e-06,6.556251075138265314e-07,-3.888797226854694185e-06,-7.604246056414579603e-06,-9.925840700856926026e-06,-1.082097332157885842e-05,-1.065947840170247838e-05,-9.945687376417589222e-06,-9.064742525364246825e-06,-8.167316265489210395e-06,-7.225955413666469112e-06,-6.195210502011528727e-06,-5.152799701482545887e-06,-4.319526722859287874e-06,-3.937812803943962929e-06,-4.083658974106915050e-06,-4.538044242665594022e-06,-4.818986356717071833e-06,-4.385916071678306707e-06,-2.923136331024533238e-06,-5.498552019154629760e-07,2.171438976918723710e-06,4.456374696975143208e-06,5.653395489713355896e-06,5.554574226667334522e-06,4.496406179996343174e-06,3.186918819145018932e-06,2.338490538946727366e-06,2.293579095593720148e-06,2.842761916889968665e-06,3.339905059706401150e-06,3.064145495213844891e-06,1.643625043752711725e-06,-6.852598395658985114e-07,-3.131275701483993608e-06,-4.702674943703643127e-06,-4.691153893665658215e-06,-3.039708379961872717e-06,-4.009741984183338013e-07,2.152656514030768645e-06,3.627835169181095867e-06,3.570136461073298359e-06,2.255713172813265753e-06,5.223951936663579598e-07,-6.676374095834112398e-07,-7.057889827121855489e-07,3.883806245686699965e-07,2.028820522211389426e-06,3.414893929804707994e-06,3.975951855307168110e-06,3.666726174586933961e-06,2.957106245958993046e-06,2.528022357795027535e-06,2.845198090029142109e-06,3.848536511881605940e-06,4.931947261143731722e-06,5.231047435394874682e-06,4.069457678227087588e-06,1.327979011650733931e-06,-2.459241116729129947e-06,-6.333394358834352304e-06,-9.345772537301150031e-06,-1.097374171002005728e-05,-1.130704162475949010e-05,-1.091820288148373257e-05,-1.049798119557475567e-05,-1.045664288436708555e-05,-1.070224975667935459e-05,-1.070546330395884702e-05,-9.804491439251709255e-06,-7.578725194454418438e-06,-4.091151187443289572e-06,1.208297653588335423e-07,4.286580162770442957e-06,7.734130287123618165e-06,1.013378367094386884e-05,1.153722336765141662e-05,1.221927787834512829e-05,1.244074996493951003e-05,1.228651692461134518e-05,1.167535024766682128e-05,1.052327335438904839e-05,8.940448183619762959e-06,7.314489355455119745e-06,6.198689020023989693e-06,6.044819918207648182e-06,6.925601533099504109e-06,8.416863642338876574e-06,9.733897274298448831e-06,1.007833513575745053e-05,9.027331794753855809e-06,6.758170161289224072e-06,3.975919324167119309e-06,1.564295211946682446e-06,1.302018982054248035e-07,-3.218971881511979826e-07,-4.079096783125555821e-07,-1.051992628125056993e-06,-2.994746989475142267e-06,-6.370686159739585258e-06,-1.057463846762383832e-05,-1.449275019122659129e-05,-1.698897177257013193e-05,-1.740820266850107799e-05,-1.584985744725171699e-05,-1.308366195976182774e-05,-1.016077675949280574e-05,-7.923555820711332417e-06,-6.659837965693232656e-06,-6.063638109520455075e-06,-5.500715090267511654e-06,-4.421848520439813802e-06,-2.698943316460974081e-06,-7.107449478328098039e-07,8.560882117528111797e-07,1.374866299628003141e-06,6.176670392199156973e-07,-1.108412622473875010e-06,-3.088335601141770031e-06,-4.513530995945276865e-06,-4.819499195586884481e-06,-3.885302899200800513e-06,-2.018468899719950660e-06,2.362463215360628627e-07,2.344569147500823436e-06,3.959681202632967992e-06,4.963006687317626313e-06,5.391606818956032675e-06,5.335453616513962946e-06,4.887254258791540086e-06,4.171888588607718535e-06,3.411887530086164189e-06,2.948018243244965935e-06,3.156447791717657352e-06,4.274144441880103693e-06,6.218398078149163832e-06,8.515333016724199551e-06,1.041160978063941997e-05,1.114998147129248068e-05,1.029341282881306348e-05,7.940172444996325263e-06,4.712837354567105271e-06,1.511335831034006146e-06,-8.606407370096313297e-07,-2.019348727947472977e-06,-2.121195264596899765e-06,-1.728769424165660285e-06,-1.501330807999880863e-06,-1.875068975506986126e-06,-2.896032366088233919e-06,-4.278917874729331003e-06,-5.637561814405693842e-06,-6.738567792845544081e-06,-7.620742537555088832e-06,-8.505258921467900231e-06,-9.549140690019978738e-06,-1.059574289711591912e-05,-1.109147082419262595e-05,-1.025525084996297290e-05,-7.447845554800978015e-06,-2.566620711091432946e-06,3.744320930441887128e-06,1.020444015638498204e-05,1.531260943227497152e-05,1.790136596802940013e-05,1.758620459192763205e-05,1.490651175488094009e-05,1.109280017914872186e-05,7.564039994539204173e-06,5.377450229154010446e-06,4.865907754202630013e-06,5.603003992500125151e-06,6.682650710969425518e-06,7.163945907890695708e-06,6.474596387964276221e-06,4.607041755461873573e-06,2.051609239494184569e-06,-4.682050558824416148e-07,-2.318657070944119279e-06,-3.196017288425486682e-06,-3.203604512884293479e-06,-2.767408794270624375e-06,-2.454065452729380042e-06,-2.773203404543423772e-06,-4.025374826845787368e-06,-6.220897651034260016e-06,-9.069046217608483221e-06,-1.203105110886356447e-05,-1.443518510821750627e-05,-1.564942925978289305e-05,-1.528552048528973874e-05,-1.337475324540105819e-05,-1.043452487976527049e-05,-7.360691966870819718e-06,-5.142246180938316727e-06,-4.481211255577080407e-06,-5.469264907514766651e-06,-7.479830513277556588e-06,-9.361889280866217574e-06,-9.891851224163026094e-06,-8.309923495107978959e-06,-4.703957774478971418e-06,-4.775819013834459847e-08,4.156783440802717686e-06,6.503401583418400169e-06,6.305934321452813157e-06,3.938871861084872688e-06,7.223660270791890738e-07,-1.619962402990881733e-06,-1.705392515169191090e-06,8.872152517978151495e-07,5.400809255095906401e-06,1.019327442542527086e-05,1.341998834249116953e-05,1.381119293589352267e-05,1.120667639562410724e-05,6.618088157403327790e-06,1.798023986747718502e-06,-1.490201403204058334e-06,-2.183336606967383979e-06,-3.089164147704176570e-07,3.096134263985308724e-06,6.482276744239208975e-06,8.467661682940979875e-06,8.403397277564768591e-06,6.590334240061104044e-06,4.075555378364732509e-06,2.139923586464157378e-06,1.713179879715508136e-06,2.970634720422398961e-06,5.274867534165187795e-06,7.471953677307609530e-06,8.402634449848072839e-06,7.405724262162648338e-06,4.603782210144501622e-06,8.587303644732963461e-07,-2.576402653315489495e-06,-4.561405474458625374e-06,-4.522055406959055271e-06,-2.671704023194562261e-06,8.338601579542066669e-08,2.512522115525856633e-06,3.552584651806132263e-06,2.726220755405110714e-06,3.203373043656779763e-07,-2.743902203022224606e-06,-5.294127612895919936e-06,-6.385632768925313795e-06,-5.680869567543234772e-06,-3.576334890440368724e-06,-1.028947478844246072e-06,8.408437727842365999e-07,1.199954040544559691e-06,-1.809100667835064270e-07,-2.871635453850408718e-06,-5.998267439934657623e-06,-8.622276853836391896e-06,-1.010951807287680855e-05,-1.032927115346017967e-05,-9.610829897777060281e-06,-8.502152303070003016e-06,-7.465377508357069984e-06,-6.664411089486091011e-06,-5.942231033586478692e-06,-4.981239870981136738e-06,-3.543563440614996516e-06,-1.649827678813507692e-06,4.058699592687410326e-07,2.212037904436220718e-06,3.475145733560661450e-06,4.194239373270650747e-06,4.665382415774290283e-06,5.301275308373452770e-06,6.359653745087393994e-06,7.735363558386525518e-06,8.948014250164717783e-06,9.357180976124311809e-06,8.510581689585687977e-06,6.445641500930087857e-06,3.771232708476909253e-06,1.457654722607463346e-06,4.116540917618882696e-07,1.033573827696473657e-06,2.979999935892655550e-06,5.267597113612718417e-06,6.690751710406050565e-06,6.366952780506390607e-06,4.150956669551122822e-06,7.126604680495583432e-07,-2.767937828939026871e-06,-5.148512917311896249e-06,-5.852610274053762329e-06,-5.121388381059276946e-06,-3.865035179820497179e-06,-3.186356378989024517e-06,-3.811590903629238112e-06,-5.710720920473397279e-06,-8.096830109096419436e-06,-9.806741380546828618e-06,-9.876155809045305766e-06,-8.025884010174498859e-06,-4.819521810828130879e-06,-1.414998860884097943e-06,9.680771610014714505e-07,1.605404039303636803e-06,5.804801335572256271e-07,-1.293421626363297797e-06,-2.895833024823885888e-06,-3.354591387607233922e-06,-2.463818039609147479e-06,-7.678752225567758229e-07,7.185779266189235470e-07,1.009273608988456105e-06,-3.795431906637651404e-07,-3.199970454424458413e-06,-6.581785970819431488e-06,-9.409898021023934420e-06,-1.078009552891225640e-05,-1.032294446969395984e-05,-8.266886791480408756e-06,-5.246639184947461971e-06,-1.981181895736018534e-06,1.009598859442864008e-06,3.524176155360552357e-06,5.610122077786455919e-06,7.382753093543647617e-06,8.856593186057176942e-06,9.890449019629187337e-06,1.027003565692238637e-05,9.868793097105280386e-06,8.783835911976075884e-06,7.361004596771980389e-06,6.087356167556657634e-06,5.402935184941426424e-06,5.525741902900837378e-06,6.373786206177866763e-06,7.615058176869233739e-06,8.811838890241778250e-06,9.585173933124808962e-06,9.727456489869237561e-06,9.229402285930483291e-06,8.236186599630514603e-06,6.977268515677364964e-06,5.710991261100933713e-06,4.696009061911327998e-06,4.170417341447581560e-06,4.309708810843693931e-06,5.154424364072539917e-06,6.534545752114707552e-06,8.043931291568565231e-06,9.111627414790174015e-06,9.174099524038354010e-06,7.893522223306673931e-06,5.326269035791268270e-06,1.950975969114818287e-06,-1.478246957023553728e-06,-4.205065618185709631e-06,-5.755123352824713811e-06,-6.102070098000718434e-06,-5.637812478550372568e-06,-4.963027924101608199e-06,-4.602537764493594646e-06,-4.786638848534922842e-06,-5.402990304189699977e-06,-6.131830608259410998e-06,-6.678468470188143661e-06,-6.964845670522604581e-06,-7.166332484572864469e-06,-7.569396430028211992e-06,-8.332426335736349850e-06,-9.296244454636184144e-06,-9.973984048792884963e-06,-9.756562215772907133e-06,-8.247348556130904031e-06,-5.554278974882479245e-06,-2.369720386562234627e-06,2.365347172380691705e-07,1.242033239894414814e-06,1.258158755876171325e-07,-2.866846935773853454e-06,-6.788503651332200501e-06,-1.036764189858415776e-05,-1.253286301234835667e-05,-1.284039874666535986e-05,-1.160621210441684843e-05,-9.687037854474624804e-06,-8.026527286618987349e-06,-7.196814402213589318e-06,-7.164065038626021895e-06,-7.389046155519711182e-06,-7.199727107711270550e-06,-6.231171314880523432e-06,-4.691632021715053471e-06,-3.302693087381962484e-06,-2.931326452819866084e-06,-4.096542449026219703e-06,-6.607984085786640197e-06,-9.538106348104460281e-06,-1.156877498737720335e-05,-1.156594298615460253e-05,-9.115608768274298976e-06,-4.761595074839002221e-06,1.806053304960063218e-07,4.162891048355732787e-06,6.059694686258026748e-06,5.646430087019598048e-06,3.688128993173657773e-06,1.601605174677316314e-06,8.442724186604354126e-07,2.298598558742321847e-06,5.913256762942863137e-06,1.073966725732309138e-05,1.532696171747756131e-05,1.829097916897074773e-05,1.881650803026219384e-05,1.690310858460531749e-05,1.329004361405629365e-05,9.131977887956490696e-06,5.583702795654657874e-06,3.459126951875508167e-06,3.067582246420577102e-06,4.239430289515124451e-06,6.479365621942483264e-06,9.158572696650882906e-06,1.167611716498716090e-05,1.356229359523283019e-05,1.453231197723729322e-05,1.450943092587819169e-05,1.362451469302132871e-05,1.218185468161753999e-05,1.057857420805060372e-05,9.184180222458805269e-06,8.216994631774980049e-06,7.673093622652523912e-06,7.352217668069042316e-06,6.982276548626762132e-06,6.389057268909536303e-06,5.621963297655478008e-06,4.955589906523739162e-06,4.743812719076963408e-06,5.183417280823311157e-06,6.106455031167539658e-06,6.926971572437320278e-06,6.806668458057850783e-06,4.998810105498074878e-06,1.230170305088066708e-06,-4.060406661588571469e-06,-9.763355037300785463e-06,-1.443877919933625024e-05,-1.683663253922891771e-05,-1.638406707659109852e-05,-1.342728848865416262e-05,-9.113941465803134681e-06,-4.957224316038119297e-06,-2.263463926719247672e-06,-1.664647256404807652e-06,-2.947664318993259751e-06,-5.236054464808853498e-06,-7.422342582963910529e-06,-8.643982153795221328e-06,-8.591405750049244296e-06,-7.530961492500596523e-06,-6.068786600700428396e-06,-4.801761397503162946e-06,-4.040680878976936042e-06,-3.733905586522666853e-06,-3.601762568971989502e-06,-3.377859625075152425e-06,-3.003750555282773309e-06,-2.662102689155985149e-06,-2.636024951032187493e-06,-3.089109705967907242e-06,-3.910616809918997475e-06,-4.733712675422695292e-06,-5.131278218181775681e-06,-4.882018026077092674e-06,-4.145103623626676942e-06,-3.420288668392568929e-06,-3.286708935443275769e-06,-4.046168216178182076e-06,-5.470395901769980500e-06,-6.818601218586729772e-06,-7.159666909443909174e-06,-5.866249193446264272e-06,-3.034572858339667980e-06,4.088836348514137417e-07,3.016395698307844274e-06,3.441349744142444696e-06,1.099218098094109385e-06,-3.455388560290801225e-06,-8.647071001952122548e-06,-1.247972652222791242e-05,-1.337092426362364472e-05,-1.084637367297112521e-05,-5.768422647525570603e-06,2.054429326108580529e-08,4.488316365141407751e-06,6.280201871520006376e-06,5.268037359776062489e-06,2.533555658019973946e-06,-1.955474820335146308e-07,-1.382670308240059922e-06,-3.950355016513546326e-07,2.238005570256556206e-06,5.128085472894172768e-06,6.730453859134883004e-06,6.099897304248163073e-06,3.340424075848148075e-06,-4.518747299214532465e-07,-3.704865281064161517e-06,-5.082771760346677784e-06,-4.053897801463078227e-06,-1.061597066281042013e-06,2.749327634136744320e-06,6.085291241313569784e-06,8.052595319336926257e-06,8.448405723392280421e-06,7.691299533434295236e-06,6.476410582168471467e-06,5.367138221282099540e-06,4.541733416192754367e-06,3.805549259717314820e-06,2.824031003389735425e-06,1.414313156257915845e-06,-2.848836957761081825e-07,-1.861110234736453559e-06,-2.855892313936718925e-06,-3.028336923604267037e-06,-2.491638119873933332e-06,-1.636002235938933739e-06,-8.784160534865713295e-07,-3.841963334149564099e-07,7.218854542932634140e-08,1.012517670160341837e-06,2.960925945468584012e-06,6.099608844790498910e-06,1.005981696294277915e-05,1.397181622468196675e-05,1.676840369708331290e-05,1.760777524880053528e-05,1.621984797118941919e-05,1.301657655705803235e-05,8.921095368943760031e-06,5.003022494291024284e-06,2.091232822221031804e-06,5.318423233832931413e-07,1.756410211750350979e-07,5.634958638014280695e-07,1.190941579415137259e-06,1.715317609914201964e-06,2.021723846879259112e-06,2.151810244343608849e-06,2.171112405568328462e-06,2.069418586746359604e-06,1.750791660679554267e-06,1.104144681138368257e-06,9.388883079400699723e-08,-1.196826601619648603e-06,-2.599615427338347961e-06,-3.944596647655188148e-06,-5.132052168501439782e-06,-6.137977538147518389e-06,-6.947234954789930760e-06,-7.464220673510966237e-06,-7.477380858373973934e-06,-6.729160659207577706e-06,-5.077285013128905100e-06,-2.664490841513638859e-06,1.386455870370324660e-08,2.217695356875596647e-06,3.229906875372426240e-06,2.673110123539910085e-06,7.179046908882753081e-07,-1.939985113701556895e-06,-4.350369288256813900e-06,-5.717021008959660840e-06,-5.753195273951251390e-06,-4.805951820751263540e-06,-3.676865697743157780e-06,-3.216627977296471688e-06,-3.889271929469309087e-06,-5.525146119415790636e-06,-7.393730183139153056e-06,-8.568741865817971611e-06,-8.407776493671935522e-06,-6.904416688945819744e-06,-4.727950555059761334e-06,-2.918708156983823311e-06,-2.380148802151611364e-06,-3.414917695161247583e-06,-5.536439566545692298e-06,-7.656406878245858769e-06,-8.566190949649495043e-06,-7.487089847724767954e-06,-4.431074061103822999e-06,-2.058094918268823986e-07,3.931650743531226586e-06,6.803887350850569571e-06,7.778071761618846151e-06,6.962795769938999407e-06,5.070193518957324853e-06,3.037253444912228877e-06,1.604092351071079317e-06,1.047187291361389852e-06,1.169744245710508479e-06,1.514925269530449054e-06,1.662624367426975498e-06,1.447438966984980102e-06,9.985619423283172427e-07,6.100899473232726111e-07,5.407567595062215403e-07,8.676237269832206510e-07,1.470501823258615981e-06,2.136322397484558347e-06,2.699548477481408777e-06,3.119070918899556704e-06,3.441091580707337652e-06,3.679171191053203902e-06,3.704916249213768098e-06,3.244866675819481481e-06,2.016213409201673149e-06,-5.863526711352108046e-08,-2.684870385474924121e-06,-5.197323572823334390e-06,-6.773156258253104609e-06,-6.779591760637748927e-06,-5.091966498771156513e-06,-2.210426017026550544e-06,9.089315229278763019e-07,3.250514041471861781e-06,4.181770178842843900e-06,3.723698807587020552e-06,2.507354068509098302e-06,1.429527701056773483e-06,1.176856820149211388e-06,1.861791000637930025e-06,2.963036745827615180e-06,3.608839752724845759e-06,3.061361781939294939e-06,1.149008225998715382e-06,-1.587413670137951674e-06,-4.124686603491558078e-06,-5.456113982225779441e-06,-5.104852692525706710e-06,-3.379776623499992781e-06,-1.228572645968292657e-06,2.487601986177683814e-07,3.801257293095220599e-07,-7.097938309398927739e-07,-2.146877057282389174e-06,-2.763609907508761170e-06,-1.739657278239950538e-06,9.044180666515880029e-07,4.229348415498250479e-06,6.779240008729242538e-06,7.281626905277885634e-06,5.302903677141550404e-06,1.526177766347511911e-06,-2.502209001782292829e-06,-5.050312840848842788e-06,-4.983589547205350761e-06,-2.279572582099221035e-06,1.969266512164615352e-06,6.058183751546675809e-06,8.428685114850105429e-06,8.318049903455588628e-06,6.003182056652946034e-06,2.554584458572783817e-06,-7.389622821899243880e-07,-2.963141888904568046e-06,-3.892671593752910425e-06,-3.900640992077364620e-06,-3.561467670064509129e-06,-3.206871430225476857e-06,-2.704785107066435971e-06,-1.589760820656774497e-06,5.388009254271959857e-07,3.598144708127384739e-06,6.854049783523345872e-06,9.141096068598586491e-06,9.391632197080251090e-06,7.210012488470743628e-06,3.181475222548951105e-06,-1.275055858321802686e-06,-4.473044264023023037e-06,-5.188344193176398482e-06,-3.205482605329968415e-06,5.846347138199045051e-07,4.583095915437106174e-06,7.184047561400872111e-06,7.443364928480937265e-06,5.407565201809588993e-06,1.974503390442794647e-06,-1.608186705832496659e-06,-4.332442189228105822e-06,-5.812880480056066160e-06,-6.301177569173453888e-06,-6.374755010878659039e-06,-6.509679959844453254e-06,-6.789196504761654742e-06,-6.900457399960663673e-06,-6.394976618294151104e-06,-5.035671999642222589e-06,-3.010184018450792883e-06,-8.771506117794968224e-07,7.243935436629027857e-07,1.428662278224069372e-06,1.345826230900245209e-06,9.866252280705195579e-07,9.455448440446863124e-07,1.525118436347360355e-06,2.526167873962967493e-06,3.340096164621015400e-06,3.307314155085205451e-06,2.147201714409800503e-06,2.113338050542112856e-07,-1.602465120782971218e-06,-2.255835237212972765e-06,-1.096894797285774419e-06,1.766316892682860180e-06,5.449376618363556246e-06,8.651857793083050533e-06,1.021712208432400793e-05,9.610425744388131385e-06,7.081274530238125534e-06,3.448182494112308202e-06,-3.534348344134274325e-07,-3.698730560553522638e-06,-6.442846378107228291e-06,-8.759615666388123869e-06,-1.077866222021045676e-05,-1.227613012120457664e-05,-1.264863942576776981e-05,-1.123167499839518376e-05,-7.804568004157400927e-06,-2.980768832493614724e-06,1.795372501823516436e-06,4.733999853971000569e-06,4.491377581425024815e-06,8.942071152948075160e-07,-4.792491285682438251e-06,-1.025227356336822809e-05,-1.304461634721220940e-05,-1.167791446969795547e-05,-6.331099007262504548e-06,1.135472964089508242e-06,7.919147701695087354e-06,1.145211869167185398e-05,1.049271677128490238e-05,5.639590134644562606e-06,-9.588888198340623678e-07,-6.558819552409646713e-06,-8.999110760608687210e-06,-7.576115438342129812e-06,-3.244068741568538252e-06,1.908508220397330645e-06,5.629225827556729364e-06,6.461124346854102150e-06,4.273624756444474249e-06,1.756039546278518503e-07,-4.084945531549239611e-06,-6.912780106389938134e-06,-7.480297362859438320e-06,-5.925115996785585188e-06,-3.112567221323707255e-06,-1.449576321841932521e-07,2.116553725459276878e-06,3.307868895542745733e-06,3.534113130347974851e-06,3.147875780014568741e-06,2.499803076023550817e-06,1.801112966904344704e-06,1.138805648373204788e-06,5.802353577947176566e-07,2.560368432652979102e-07,3.415466564002895371e-07,9.403808704169580960e-07,1.953347244708689875e-06,3.039897020246431629e-06,3.731496186801096773e-06,3.664135074387742631e-06,2.815330912399039628e-06,1.609257604849885267e-06,8.084994849707137348e-07,1.215974988152235528e-06,3.311065169654822657e-06,6.986629279123598372e-06,1.151505200670791271e-05,1.577018347639751341e-05,1.861773132006981475e-05,1.931404145723803828e-05,1.775435627965735698e-05,1.448162884076159187e-05,1.046906016392962700e-05,6.775807268178807059e-06,4.210782582483411985e-06,3.116905735715939686e-06,3.327280501526716629e-06,4.278129048347365758e-06,5.218335348647264865e-06,5.442523821308130149e-06,4.486738670960032701e-06,2.247800065205350031e-06,-9.925982338830598825e-07,-4.642359053924795892e-06,-7.959096866445750261e-06,-1.026184773184167481e-05,-1.113789209614676777e-05,-1.057652341526980731e-05,-8.974001689632294485e-06,-6.994548697581875689e-06,-5.329344226935253201e-06,-4.444167498913826783e-06,-4.420352959048729163e-06,-4.960452356077217802e-06,-5.559728058045304648e-06,-5.768138561295492845e-06,-5.421941617569597688e-06,-4.733953985751559799e-06,-4.195141728746364390e-06,-4.328969744308036147e-06,-5.411680415961443381e-06,-7.291479112463422759e-06,-9.397243751475250275e-06,-1.094244017665203632e-05,-1.124204762568980962e-05,-1.000963916190706971e-05,-7.509886970117213944e-06,-4.502477267285181912e-06,-1.997563324253557714e-06,-9.136946054321648388e-07,-1.759673538393815690e-06,-4.445461731443723533e-06,-8.277388685702163288e-06,-1.213287884050589447e-05,-1.476073219391201835e-05,-1.512532190903009721e-05,-1.270692853400724108e-05,-7.680877954024084412e-06,-9.215915670193560816e-07,6.186237127683967093e-06,1.209912451762997209e-05,1.554607144117316759e-05,1.591590874170777120e-05,1.346902921219794377e-05,9.281482016900750057e-06,4.913398695080904638e-06,1.896154694205149821e-06,1.212391406423026026e-06,2.961288841463737827e-06,6.341935272038833335e-06,9.967938822154719358e-06,1.239399575126751904e-05,1.264739433168042845e-05,1.055514404197490437e-05,6.744185384237072742e-06,2.330934921586007395e-06,-1.554244432569977691e-06,-4.199634254284560241e-06,-5.524614819588638857e-06,-6.001825681862777761e-06,-6.350515701031894715e-06,-7.157861125631815445e-06,-8.602872575873274428e-06,-1.039522046858882950e-05,-1.193383248816138952e-05,-1.259100758261061419e-05,-1.198221868307855249e-05,-1.010541527448928094e-05,-7.307597880339893214e-06,-4.119698482670015684e-06,-1.052607020137969322e-06,1.552762818189242189e-06,3.572165498907231015e-06,5.050860202211897624e-06,6.113284006506857937e-06,6.886092832629029813e-06,7.465227690946433511e-06,7.920872016439766769e-06,8.310451968691368334e-06,8.672133914873723316e-06,8.994899804864419762e-06,9.188202103938460915e-06,9.084986065370489675e-06,8.497836992523409311e-06,7.316440268075933023e-06,5.604163291181748274e-06,3.641329372292998445e-06,1.880617738617809753e-06,8.183037839839631555e-07,8.247382912095042886e-07,1.998758580308161938e-06,4.103591418056155720e-06,6.610620498876519326e-06,8.837518305377527983e-06,1.013611980387954395e-05,1.007363974128573688e-05,8.558315538841620521e-06,5.879266820585887715e-06,2.651061312661380866e-06,-3.284875653172837785e-07,-2.282461914518235800e-06,-2.679085899107390321e-06,-1.418304506113771641e-06,1.083571522225512275e-06,3.961187291610689615e-06,6.128762783363299922e-06,6.619815238320898569e-06,4.931694004917703021e-06,1.244618689509073200e-06,-3.586740404772401223e-06,-8.292115184802137455e-06,-1.161612868362357847e-05,-1.276136980492773196e-05,-1.166674690358598166e-05,-9.002920149753071533e-06,-5.882524581421225379e-06,-3.405765577628352790e-06,-2.234982684006953361e-06,-2.378832387773459510e-06,-3.271460513813248351e-06,-4.097767094097567428e-06,-4.205650436856280446e-06,-3.412061005398634683e-06,-2.067082182244013707e-06,-8.597661842381471809e-07,-4.718145702320856993e-07,-1.250998034735575939e-06,-3.055690287805639555e-06,-5.329295049952353119e-06,-7.348559407334628055e-06,-8.511711922701023115e-06,-8.528277439165769588e-06,-7.439214847634042312e-06,-5.493389572299928935e-06,-2.979659280987508408e-06,-1.240461326235574392e-07,2.893754074375511083e-06,5.836115087682170798e-06,8.311595258735200587e-06,9.787190142522040909e-06,9.746685787653159392e-06,7.939527883388761435e-06,4.593154490817061746e-06,4.564869546418992444e-07,-3.387549462812800352e-06,-5.889368758871939378e-06,-6.430546660419025453e-06,-5.072692863937650854e-06,-2.535960611683568186e-06,9.336268506355713951e-08,1.801365533107574281e-06,2.038329486754774175e-06,8.943118670585131570e-07,-1.008151435707253508e-06,-2.839288914640397870e-06,-3.944297919066249249e-06,-4.105986551755423129e-06,-3.580040781685966292e-06,-2.910135940633208613e-06,-2.632630163132997559e-06,-3.021447940143409704e-06,-3.987839026928561636e-06,-5.161492631284448592e-06,-6.088086069918539009e-06,-6.430433348835983970e-06,-6.076109485486985224e-06,-5.118663999867761714e-06,-3.752562678483332041e-06,-2.162657446049506181e-06,-4.774004515944761193e-07,1.197603773535353204e-06,2.708394600601490886e-06,3.815474926180977941e-06,4.242934566677977760e-06,3.809412939195825901e-06,2.576062204581158941e-06,9.197582557064533720e-07,-5.344911246318836319e-07,-1.119884730427534109e-06,-3.951321131739145058e-07,1.647457355328598912e-06,4.537321362490288020e-06,7.479023039792989834e-06,9.647593352230133125e-06,1.050220766640275111e-05,9.983400023056607819e-06,8.510035906656723557e-06,6.781184718452960417e-06,5.472974262964612099e-06,4.962708382968722843e-06,5.194667662958691593e-06,5.735253866940560740e-06,5.982117527796520584e-06,5.430092527147672997e-06,3.880968587660294647e-06,1.516628162648560739e-06,-1.182874532627683686e-06,-3.631961107368091473e-06,-5.360238357730696422e-06,-6.176141852334936973e-06,-6.217393936027300713e-06,-5.877390537983969930e-06,-5.640263380334892854e-06,-5.885916499642386901e-06,-6.733649808913914291e-06,-7.979465828898445865e-06,-9.152513715305254501e-06,-9.677746530492579007e-06,-9.094383328264122866e-06,-7.254526987356255619e-06,-4.424052816393653974e-06,-1.234355648255622724e-06,1.515417433405153176e-06,3.146202969024365874e-06,3.372499537289821447e-06,2.449079631244593782e-06,1.117148785390032528e-06,3.512609751103038860e-07,9.914251284496625144e-07,3.400123097560087083e-06,7.284222884193019400e-06,1.176232679470262359e-05,1.566099960950595758e-05,1.792906160548762539e-05,1.800890279052201097e-05,1.602048367941526124e-05,1.269086245657830929e-05,9.066319390577312406e-06,6.130170261297930069e-06,4.480675768835837202e-06,4.188696407014267856e-06,4.872081941972879956e-06,5.931593927708379354e-06,6.831796144018142551e-06,7.303958488260069660e-06,7.394833101178969190e-06,7.360218535259130526e-06,7.470373230105698873e-06,7.826668953014732753e-06,8.274816618282934301e-06,8.450035829732840880e-06,7.928424716008680877e-06,6.413427017971497175e-06,3.874294553422059945e-06,5.770537327542650857e-07,-3.004455224588608262e-06,-6.359602300053275344e-06,-9.122579566795312593e-06,-1.118877031853536255e-05,-1.271639182560110393e-05,-1.401124041351457480e-05,-1.534291464912467836e-05,-1.677456139046066416e-05,-1.808942063508180175e-05,-1.886179356086173142e-05,-1.865796673514477408e-05,-1.728794158887888709e-05,-1.499095634013926210e-05,-1.244927441753484394e-05,-1.058895470108520185e-05,-1.022190081606276929e-05,-1.166966545418507553e-05,-1.454267430622840188e-05,-1.780358387470399264e-05,-2.012960358413775532e-05,-2.045052611196158872e-05,-1.844036429404918376e-05,-1.473402746132305950e-05,-1.074120272282699394e-05,-8.101672600863540349e-06,-7.994919451789551424e-06,-1.060115281275647471e-05,-1.496328323839154260e-05,-1.933219709278723094e-05,-2.186216142168321530e-05,-2.135875584099242982e-05,-1.774907498837264064e-05,-1.206419180776242206e-05,-5.945059097770339420e-06,-9.023454840793609056e-07,2.326844455331196986e-06,4.032275100465910697e-06,5.290121057210395375e-06,7.362143158704202288e-06,1.103710328911593100e-05,1.623561611286429552e-05,2.205995561703083958e-05,2.724397341436666942e-05,3.076010854090713471e-05,3.227024033933351214e-05,3.219854352769964005e-05,3.140796578704704200e-05,3.067040965040240878e-05,3.022531599702484815e-05,2.966820643820733316e-05,2.822900643653105694e-05,2.528652519821379471e-05,2.083394863700499734e-05,1.563106272478901292e-05,1.094209484989327933e-05,7.977994356859735011e-06,7.322590883437810214e-06,8.637976611598640638e-06,1.080611177887528904e-05,1.244255409734488971e-05,1.252934190775383658e-05,1.085539118065187830e-05,8.053877121204110797e-06,5.233010402627158396e-06,3.400879390607175988e-06,2.981071500726545568e-06,3.656435898642102894e-06,4.598731254913330840e-06,4.939502562012350239e-06,4.219461493103073720e-06,2.579590459906592125e-06,6.085613142812521482e-07,-1.047477404376560474e-06,-2.080022853098579587e-06,-2.691096643839286145e-06,-3.448582238505187443e-06,-4.911835997560844397e-06,-7.247463321580661306e-06,-1.006291047581100930e-05,-1.256470286983585580e-05,-1.396557287618829969e-05,-1.392143184213910940e-05,-1.275501212619755011e-05,-1.133287369928329858e-05,-1.064783947865446275e-05,-1.131961180917083973e-05,-1.327482443236133499e-05,-1.577679929749045809e-05,-1.779263654948065905e-05,-1.850823177890577041e-05,-1.772474690373984716e-05,-1.593376267882543716e-05,-1.403837566193793974e-05,-1.287299558283247975e-05,-1.277715986108130862e-05,-1.344497744696294321e-05,-1.412156329325904827e-05,-1.403247023884763068e-05,-1.281067189281832543e-05,-1.069169246654359021e-05,-8.375836020600483818e-06,-6.636949885777036205e-06,-5.892893262978357210e-06,-5.972205452558542049e-06,-6.205510001633273478e-06,-5.796484867346376079e-06,-4.278117313222587741e-06,-1.813326260945216385e-06,8.221907774025464180e-07,2.575456041692625875e-06,2.610452427496886622e-06,7.237137169349352141e-07,-2.515224712447279492e-06,-5.960364669702531866e-06,-8.326736175103722443e-06,-8.669431989863225944e-06,-6.701348800538185780e-06,-2.836082716989557491e-06,2.027285069007081616e-06,6.855430985725975525e-06,1.081111099944752849e-05,1.344590237554004462e-05,1.472118525090196160e-05,1.489989778770170070e-05,1.438725512044128735e-05,1.358736254342074911e-05,1.280573381645234769e-05,1.219569059791173997e-05,1.173836150930922309e-05,1.125799425826001345e-05,1.048609400893885866e-05,9.179342960336631563e-06,7.264364658514693406e-06,4.946216432326784110e-06,2.706857487684514770e-06,1.154620120682569282e-06,7.588351075028853893e-07,1.579912279078609183e-06,3.138057196514131446e-06,4.523335964249161492e-06,4.743539161507658666e-06,3.181254746899345165e-06,-4.699068749548397603e-08,-4.019596141742372602e-06,-7.300383296823043267e-06,-8.497180028365699394e-06,-6.857145720402468341e-06,-2.630962384578013815e-06,2.971731120914429753e-06,8.233192311540373946e-06,1.159606196393799921e-05,1.225852778369446634e-05,1.043781684287408733e-05,7.196840082345498587e-06,3.929153193810248362e-06,1.748739723928301816e-06,1.062327921277272992e-06,1.501820606408710932e-06,2.215994963944059813e-06,2.353180588120400302e-06,1.490168945326557506e-06,-1.913895165150037741e-07,-2.041814420277398086e-06,-3.297986701050619487e-06,-3.463766952808505820e-06,-2.530068266747089419e-06,-9.446446929297624902e-07,6.277013952655228265e-07,1.617104820590165609e-06,1.777400236133302369e-06,1.237054578996783462e-06,3.770824480157900426e-07,-3.768028664849695671e-07,-7.351171736569997255e-07,-6.222655087093267614e-07
-6.578923908529090376e-06,-6.917729636989249987e-06,-6.373853019118156029e-06,-5.212859248772711814e-06,-3.879250320452637104e-06,-2.807461500790418439e-06,-2.261220510740977770e-06,-2.264739024137661273e-06,-2.638800754534842464e-06,-3.106662999502132539e-06,-3.412571296347556048e-06,-3.405941721480443771e-06,-3.074301425638215107e-06,-2.536024721872267481e-06,-2.013057708239375056e-06,-1.792898241849723646e-06,-2.172002658259021644e-06,-3.368241366466744505e-06,-5.407610819245127179e-06,-8.022216607180114600e-06,-1.062027771593022210e-05,-1.238147328562786437e-05,-1.248471297351427227e-05,-1.040683925514335422e-05,-6.175035100763366438e-06,-4.485904992325890855e-07,5.637854405658231355e-06,1.083561919527139140e-05,1.421288619796007089e-05,1.547266030416565773e-05,1.501200341203152286e-05,1.368800213284095355e-05,1.239216452174779887e-05,1.162960892704560880e-05,1.130241269244799601e-05,1.080149069483766155e-05,9.361764586589285011e-06,6.504459661163884186e-06,2.344785017721083540e-06,-2.391734595073637798e-06,-6.656099916462091848e-06,-9.525349225170155618e-06,-1.059225744413839968e-05,-1.010385133079317711e-05,-8.786334433904794582e-06,-7.454532284630821179e-06,-6.612618124393276663e-06,-6.252727182851566270e-06,-5.949041527683469720e-06,-5.184589296683530614e-06,-3.721728980668934497e-06,-1.803169254174546186e-06,-6.258019521552175094e-08,8.157926939884997872e-07,5.063465313751640681e-07,-7.091514087461865209e-07,-2.005997973456730854e-06,-2.384096604507957330e-06,-1.164620068996454632e-06,1.635720621550946454e-06,5.251744292636561559e-06,8.478826472040663857e-06,1.020112800839426715e-05,9.883074545517211623e-06,7.784830663296648241e-06,4.801399500871566178e-06,2.014460230999051950e-06,1.879660625824624613e-07,-5.402687196545448871e-07,-6.278231183806449078e-07,-7.949943956784132598e-07,-1.583196589735548751e-06,-3.046725469052649391e-06,-4.738785900360989713e-06,-5.986670815047566310e-06,-6.291574367029369083e-06,-5.622594373895873699e-06,-4.437427160043056715e-06,-3.418684898113410555e-06,-3.077649619824353297e-06,-3.455460556677970100e-06,-4.100118234919185546e-06,-4.342792397444521625e-06,-3.723454317629741252e-06,-2.321100404012523258e-06,-7.841630701908178035e-07,-1.531374956153473528e-08,-6.587939266988809944e-07,-2.661909017177047540e-06,-5.163836717281673717e-06,-6.807167984544810460e-06,-6.348702765602342556e-06,-3.279958119790220068e-06,1.855256652344749539e-06,7.621290555145149183e-06,1.227201822893023534e-05,1.448613338288214189e-05,1.390956987964978215e-05,1.125081768194141360e-05,7.894012463232265048e-06,5.229519350812994680e-06,4.033619139138315276e-06,4.192589737041303691e-06,4.883535943362460182e-06,5.091203514931111446e-06,4.177139233645165208e-06,2.206413788011030273e-06,-1.215305848382871778e-07,-1.876334792221867085e-06,-2.399618189200272984e-06,-1.631148981290117732e-06,-9.055655354849326138e-08,1.457775519900037800e-06,2.454874734390897266e-06,2.852296711248623464e-06,3.099426708931686509e-06,3.823043092555493213e-06,5.385430796882170884e-06,7.579022868248468785e-06,9.642711136890854803e-06,1.060734547844394191e-05,9.793243102442604752e-06,7.192881427850646237e-06,3.527796218142273547e-06,-5.916718572062312574e-08,-2.520003409700395865e-06,-3.358343944047531943e-06,-2.792607774814127188e-06,-1.551775190975956349e-06,-4.298380955240921743e-07,1.460669081184427783e-07,2.923754014489825403e-07,4.983878141748433922e-07,1.218110237041127479e-06,2.476265504578291549e-06,3.739197277495607759e-06,4.154164489498893308e-06,3.045586771046487798e-06,3.938028370084160270e-07,-2.993750704218016476e-06,-5.760098994728900305e-06,-6.626201064298502693e-06,-5.065981087777910794e-06,-1.673344735403869225e-06,1.999685219725866528e-06,4.093967937668219368e-06,3.289250828666870239e-06,-5.629795400886784749e-07,-6.336787869233279629e-06,-1.212055453193272300e-05,-1.606606041874739942e-05,-1.718694900720445950e-05,-1.572213807354995492e-05,-1.290056195294600264e-05,-1.024611564061238959e-05,-8.790423833263155451e-06,-8.598555372734464423e-06,-8.840837023187186089e-06,-8.353281988716046520e-06,-6.372248851161105689e-06,-3.040040946280073767e-06,5.969733537570626608e-07,3.104056491293201189e-06,3.418410764894453069e-06,1.451159787777715265e-06,-1.793448121590993332e-06,-4.656572396800918617e-06,-5.606393326020985187e-06,-3.969902109199821657e-06,-2.475918619216711445e-07,4.141340512347874793e-06,7.544847229299662753e-06,8.841534646359674402e-06,7.899651429167964763e-06,5.518344728170137372e-06,2.912536537193258975e-06,1.037031221995443335e-06,1.172567563845121192e-07,-3.709466013065446926e-07,-1.281422765816680177e-06,-3.187885205444854521e-06,-5.936372419878796298e-06,-8.621418425836482703e-06,-1.001397059908253652e-05,-9.218999720350701282e-06,-6.208424715196784078e-06,-1.931865971570641011e-06,2.075228575369014616e-06,4.403146398853947483e-06,4.444652482290164036e-06,2.692679026759204533e-06,5.020914442541019583e-07,-5.731545396360340967e-07,4.558833979798014086e-07,3.520295315628366352e-06,7.508197448693481563e-06,1.077391638042792529e-05,1.189103679714225127e-05,1.029084200232340259e-05,6.496341267719677143e-06,1.865635706806483055e-06,-2.009281126051672727e-06,-3.955055828529967240e-06,-3.630263040318395416e-06,-1.547574075612951679e-06,1.251804752727832865e-06,3.676450832669284588e-06,4.981757134562312174e-06,4.930536888806990773e-06,3.704260680889392148e-06,1.676709656495312528e-06,-7.931909669765721652e-07,-3.440243660960870035e-06,-6.036285281703288482e-06,-8.282590083107224031e-06,-9.765556331198181386e-06,-1.004401597485675818e-05,-8.846067517090652543e-06,-6.272897003805136093e-06,-2.883559354583723815e-06,4.177354779053347391e-07,2.676187439418803329e-06,3.254745894901909015e-06,2.123131209544763812e-06,-6.237999776446971678e-08,-2.138914821214673140e-06,-2.827210343945920387e-06,-1.202460629500555114e-06,2.916241292460638534e-06,8.797768234966969885e-06,1.492652318068421793e-05,1.941195134584524891e-05,2.057796194901528904e-05,1.756284411144327546e-05,1.073319307162913791e-05,1.744433599715705561e-06,-6.828776929534644878e-06,-1.223102939220290354e-05,-1.242631940073082342e-05,-6.855605124030319978e-06,3.247449975637973934e-06,1.515328083205429583e-05,2.549549196987649792e-05,3.140948019201092066e-05,3.152610202072221558e-05,2.642118363661772240e-05,1.832274521109607696e-05,1.018124416665520322e-05,4.483968828756901627e-06,2.313938178236663323e-06,3.051720718908518139e-06,4.832485398689436192e-06,5.528000871870438729e-06,3.785073429115321891e-06,-3.657960282090360294e-07,-5.603232146506058481e-06,-1.003664633568315390e-05,-1.217869998933643707e-05,-1.167575293362988708e-05,-9.436709029744260149e-06,-7.113989618268810374e-06,-6.223400944233784936e-06,-7.370980695075454739e-06,-9.990738869114037084e-06,-1.272124503129731263e-05,-1.420629217668825009e-05,-1.387683167147880323e-05,-1.228048384588455750e-05,-1.076887833522879398e-05,-1.070405529287943425e-05,-1.261581556686442964e-05,-1.578426006659308442e-05,-1.850703964724266344e-05,-1.894743201819346990e-05,-1.613803059269834766e-05,-1.060894028178013692e-05,-4.282285601593189273e-06,3.562356544504557510e-07,1.421449124864646321e-06,-1.446215888312430699e-06,-6.865445973038069215e-06,-1.233205711715992769e-05,-1.537802276546613862e-05,-1.470737648882775728e-05,-1.075673965084947781e-05,-5.418190075360218291e-06,-1.081574231650026595e-06,5.124770255518639368e-07,-9.620294249043261177e-07,-4.391910371076247226e-06,-7.911868995688702035e-06,-9.912159978974213276e-06,-9.827651630418092951e-06,-8.306497556445913754e-06,-6.701054738535764455e-06,-6.189049981696208030e-06,-7.025160881949464604e-06,-8.342542964209682751e-06,-8.617049459188713635e-06,-6.540713493109697160e-06,-1.822816039484449686e-06,4.530720621641823795e-06,1.063262900411455044e-05,1.462428881551862608e-05,1.560959880500379748e-05,1.411853952520318597e-05,1.184496702028982958e-05,1.078018978360266016e-05,1.218197422781473749e-05,1.591068420592449005e-05,2.048070515480753507e-05,2.380985866590949566e-05,2.429028540227509889e-05,2.163613049493070552e-05,1.707264330043826392e-05,1.276209583535148775e-05,1.074583850271086626e-05,1.192488041768010178e-05,1.558274810239822334e-05,1.968618645647610417e-05,2.181812524762313519e-05,2.029325894027784701e-05,1.492697600045684272e-05,7.106070812521867194e-06,-8.495865140731661568e-07,-6.711852296769026952e-06,-9.266884539524144923e-06,-8.719740693897804783e-06,-6.430313850209490865e-06,-4.150455868720342133e-06,-3.152969445161951582e-06,-3.666426542644990276e-06,-4.858034183224457721e-06,-5.334550964704812016e-06,-3.893084955727962771e-06,-1.570861465172700852e-07,5.189549535198662094e-06,1.065640424577954665e-05,1.455242993961077944e-05,1.566517734565063972e-05,1.372570191661066703e-05,9.484605004648216257e-06,4.397270577636216309e-06,6.957658435583747044e-08,-2.309374109380149090e-06,-2.340980063902987844e-06,-4.832738248211763272e-07,2.184922684602019510e-06,4.394609747373873697e-06,5.150619313521362692e-06,4.069645740090688722e-06,1.483153389125177336e-06,-1.723266125961775336e-06,-4.473963605730656413e-06,-5.939014931795006775e-06,-5.878883965802835524e-06,-4.760074571555755831e-06,-3.583831809028725827e-06,-3.481617179164956280e-06,-5.232523003330137014e-06,-8.903362782625025664e-06,-1.377401901512537169e-05,-1.859610689333334986e-05,-2.208717280490566634e-05,-2.345124615188195469e-05,-2.269554217352271695e-05,-2.059909859356017945e-05,-1.834707057226561051e-05,-1.700095589151840844e-05,-1.705313506817861721e-05,-1.827231765074852283e-05,-1.990226650709874516e-05,-2.109991397319770846e-05,-2.137986431498495955e-05,-2.083260223218468693e-05,-2.000539539220667958e-05,-1.951633287391148024e-05,-1.961853258944951936e-05,-1.996448544295918387e-05,-1.971902958536224176e-05,-1.798360206999346700e-05,-1.432063164668453346e-05,-9.098353436255861618e-06,-3.453431817569184489e-06,1.143443656788648979e-06,3.529522380083473529e-06,3.394668215344977335e-06,1.459432072479660820e-06,-8.108162773323048936e-07,-1.829257418209677197e-06,-5.584882031682018040e-07,3.082367075433752459e-06,8.254345651749960013e-06,1.364234293865168293e-05,1.807573358756531273e-05,2.102156048150105529e-05,2.272410870417506060e-05,2.395097203022587772e-05,2.550256769575259705e-05,2.774998518189989097e-05,3.043462195590283640e-05,3.281502306227111076e-05,3.406321606068985630e-05,3.369046399070155717e-05,3.178065383152678630e-05,2.892284123249233191e-05,2.589742639956305769e-05,2.329497480868204177e-05,2.126949323022200779e-05,1.954281516885270073e-05,1.763517695378888825e-05,1.517812865943228102e-05,1.213244941865308145e-05,8.799119133158365527e-06,5.634476918692987648e-06,2.990507019667307956e-06,9.370926626990170669e-07,-7.321515919709371409e-07,-2.320870154442306237e-06,-3.991640006740838411e-06,-5.617998436645068190e-06,-6.824724089333374902e-06,-7.204671400657618000e-06,-6.595225837480437508e-06,-5.256208158904124572e-06,-3.837733033478693456e-06,-3.136330558228255937e-06,-3.751054419681760201e-06,-5.806989163150222374e-06,-8.881835526815181695e-06,-1.216973158421670908e-05,-1.479976099782074870e-05,-1.615602839130223084e-05,-1.605658134607989768e-05,-1.473022504333755821e-05,-1.263611639515954490e-05,-1.024309281281661768e-05,-7.887637435374863788e-06,-5.765508558110608129e-06,-4.023293858315153473e-06,-2.855656232706977829e-06,-2.516579300934384121e-06,-3.215302156488323955e-06,-4.951134431415563660e-06,-7.394486894886853863e-06,-9.910045179588416501e-06,-1.174533136850501490e-05,-1.231351519146291672e-05,-1.143714193386661265e-05,-9.427124813345527643e-06,-6.948496494821820837e-06,-4.731674248144153700e-06,-3.268028768632568916e-06,-2.637397099787259212e-06,-2.546731599213760270e-06,-2.549027526443960224e-06,-2.318599042066137433e-06,-1.832495684361449544e-06,-1.362329564640778258e-06,-1.286374619713052264e-06,-1.831193315869627481e-06,-2.891275212443824971e-06,-4.032873662743591937e-06,-4.687268276330156194e-06,-4.433828947227132610e-06,-3.221575293549780126e-06,-1.407915279226003793e-06,4.106048361323536134e-07,1.689672615589643535e-06,2.198466690370763132e-06,2.112786215736091526e-06,1.889945839800922220e-06,1.990823768664404907e-06,2.596702207166128695e-06,3.474093932430603517e-06,4.066253974410007616e-06,3.773773340728291675e-06,2.288164035447826791e-06,-1.883181932362199043e-07,-2.951216245059152298e-06,-5.037255974608630227e-06,-5.598872655789988133e-06,-4.247014251138998404e-06,-1.217095116185063177e-06,2.704948483649852929e-06,6.455496307170424418e-06,9.047119657772178744e-06,9.867409982789873219e-06,8.827264915103546450e-06,6.335148343739161870e-06,3.139558933113488840e-06,1.138115187390926127e-07,-1.949682415682588698e-06,-2.497974011437158692e-06,-1.319238431195877189e-06,1.412099468076865038e-06,5.153187255977935210e-06,9.088170065481672712e-06,1.230802339926085778e-05,1.405171756984523995e-05,1.394575595697908396e-05,1.215374787434721068e-05,9.359241008324228753e-06,6.558828956013615419e-06,4.720229306488889986e-06,4.426456889472979482e-06,5.647677830576768016e-06,7.741219575043603625e-06,9.690968340576367780e-06,1.049781207965093379e-05,9.567604815972463161e-06,6.942429210178558451e-06,3.285504328102345464e-06,-3.689597659862940420e-07,-2.996862658794004360e-06,-3.946605131718933316e-06,-3.150765645893559376e-06,-1.123195408057559665e-06,1.236919184533262607e-06,2.946363608416737655e-06,3.233278658771848087e-06,1.735693811069387517e-06,-1.440302107772806728e-06,-5.795777082504505672e-06,-1.060548281177648436e-05,-1.511997745919930828e-05,-1.875054115745362806e-05,-2.119483600163434760e-05,-2.247469417087717797e-05,-2.287436560002722327e-05,-2.279122598634374252e-05,-2.254035782788298676e-05,-2.218036764421027276e-05,-2.143529738632598067e-05,-1.976430836153978272e-05,-1.657738795053612061e-05,-1.152925236376595154e-05,-4.774544906261275610e-06,2.936627418695932973e-06,1.039215666741463855e-05,1.625809692881513888e-05,1.950963787415201648e-05,1.978551546131494273e-05,1.751759152794228527e-05,1.377410275661216788e-05,9.873927877603148269e-06,6.927045222789360861e-06,5.487435465102998758e-06,5.453248541456284313e-06,6.237937934064295506e-06,7.116622394519277252e-06,7.579642248613121593e-06,7.532932769838266244e-06,7.266686882546271751e-06,7.228593555358151937e-06,7.729576960415551754e-06,8.735117811456520202e-06,9.844444751546610215e-06,1.046132686038812800e-05,1.006467002853732771e-05,8.441989792527764257e-06,5.774396109964244842e-06,2.541854269104243274e-06,-6.909856847963806775e-07,-3.492478183493851730e-06,-5.676629472154398192e-06,-7.265970142871574753e-06,-8.344489330444853601e-06,-8.900156628941353177e-06,-8.759905562287466290e-06,-7.665862949148018914e-06,-5.459475480473523588e-06,-2.274148210795958697e-06,1.377240596161035794e-06,4.687349765608486443e-06,6.795294577275986306e-06,7.087372927139231727e-06,5.426786497059732667e-06,2.209420758108430902e-06,-1.780146160699068423e-06,-5.649333749694853934e-06,-8.693732608228264366e-06,-1.058680496804711052e-05,-1.139602394178006075e-05,-1.144050769953520122e-05,-1.107460746008970776e-05,-1.050678218764925987e-05,-9.734791949448828223e-06,-8.614077130902416280e-06,-7.009427658371806304e-06,-4.942762983363004021e-06,-2.657541194352855400e-06,-5.657275260292024631e-07,8.982852624503337988e-07,1.449561795129533431e-06,1.074361906585298203e-06,5.177616372428465375e-08,-1.129634401794950917e-06,-1.923349893311365403e-06,-1.886840380852982112e-06,-8.013270853654877850e-07,1.279850958148023451e-06,4.055858538960950137e-06,7.057920419291329641e-06,9.758489175015953071e-06,1.168626515287568557e-05,1.252684351829860089e-05,1.219006226467155471e-05,1.082582713189932116e-05,8.776101681208714199e-06,6.466472874211184276e-06,4.264278596166062346e-06,2.351829984125529864e-06,6.692331853841037963e-07,-1.037468108884291548e-06,-3.068255860067510105e-06,-5.574514056561229534e-06,-8.402748676612747022e-06,-1.105783683616031839e-05,-1.282365484558110540e-05,-1.301126087560379971e-05,-1.124235495711614273e-05,-7.649065980974226807e-06,-2.896502970513579055e-06,1.995507347289913826e-06,5.969959376986441478e-06,8.266273039510627972e-06,8.637931408950195978e-06,7.371681315924560348e-06,5.111839142618405014e-06,2.576150450639559891e-06,2.910977415676747750e-07,-1.543949826567384446e-06,-3.022282562524678794e-06,-4.366658571747259042e-06,-5.736057053291503825e-06,-7.105167852368116309e-06,-8.270918108257493696e-06,-8.966704302661103912e-06,-9.006284313038896407e-06,-8.367044892124930904e-06,-7.162788770889300715e-06,-5.526468907096045403e-06,-3.483414090168623556e-06,-9.097286459616114007e-07,2.372951799926203573e-06,6.396058669849639635e-06,1.084099717136429284e-05,1.496502612122122221e-05,1.774202159325100509e-05,1.820401079692468162e-05,1.586038064364821059e-05,1.100951454792082449e-05,4.779485385361302293e-06,-1.161507739719395491e-06,-5.140866625633213603e-06,-6.062008706282410706e-06,-3.793825961057858324e-06,7.965887474700534918e-07,6.187097035344826225e-06,1.077953581487977457e-05,1.347477513302685819e-05,1.400937634355320857e-05,1.292786040746737709e-05,1.122650238697432588e-05,9.845937648065319182e-06,9.246957482658191475e-06,9.252933520745192908e-06,9.210172485540766546e-06,8.368097226529597475e-06,6.284617517639193776e-06,3.061447459200849645e-06,-6.942824419970511720e-07,-4.149371651040877179e-06,-6.617974859184411313e-06,-7.844289439396442683e-06,-8.063142687829581828e-06,-7.822296160094345169e-06,-7.668509133409272266e-06,-7.862508251689084247e-06,-8.266799972179074299e-06,-8.457971001693860913e-06,-7.999679810975610076e-06,-6.731966416960262854e-06,-4.925972910818934454e-06,-3.222127266086294495e-06,-2.378291237348367748e-06,-2.947646446530704767e-06,-5.038455854102528543e-06,-8.264963683476092801e-06,-1.190397872640164522e-05,-1.517361500822391495e-05,-1.749797289254093508e-05,-1.863879185067864538e-05,-1.865092810426752424e-05,-1.771218336081263007e-05,-1.594071482370148875e-05,-1.331309090964258081e-05,-9.734138171814449476e-06,-5.219324399014334593e-06,-7.972654223716969117e-08,5.013046720782176667e-06,9.150586359169618630e-06,1.147365300313940026e-05,1.150537647296057283e-05,9.379982953836858679e-06,5.851195852022704479e-06,2.058035567045298883e-06,-8.662769682539035904e-07,-2.185068822295051042e-06,-1.789971567740354124e-06,-1.842019393949194115e-07,1.765039920303401070e-06,3.191974637154988289e-06,3.560877367649500448e-06,2.831358704122364312e-06,1.413680531423408170e-06,-4.087790510291645853e-08,-9.086879317254983620e-07,-8.092497928090194951e-07,3.011876872287074054e-07,2.161463729041191643e-06,4.315073077067094377e-06,6.235259960631850855e-06,7.425498935527825558e-06,7.492518318548624517e-06,6.213392704600399282e-06,3.612349916929666024e-06,3.125315179245788704e-08,-3.855786275304501435e-06,-7.139524269739812813e-06,-8.904108072274722924e-06,-8.538523401944571483e-06,-6.016361892784919118e-06,-2.006121833763408824e-06,2.281252103796564264e-06,5.497028417622421103e-06,6.679903332216997139e-06,5.690223908188763062e-06,3.349273014797003371e-06,1.183739650181157304e-06,8.388644736444474505e-07,3.376690143234175949e-06,8.746942968045367156e-06,1.566820147695975951e-05,2.199996275410314537e-05,2.548527904430654246e-05,2.458471141347199647e-05,1.907562194905249725e-05,1.017873108897769176e-05,1.604076699261253434e-07,-8.434285870944577753e-06,-1.362253226168668839e-05,-1.458569058096590141e-05,-1.182655530859121085e-05,-6.858606230737158175e-06,-1.582682171494505374e-06,2.390086196421422292e-06,4.217286987249425543e-06,3.958414011205747034e-06,2.363697679971493501e-06,4.500032393052581570e-07,-9.430044835089708449e-07,-1.444705458707405507e-06,-1.206075687817204029e-06,-7.308436385475629267e-07,-5.855305509571214085e-07,-1.120667465636611280e-06,-2.313328158169153980e-06,-3.781499891357568449e-06,-4.950622299037068892e-06,-5.297464258507848177e-06,-4.572774600518860039e-06,-2.916240546659823037e-06,-8.188248268737877063e-07,1.055625345410649023e-06,2.123867927843882325e-06,2.114054921708747266e-06,1.178881302040942598e-06,-1.630712955281609121e-07,-1.244687542767318506e-06,-1.544005861524584591e-06,-9.304945626865907137e-07,2.508163768268770586e-07,1.309750860053523782e-06,1.514552256824485669e-06,4.421583518970925255e-07,-1.785893747752297394e-06,-4.504674004234256678e-06,-6.765951930474614589e-06,-7.757573824191027928e-06,-7.197441072016676198e-06,-5.513117930464611361e-06,-3.703652054646926218e-06,-2.921620063263534127e-06,-3.947098430496283694e-06,-6.787083995572945219e-06,-1.059048907931182116e-05,-1.393544289703713444e-05,-1.538083215234828209e-05,-1.405311122100788176e-05,-1.001884968571222451e-05,-4.283707397487874675e-06,1.581254594968490950e-06,6.027447036681429574e-06,8.087433805164506904e-06,7.683672147497212245e-06,5.581488291120077754e-06,3.031879833048170067e-06,1.269466041345336851e-06,1.070695280658723338e-06,2.529297258263177454e-06,5.101671731854160572e-06,7.866422436139407484e-06,9.874984652340910559e-06,1.046310052114560954e-05,9.434185418832245092e-06,7.085464674837658557e-06,4.097093492301657043e-06,1.329846863682909953e-06,-4.170481244947818187e-07,-6.365684729851285977e-07,7.202686557564306190e-07,3.196487395852115917e-06,5.936497897991209107e-06,7.944789153918977044e-06,8.431391987325886732e-06,7.124703328628322212e-06,4.416848581147585905e-06,1.252785186707575263e-06,-1.225265745663519325e-06,-2.151275743265883901e-06,-1.326389188869134234e-06,6.600001123024645763e-07,2.660338812188084873e-06,3.472925853684997134e-06,2.404882364948591375e-06,-3.670143989684919872e-07,-3.821838325613297158e-06,-6.518478571583231119e-06,-7.240651048406181380e-06,-5.570462874079717734e-06,-2.117901581597016135e-06,1.714573277121786194e-06,4.337547917622717070e-06,4.678167647117608416e-06,2.657183351119833570e-06,-7.841834727065513880e-07,-4.122994403200769129e-06,-5.956786330504256971e-06,-5.643629456059041344e-06,-3.584054558042347656e-06,-1.016975129779583347e-06,5.718167694816616063e-07,1.520799635279164284e-07,-2.361249997177304259e-06,-6.052404091212849615e-06,-9.403097129761747616e-06,-1.096017459137849112e-05,-9.972818014888523120e-06,-6.721981020946921370e-06,-2.408197795105205118e-06,1.341321235547969783e-06,3.127243412182179243e-06,2.319325539288613739e-06,-7.281642049921085486e-07,-4.853856552100747119e-06,-8.565295560811168681e-06,-1.060891277901427596e-05,-1.040868660247411258e-05,-8.216374558932754425e-06,-4.938089801682413737e-06,-1.726689511740836706e-06,4.888242040615056124e-07,1.352337221053686618e-06,1.178131926624687620e-06,7.666503781222126606e-07,1.017055413774027720e-06,2.494742987843465449e-06,5.133300214684191475e-06,8.202823754064449076e-06,1.057332571887691920e-05,1.117916409178784559e-05,9.496601311595607357e-06,5.824945510112965438e-06,1.230277213865777288e-06,-2.850414702624496668e-06,-5.192904535153494982e-06,-5.306150333501495439e-06,-3.646773172810215869e-06,-1.408610221987458377e-06,4.011601080634626547e-08,-1.738080912678896837e-07,-1.967334326656452649e-06,-4.284248575371043753e-06,-5.559193742740950991e-06,-4.467324822499165864e-06,-6.124055943266142312e-07,5.185002458064868890e-06,1.116201676341144705e-05,1.534810388088280755e-05,1.642929079782020905e-05,1.433524208413576686e-05,1.026323439813688296e-05,6.118335914493410225e-06,3.632002830222010737e-06,3.581374119661779172e-06,5.485620309286167035e-06,7.922192540986477206e-06,9.298488761341198625e-06,8.687067659240177791e-06,6.301291555095636044e-06,3.371436137354514346e-06,1.487792370121959646e-06,1.751413638694706141e-06,4.173696723562508256e-06,7.639321485413381484e-06,1.045636810743485823e-05,1.121167480825837792e-05,9.487470980131282888e-06,6.063189286559613621e-06,2.491759545549832496e-06,2.667977872845512419e-07,1.586307608655923216e-08,1.149164820304403116e-06,2.161813250897258815e-06,1.447517067671505998e-06,-1.792102278964551111e-06,-7.021753677453336101e-06,-1.252499875476347216e-05,-1.618760637204708620e-05,-1.653732218133138548e-05,-1.352178859173949415e-05,-8.622413711082827219e-06,-4.223459498049846751e-06,-2.523361297783483829e-06,-4.505588832269025968e-06,-9.463612048640937960e-06,-1.530940603492838875e-05,-1.951857163061849625e-05,-2.026285657710325070e-05,-1.719923729106733517e-05,-1.155946456732074336e-05,-5.524321561331795044e-06,-1.203372175536275151e-06,2.885901190438648985e-07,-7.617639184391296580e-07,-2.929537705744433487e-06,-4.413672964253270005e-06,-3.905108366786969161e-06,-1.149781284667362504e-06,3.025273738678464382e-06,7.178970857604743256e-06,9.943276114932712568e-06,1.058278402043955650e-05,9.182410365024694154e-06,6.431545846291333418e-06,3.177282108710121457e-06,1.177169196661995245e-08,-2.897146291737291853e-06,-5.683076459985721997e-06,-8.485877072202843409e-06,-1.118946754788121019e-05,-1.336002096753440613e-05,-1.442120442132962704e-05,-1.395926196697226233e-05,-1.197575369109928879e-05,-8.938602707182696571e-06,-5.599212492006355820e-06,-2.674932222723583187e-06,-5.671148084519802462e-07,7.422265513835411032e-07,1.578122661037934917e-06,2.328820324715813649e-06,3.220890331843248954e-06,4.239217747521251481e-06,5.220200614965957553e-06,6.036099689798246962e-06,6.732418300014428370e-06,7.512741893710766849e-06,8.567655075179467567e-06,9.854423727667325835e-06,1.098326221897211801e-05,1.131905614269161523e-05,1.028524148653092718e-05,7.726570297398918630e-06,4.126869752449717534e-06,5.293403557910706629e-07,-1.847970958021677510e-06,-2.143129785227925358e-06,-2.729424471071287468e-07,2.976250210685557769e-06,6.261548403770965610e-06,8.272689876826055036e-06,8.324259249317558532e-06,6.664052400752462127e-06,4.341516768266969231e-06,2.693357521943424323e-06,2.692748291869852454e-06,4.477835216125310462e-06,7.287931606549503957e-06,9.834854368658434411e-06,1.092305721921648511e-05,1.001284482842677296e-05,7.454919421708507079e-06,4.292580363007591335e-06,1.743291242279148490e-06,6.249409716595772617e-07,1.008573947661890612e-06,2.254751818032754679e-06,3.392830507304871894e-06,3.634051746892257459e-06,2.754402199555238439e-06,1.164330192332832762e-06,-3.484011187145265560e-07,-1.050259337723055818e-06,-6.372782576617276849e-07,6.314812817953916533e-07,2.090857822861331562e-06,3.013360304139666650e-06,2.949768270833282215e-06,1.896380214838884252e-06,2.262158167675725083e-07,-1.548022366352689558e-06,-3.030720346805218273e-06,-4.080849331216957615e-06,-4.778060093126927058e-06,-5.273341457841754146e-06,-5.644114483267863168e-06,-5.857101175598956404e-06,-5.858858218941559901e-06,-5.717987500220121107e-06,-5.697188448891463086e-06,-6.169956187277265859e-06,-7.397532542169202028e-06,-9.286606462855488973e-06,-1.128977842630364880e-05,-1.255459225134161939e-05,-1.229491344918881951e-05,-1.022032662442388178e-05,-6.795701772429858289e-06,-3.160029973874651319e-06,-6.930881983019575535e-07,-4.035553336629503537e-07,-2.425083901891467260e-06,-5.880845451526514308e-06,-9.214719000941884062e-06,-1.086313634771900481e-05,-9.966720108896482203e-06,-6.786429502368630878e-06,-2.618095747143996344e-06,7.671103986524824554e-07,1.903790785722791232e-06,2.770041754029059481e-07,-3.461485046840399393e-06,-7.792965315546785429e-06,-1.099361942749026387e-05,-1.184402809123994322e-05,-1.006757194904267073e-05,-6.326237281911002270e-06,-1.821594344408173190e-06,2.271833718598683862e-06,5.259872562671118205e-06,7.077033836745227728e-06,8.113724471349480146e-06,8.870196442780968417e-06,9.652786188670632847e-06,1.047156010662063688e-05,1.115931593542302681e-05,1.159460166209462821e-05,1.185521886242970112e-05,1.218322845869663567e-05,1.277237353066838036e-05,1.351487804742147816e-05,1.388949473545885704e-05,1.310560738686642306e-05,1.047312731933258012e-05,5.825640987453982865e-06,-2.323334379594276452e-07,-6.415734927643163555e-06,-1.118653592083828673e-05,-1.334370663497149000e-05,-1.250692609520976767e-05,-9.264746877111301084e-06,-4.914071648118658045e-06,-9.128393355545785531e-07,1.697234689949139143e-06,2.634347912963911289e-06,2.346571872379146918e-06,1.656174193390355137e-06,1.282222177270496437e-06,1.490594134625882673e-06,2.036400892231522854e-06,2.399504452742309727e-06,2.158654764254835785e-06,1.285032129677461987e-06,1.921148492964125144e-07,-4.792580592540322928e-07,-2.138138761848622258e-07,1.087538801395736970e-06,3.040992308325136802e-06,4.971890898477576243e-06,6.257179646442414689e-06,6.628912338583812207e-06,6.273920985892224246e-06,5.679356735225705974e-06,5.314433360816608571e-06,5.328137647402414076e-06,5.432888606969925217e-06,5.041819445613137369e-06,3.589250556963848413e-06,8.650438708557564123e-07,-2.813768568022549681e-06,-6.684466140192516726e-06,-9.832094520461026358e-06,-1.154790218716590114e-05,-1.158032565300449065e-05,-1.017063482820353376e-05,-7.880838011132545334e-06,-5.323443133229696924e-06,-2.937645433132153234e-06,-9.107609104369196083e-07,7.508788335983544100e-07,2.083340176956274015e-06,3.068625337594323681e-06,3.647186541581344741e-06,3.822035812696537102e-06,3.765729096669873771e-06,3.829129099557951717e-06,4.407715343627929690e-06,5.714961601389778583e-06,7.586200618467982118e-06,9.442376230971849996e-06,1.047073283019333130e-05,9.964090358270289051e-06,7.664742452167508293e-06,3.938926703632037012e-06,-3.201137952272035926e-07,-4.031782326637907006e-06,-6.359623042485246121e-06,-7.034984394032490825e-06,-6.424894372182658855e-06,-5.322358039424715874e-06,-4.572055146804896818e-06,-4.717533216679874745e-06,-5.830891013105895905e-06,-7.579500453948562417e-06,-9.457176700665324506e-06,-1.102987773930145890e-05,-1.205937035654306897e-05,-1.246066166635692406e-05,-1.216287856414144583e-05,-1.100845013855959052e-05,-8.799992612610423094e-06,-5.500362194499639078e-06,-1.470281906061266250e-06,2.433559146630750827e-06,5.031735616217058184e-06,5.258969293580452472e-06,2.693795318552968205e-06,-2.083925758859475985e-06,-7.533267922877820732e-06,-1.164651216277585007e-05,-1.272969695405573310e-05,-1.013602351646226335e-05,-4.603996849904516194e-06,1.989855559695187934e-06,7.389131857085418990e-06,9.905546081982199123e-06,9.130792657600358148e-06,6.081545119046799425e-06,2.703733327773324064e-06,9.608722064096109017e-07,1.927784085602913992e-06,5.308925438204573976e-06,9.599039617381714497e-06,1.279981180900180566e-05,1.334663567112388677e-05,1.080922353256059268e-05,6.049507992320941247e-06,7.877040812782921188e-07,-3.190992824144111898e-06,-4.798160250795876901e-06,-4.019124984646833514e-06,-1.759508541878372543e-06,7.165789106337108675e-07,2.442582514980092519e-06,3.162144118882742083e-06,3.309821315115991825e-06,3.609258757098992428e-06,4.538511704832806117e-06,5.972260478205957303e-06,7.203576143465709209e-06,7.334628486061510938e-06,5.821212586166098901e-06,2.868265255074998402e-06,-5.522229766502488765e-07,-3.093399006596767633e-06,-3.653387793709044200e-06,-1.918075181233822568e-06,1.445035669694413532e-06,5.043782434326622164e-06,7.351365670795204503e-06,7.353179806778173379e-06,4.953995916994059582e-06,9.725790246315011234e-07,-3.248467408356119165e-06,-6.414098470110883267e-06,-7.759717066954286246e-06,-7.244155987700177484e-06,-5.410269796533577202e-06,-3.033468409785180818e-06,-7.629393584708606143e-07,1.069339621387505417e-06,2.413814457471527897e-06,3.318572681891581144e-06,3.746208274423060312e-06,3.524183281673662124e-06,2.462797515016078739e-06,5.600680876315661958e-07,-1.850581685201724353e-06,-4.128510601848688226e-06,-5.548565988417080279e-06,-5.619524376167348785e-06,-4.332602032956640272e-06,-2.198469674069759622e-06,-3.634797692560764883e-08,1.390467417012321084e-06,1.712861119846791155e-06,1.095892922225920747e-06,1.078230734799689817e-07,-6.145160257743208926e-07,-7.294212302112029979e-07,-3.910939822932646527e-07,-1.782291564453524908e-07,-7.818872101038418581e-07,-2.610159858444544790e-06,-5.513231613540088758e-06,-8.774653031736600613e-06,-1.138252920539171614e-05,-1.245523780427481911e-05,-1.162035378224602920e-05,-9.169703561728421396e-06,-5.923659933321080499e-06,-2.876936311458900471e-06,-7.966688718333004060e-07,4.504103488641078473e-08,-1.014151429241124400e-07,-6.597600076507113552e-07,-1.029387525965002194e-06,-8.377390780570256725e-07,-3.433479308949525749e-08,1.187790616928460059e-06,2.566369319409517443e-06,3.923450141854089664e-06,5.210623787846819205e-06,6.434315264552272952e-06,7.526722072313016679e-06,8.262048408793187167e-06,8.290260160127006198e-06,7.288552498101827160e-06,5.155972284012232954e-06,2.142311020542155261e-06,-1.171108530208854314e-06,-4.047223898962953699e-06,-5.852486017137983224e-06,-6.281308383144828155e-06,-5.443192436795152094e-06,-3.778257944692366225e-06,-1.851189082474333739e-06,-1.293321826786756808e-07,1.150676964149019277e-06,1.979046191686244895e-06,2.460828091739002528e-06,2.681270662701794054e-06,2.638038240861609747e-06,2.280464070056926034e-06,1.622668919642223299e-06,8.437176670834398340e-07,2.873117898470395393e-07,3.294941820523259871e-07,1.166113144987723188e-06,2.634937897104941986e-06,4.190620674789351257e-06,5.085009195738653409e-06,4.699427647635411376e-06,2.883330945933106647e-06,1.268630183072865348e-07,-2.545089159461782618e-06,-3.944972005546553423e-06,-3.216565018626226906e-06,-2.336551283283306412e-07,4.287170192140963735e-06,9.029911543669789380e-06,1.258802185579235674e-05,1.402182734711068893e-05,1.321817040976416141e-05,1.089082508473663821e-05,8.222359376414699981e-06,6.312308351914896395e-06,5.685070692749683438e-06,6.081210027646959910e-06,6.621434891931894082e-06,6.257322490817742816e-06,4.290413951876730698e-06,7.144586161159499319e-07,-3.774160898611314309e-06,-8.090719658070973149e-06,-1.123986042000300585e-05,-1.272388139202229444e-05,-1.269289866836166516e-05,-1.178331192454662082e-05,-1.074757900414019146e-05,-1.007719591688613353e-05,-9.813242788029287130e-06,-9.631033870037860711e-06,-9.134884856350207152e-06,-8.185082660454128228e-06,-7.061890213178024368e-06,-6.360458090007201196e-06,-6.659605604209190188e-06,-8.137967840235941946e-06,-1.035259673241087556e-05,-1.232253546868829186e-05,-1.290724164607741240e-05,-1.131403209584541307e-05,-7.490954804890705009e-06,-2.204816935943356017e-06,3.249335654543989879e-06,7.582291032534420079e-06,1.004162669570043831e-05,1.069039689199911518e-05,1.030429147550310142e-05,9.942072385139138029e-06,1.040150186147034399e-05,1.182577545335747938e-05,1.364783925664560778e-05,1.489121272181656318e-05,1.467059113955773470e-05,1.264063846360256486e-05,9.172863668887200740e-06,5.180354301309243808e-06,1.686528856292344668e-06,-6.418514565737965639e-07,-1.766116985687815115e-06,-2.224828645898187284e-06,-2.798483506098407932e-06,-4.068070804441322412e-06,-6.092422466413316789e-06,-8.362030328265322536e-06,-1.004368705087704365e-05,-1.038572846482264969e-05,-9.080208788899421103e-06,-6.409386351552622221e-06,-3.118468953206012189e-06,-9.255547029702150788e-08,1.996388499601171000e-06,2.907735878534507058e-06,2.833571120660998804e-06,2.216896899156761003e-06,1.506472734708014175e-06,9.822300478013648878e-07,7.262467261623096347e-07,7.205590244823365010e-07,9.795210447627531699e-07,1.611550680083152145e-06,2.757430579848655146e-06,4.437168671421059248e-06,6.404218244807879834e-06,8.114851577550780644e-06,8.864732150628105384e-06,8.053690088142327909e-06,5.462849675423044163e-06,1.408105803799390622e-06,-3.316744515015013824e-06,-7.698671930838675388e-06,-1.086325960404827435e-05,-1.238217075596443818e-05,-1.240265887355740195e-05,-1.155012330838231342e-05,-1.065147893742178063e-05,-1.039782735444595577e-05,-1.108103365737338132e-05,-1.249911052303836514e-05,-1.405296955088565578e-05,-1.498547854133372242e-05,-1.466973878783688942e-05,-1.284721834137251994e-05,-9.741445279849768072e-06,-6.014540498722413142e-06,-2.578120069146054942e-06,-3.088990137571527853e-07,2.514905717361901007e-07,-8.815555330485905838e-07,-3.077582693269263921e-06,-5.243980000760284469e-06,-6.169532330223870952e-06,-4.959929045309051778e-06,-1.408776634901782098e-06,3.855990943704547480e-06,9.543457675096944691e-06,1.415947041072707756e-05,1.659430658133745595e-05,1.659930110547574932e-05,1.493391626638481448e-05,1.308882435249885770e-05,1.267247299318584070e-05,1.470823283870005066e-05,1.914841402314896606e-05,2.483324916611321563e-05,2.993395048082133055e-05,3.270131412169197306e-05,3.219626520587379691e-05,2.867792083104163609e-05,2.347380509822605626e-05,1.838976060418180325e-05,1.492595971114679417e-05,1.365182408616203721e-05,1.401564510892618209e-05,1.466116352954578279e-05,1.409042554933553521e-05,1.135990017697488587e-05,6.494605375266452164e-06,4.488532914730051405e-07,-5.341545365856015458e-06,-9.587666139862036237e-06,-1.166317806417371845e-05,-1.179001978768056353e-05,-1.084758103589764999e-05,-9.935502091058652860e-06,-9.916975145739884156e-06,-1.114706951865093395e-05,-1.347242762382193780e-05,-1.644414287659490758e-05,-1.959110832472883506e-05,-2.259969870457461717e-05,-2.532709060448790829e-05,-2.768593032488737862e-05,-2.951235142947947868e-05,-3.052788420820169366e-05,-3.043493440161458883e-05,-2.909151935528696636e-05,-2.665185405147200574e-05,-2.357110683940242564e-05,-2.044873653504151865e-05,-1.778074130704071845e-05,-1.575028560800336959e-05,-1.417253462794665734e-05,-1.262859431760917436e-05,-1.071947227824782580e-05,-8.302288659784265004e-06,-5.577251284457475555e-06,-2.973618552070461451e-06,-8.935085734621736513e-07,5.464571998822489126e-07,1.629310209728306126e-06,2.934767290991374115e-06,5.061193501370958887e-06,8.309860464488948493e-06,1.249329858127446507e-05,1.696941635355282371e-05,2.088955054149335764e-05,2.354102701250043866e-05,2.461900562812416971e-05,2.430130503907367823e-05,2.310197076974459724e-05,2.159052517576951562e-05,2.012658655854210392e-05,1.874301053662823761e-05,1.722612882581168962e-05,1.533529778536560511e-05,1.303189476500151965e-05,1.058647715834957529e-05,8.500482482552869368e-06,7.278327786247772431e-06,7.164780479181219750e-06,7.981303297329869916e-06,9.146365111686942419e-06,9.875549072542525304e-06,9.473513190212128182e-06,7.591712771799862043e-06,4.348146860315521546e-06,2.723781853031224811e-07,-3.885151669424933981e-06,-7.391853765741821507e-06,-9.728716295652612680e-06,-1.068740245549462114e-05,-1.036327258523677570e-05,-9.077212242765444442e-06,-7.270926069506145107e-06,-5.408420865817211829e-06,-3.896021409360132679e-06,-3.020498809800094983e-06,-2.906131617430780873e-06,-3.500557823459033403e-06,-4.603196443059511840e-06,-5.939566469274591224e-06,-7.262195277367632866e-06,-8.437481983051522128e-06,-9.474367354681541588e-06,-1.047305685196989509e-05,-1.151282852536575576e-05,-1.253612634105858151e-05,-1.329827551982162200e-05,-1.342649404408820843e-05,-1.257706490676362371e-05,-1.062232543630803314e-05,-7.771233192242368675e-06,-4.547980388135972422e-06,-1.617227530258718666e-06,4.773467875812089823e-07,1.542184217994650733e-06,1.815144954464581489e-06,1.846068878877731505e-06,2.218604349190018528e-06,3.237130629064677247e-06,4.729553968248878069e-06,6.071931737577134029e-06,6.441922951760458590e-06,5.199934992839666149e-06,2.230770528030017279e-06,-1.912582278577380004e-06,-6.139408530297932255e-06,-9.183428634696428299e-06,-1.005203233072235798e-05,-8.379085672657548786e-06,-4.539512208099447318e-06,5.133284378914510898e-07,5.609302863418285759e-06,9.764839413707757665e-06,1.246307482825948844e-05,1.371067021763938508e-05,1.387613101135457896e-05,1.341081263052647742e-05,1.259837633988033594e-05,1.145318049684503677e-05,9.807242882374517533e-06,7.528240159143231438e-06,4.743363863099108012e-06,1.937363125440728857e-06,-1.488185239402845457e-07,-7.958743512148006728e-07,3.535401220396644292e-07,3.049132196546628966e-06,6.412321999891880239e-06,9.182563314596340506e-06,1.015829393728319121e-05,8.668684673580179766e-06,4.884698464412812881e-06,-1.702807265995826743e-07,-4.936382849290462646e-06,-7.855018822727278640e-06,-7.929529120814691348e-06,-5.092981486681664328e-06,-2.379108075461198672e-07,5.105834571131617523e-06,9.319668796706995312e-06,1.125628570387518370e-05,1.059443705402359294e-05,7.859317033112739800e-06,4.119462417961922428e-06,5.040357990384309567e-07,-2.246728655955240447e-06,-4.009435761860692747e-06,-5.201016036026284268e-06,-6.454271581217693729e-06,-8.212175933645722608e-06,-1.043958004440016716e-05,-1.259120910601102375e-05,-1.385171860642938707e-05,-1.353427691409667363e-05,-1.144828253458654628e-05,-8.059070466121465230e-06,-4.356718452750667446e-06,-1.483621713112154111e-06,-2.805380645107599815e-07,-9.485102775167951433e-07,-2.973280376424508713e-06,-5.343685426744101125e-06,-6.968605455786467193e-06,-7.114641936689813582e-06,-5.683461585914000826e-06,-3.221929602670545200e-06,-6.741640399515061333e-07,1.009489032550563003e-06,1.240271474096135991e-06,-9.421777192614061343e-09,-2.240390560593548417e-06,-4.660944373289725555e-06,-6.510431002378878658e-06,-7.336526647491124708e-06,-7.122878129986384891e-06,-6.233301265312416172e-06,-5.213816471973472189e-06,-4.544155820982963821e-06,-4.439655213490807403e-06,-4.774536359192750028e-06,-5.144940498853162731e-06,-5.037008782866585114e-06,-4.030734921238604257e-06,-1.963719396356847771e-06,1.001033029333840553e-06,4.422205922099390715e-06,7.720842773822130062e-06,1.036274572021528417e-05,1.201894786892511480e-05,1.265053061641901909e-05,1.249197161906116559e-05,1.194354223629037770e-05,1.141528120166369149e-05,1.118100783008586034e-05,1.129450150156975276e-05,1.159373003449297821e-05,1.178353096419349791e-05,1.155733946297368266e-05,1.070704121739023491e-05,9.181159516065252424e-06,7.079095040873465796e-06,4.598999440549632071e-06,1.974271617878871803e-06,-5.693268925306889371e-07,-2.824177424527224488e-06,-4.592046352209544771e-06,-5.683563496275422744e-06,-5.948231293915270747e-06,-5.334865410840222847e-06,-3.955792669801361647e-06,-2.113947463382003927e-06,-2.608533779787170081e-07,1.116575681531865553e-06,1.645770831270966418e-06,1.196190312678967727e-06,-7.069131417380565011e-08,-1.754268490454428226e-06,-3.351698252482901571e-06,-4.423801715265366398e-06,-4.724552310336126873e-06,-4.248626134978022787e-06,-3.190709792531809373e-06,-1.848305482804410813e-06,-5.178856736638349287e-07,5.744881880402937768e-07,1.294396746610068385e-06,1.586748371728780383e-06,1.457049904322524904e-06,9.646284804981316270e-07,2.247170819753262937e-07,-6.008625656190266950e-07,-1.343428942425312058e-06,-1.895305267450276818e-06,-2.275327598819473885e-06,-2.646756202652494842e-06,-3.255822447328174474e-06,-4.299149007585294318e-06,-5.775093303966989691e-06,-7.399544605809980304e-06,-8.650513338279893898e-06,-8.949122520760749045e-06,-7.912560277141490991e-06,-5.565158819255704320e-06,-2.397622411500085085e-06,7.735184135403469548e-07,3.100288320810642900e-06,4.026266067050975860e-06,3.491111528164268715e-06,1.920701864734955320e-06,9.021886650063425648e-09,-1.599683827976921850e-06,-2.570854268707216970e-06,-2.955829232793618929e-06,-3.056855911775592237e-06,-3.167364435969126608e-06,-3.342182406896453376e-06,-3.335907200579686028e-06,-2.752616831578954093e-06,-1.326322510983836637e-06,8.326027957765403824e-07,3.184326660390624372e-06,4.961064837916420251e-06,5.542412134336580236e-06,4.814025071816051005e-06,3.305765289254428737e-06,2.003779615703889084e-06,1.896622140964163025e-06,3.464114264552971137e-06,6.368081888383307407e-06,9.522213645311306121e-06,1.153784131305635578e-05,1.135123268232293684e-05,8.734459791903054348e-06,4.434140110995280284e-06,-1.441411388329752090e-07,-3.565826396454967923e-06,-5.012105135474105027e-06,-4.625168902375876215e-06,-3.382227437794639187e-06,-2.558046604923114270e-06,-3.041797191908097155e-06,-4.850373230561093106e-06,-7.086499152035874528e-06,-8.370559705178442527e-06,-7.538584498588055596e-06,-4.263310544723164158e-06,7.109491739738690517e-07,5.841880465363916373e-06,9.445806196802921458e-06,1.042639718362794309e-05,8.732023644122513368e-06,5.333379575878870974e-06,1.746728666740335333e-06,-6.561171678589826450e-07,-1.217628858196528444e-06,-1.837946354921738526e-07,1.550243147499577621e-06,2.980993506665522971e-06,3.533678021788246256e-06,3.322498154550737255e-06,3.014432570620902341e-06,3.384904409994651085e-06,4.810011271215751594e-06,6.967676552243785267e-06,8.908904987672474637e-06,9.469901171772692963e-06,7.823410392488363549e-06,3.898529128099402515e-06,-1.536180574920336713e-06,-7.167089213823828586e-06,-1.166806198933228278e-05,-1.422326517745974412e-05,-1.480448314720436898e-05,-1.408919293057484495e-05,-1.307480462162517075e-05,-1.257944930090858250e-05,-1.286012915319307618e-05,-1.351257738801206318e-05,-1.368161324716250485e-05,-1.247244364606501776e-05,-9.374014123001938901e-06,-4.514563795670828921e-06,1.345856870882723882e-06,7.065494892229215637e-06,1.149894421261101400e-05,1.385175085457147440e-05,1.388769670009672050e-05,1.193558617644088441e-05,8.721384816011328245e-06,5.107405207022760989e-06,1.836970988939933775e-06,-6.369756910002549732e-07,-2.202391541300791135e-06,-3.025352709024936387e-06,-3.414681878340734473e-06,-3.669568890976229188e-06,-3.962254634691293792e-06,-4.289924671182364949e-06,-4.503759991221195246e-06,-4.396034137982675516e-06,-3.806306164421624840e-06,-2.702184579372283905e-06,-1.201929466347799813e-06,4.681780953373488962e-07,2.059481155638734281e-06,3.387842396603943005e-06,4.380371587908091292e-06,5.061832154008131446e-06,5.492864978557529128e-06,5.698788971072844288e-06,5.633718581099302238e-06,5.205394497073097257e-06,4.350665506484001969e-06,3.119111719457876548e-06,1.711866852571299905e-06,4.423020331355772578e-07,-3.736036074019715738e-07,-5.481944984618819294e-07,-1.075721571158929065e-07,7.174869663996497919e-07,1.597628368505576128e-06,2.258745469808557483e-06,2.605409481139073127e-06,2.747470074280677948e-06,2.912098392652389144e-06,3.285168157935860353e-06,3.867654180571833276e-06,4.430613333727903230e-06,4.604545424523793473e-06,4.068277972805702616e-06,2.745343577271794023e-06,9.033349833942280330e-07,-9.068430082248760164e-07,-2.058159548124423902e-06,-2.113150017324767045e-06,-1.026358774814426612e-06,8.131282111325171910e-07,2.722720534726367118e-06,3.989111078320199005e-06,4.135137082858140155e-06,3.074213115669496080e-06,1.092815026216954596e-06,-1.314909051060045119e-06,-3.668265223619569707e-06,-5.665782910272582908e-06,-7.222623949962428107e-06,-8.380372589953094853e-06,-9.159934712754601204e-06,-9.457595829995843820e-06,-9.057590834699924393e-06,-7.765914016838680850e-06,-5.595832149635121723e-06,-2.895550883633724307e-06,-3.257796390595503439e-07,1.336244833632538280e-06,1.501617210754915904e-06,5.463173073433001469e-08,-2.518387160444494418e-06,-5.235521521335008867e-06,-6.942385399037320155e-06,-6.737212104467858990e-06,-4.331678046785398330e-06,-1.984166396580613095e-07,4.563501474237216303e-06,8.602934025364474371e-06,1.079266458829583801e-05,1.062686546134950932e-05,8.388867163112228320e-06,5.026261435697386393e-06,1.782655255211501899e-06,-2.721587977505370483e-07,-6.347212750379932671e-07,4.640666303378920870e-07,2.175126383254495103e-06,3.382299045131381191e-06,3.150412157063039045e-06,1.097726896586684070e-06,-2.447867757176353244e-06,-6.564125217235927333e-06,-1.007124088002414582e-05,-1.195659076757730385e-05,-1.172412563534500926e-05,-9.540162708195842892e-06,-6.131697815038910473e-06,-2.491854662295832490e-06,4.808023789888902808e-07,2.265361678395107044e-06,2.823220392615153221e-06,2.505270589575646879e-06,1.826169205094154251e-06,1.219088306301518148e-06,8.790125042753097541e-07,7.492507665324471226e-07,6.324190429615546738e-07,3.498207918732717010e-07,-1.415250623311053693e-07,-7.325652019574050031e-07,-1.244726582300988279e-06,-1.553902804291941411e-06,-1.676873483404740971e-06,-1.763946411762681668e-06,-1.996017363143638172e-06,-2.440655403187998002e-06,-2.949616879387634066e-06,-3.163766244170794076e-06,-2.638379492566804116e-06,-1.039202359553601804e-06,1.680237439512662235e-06,5.205763154372864912e-06,8.933587588286751759e-06,1.215875191487040704e-05,1.430121404984237089e-05,1.507494817293212176e-05,1.453496611696602845e-05,1.299520401140425150e-05,1.086754578277211202e-05,8.501617489306437323e-06,6.094540729462610103e-06,3.698104441982469410e-06,1.300983533685980854e-06,-1.069267387152763282e-06,-3.281612164522737625e-06,-5.105364758055596409e-06,-6.276066935678430141e-06,-6.588505532730020274e-06,-5.975011609796594298e-06,-4.541143281047541638e-06,-2.554012605209424566e-06,-3.963884763254518646e-07,1.495989880470521170e-06,2.703535831380379725e-06,2.896593641361371835e-06,1.912249532065038773e-06,-1.780848315624321453e-07,-3.036482417665858234e-06,-6.092131187641033081e-06,-8.656353993968579752e-06,-1.010222287536972956e-05,-1.005614253189334994e-05,-8.529449137949207853e-06,-5.929943608568852476e-06,-2.936215747996512234e-06,-2.745567138171099525e-07,1.517436343752596698e-06,2.247591842764213595e-06,2.086370492653912557e-06,1.445557379775458508e-06,7.794608225117811020e-07,4.000314410852427510e-07,3.839597219415190478e-07,6.005714891065979701e-07,8.299381863052818078e-07,9.010833249768744228e-07,7.791024778532014321e-07,5.651503877669160473e-07,4.233547495670012716e-07,4.857563721266131068e-07,7.911132299488510274e-07,1.285783226138634907e-06,1.873417290778870055e-06,2.470728000764121809e-06,3.027053526351040069e-06,3.495060485537448251e-06,3.779562549764759981e-06,3.714764627090412404e-06,3.109769803628337623e-06,1.860625022635112027e-06,7.738603658231459792e-08,-1.852511616793563405e-06,-3.326911858515643476e-06,-3.722436274166701387e-06,-2.651849321265009760e-06,-1.707901389907031093e-07,3.174334905395902910e-06,6.502024272809096588e-06,8.906017600028989114e-06,9.793040911636784069e-06,9.098689551380098115e-06,7.281412840716009083e-06,5.094552852584468792e-06,3.240014482070773963e-06,2.063613687394633730e-06,1.432638311292486840e-06,8.489379131464594380e-07,-2.621172271500618062e-07,-2.230147770618296258e-06,-4.942722235750852779e-06,-7.867215477639669075e-06,-1.027878885147549048e-05,-1.158276933312583259e-05,-1.157702141115765160e-05,-1.053271948537628277e-05,-9.061927641289200985e-06,-7.841883741316854311e-06,-7.329339178108950347e-06,-7.594997726502662946e-06,-8.343356133809470883e-06,-9.092093963681271106e-06,-9.413299026742474147e-06,-9.119353045095821573e-06,-8.314197745860769839e-06,-7.302417206528826076e-06,-6.416117781586227572e-06,-5.850763686687809115e-06,-5.585106483354764519e-06,-5.410896149243972222e-06,-5.043790986415091049e-06,-4.254834125560490514e-06,-2.963778590672232400e-06,-1.263944832770693765e-06,6.165216696809244761e-07,2.389287358075427252e-06,3.786021542710707493e-06,4.625436347082708144e-06,4.861021193047050808e-06,4.606471648546795691e-06,4.129759422542839928e-06,3.801687071033476185e-06,3.992563252795927853e-06,4.934709253261012307e-06,6.598427020017454360e-06,8.644767947790559244e-06,1.050242112297306191e-05,1.156639940350225451e-05,1.145216640235754712e-05,1.019375660297333958e-05,8.278530652558879364e-06,6.473032032044662195e-06,5.491802185434313040e-06,5.648291821277068359e-06,6.656596985975374855e-06,7.700844361313607502e-06,7.771574421115266484e-06,6.137435685396805769e-06,2.740660746202901645e-06,-1.678788704089469996e-06,-5.812526084821044287e-06,-8.287322280406582355e-06,-8.230111207062859883e-06,-5.642392052862834282e-06,-1.411016268760790441e-06,3.054078182689421673e-06,6.393061466408660804e-06,7.821484249375074160e-06,7.374787996576181636e-06,5.776160088436736034e-06,4.012944878426750127e-06,2.842939995615670398e-06,2.476041735854462249e-06,2.577948083620651488e-06,2.572042625723195500e-06,2.060593075292307882e-06,1.126417474820660781e-06,3.419655716218780492e-07,4.704240012403170722e-07,2.011425948834759041e-06,4.834647345043609023e-06,8.109423074349065956e-06,1.059327082727475041e-05,1.115946521380531696e-05,9.316361879473688523e-06,5.464860273568156843e-06,7.604355357348929862e-07,-3.365747332606025798e-06,-5.808595231866062308e-06,-6.237091558581289113e-06,-5.186344852131476742e-06,-3.761264798434226239e-06,-3.100764089424456776e-06,-3.856642897233728283e-06,-5.922505495197672683e-06,-8.519303649782577031e-06,-1.057254322187601839e-05,-1.118674799518512976e-05,-9.995297662105303167e-06,-7.244474179737754141e-06,-3.611723226126698183e-06,1.150371353250510373e-07,3.320261032150044996e-06,5.674915128098267156e-06,7.061148392899317147e-06,7.397611214058802227e-06,6.507002281674622603e-06,4.133917199103917131e-06,1.238659473226972374e-07,-5.331413494735330830e-06,-1.153262776371872645e-05,-1.731956061269366578e-05,-2.135358164017991858e-05,-2.254640786912333339e-05,-2.046553462252325502e-05,-1.554412550707826357e-05,-8.999137126748745942e-06,-2.479782185567423162e-06,2.425311588989600444e-06,4.645273202255310348e-06,3.896638198182984486e-06,6.945408311682096998e-07,-3.868574200450129521e-06,-8.478430035069981657e-06,-1.196555382725147112e-05,-1.358126315168615402e-05,-1.312843328310601219e-05,-1.094135737160439657e-05,-7.743544933377510622e-06,-4.429701843221971902e-06,-1.824526585028781167e-06,-4.725782325192278675e-07,-5.102081522534561142e-07,-1.656453186253784785e-06,-3.329931468918248399e-06,-4.857102899486925443e-06,-5.699003987886123671e-06,-5.609202728085364997e-06,-4.658887050241854816e-06,-3.121750251322081706e-06,-1.278089057851336403e-06,7.592168884389585515e-07,3.100386457884763073e-06,5.977821565105810457e-06,9.534890188416226436e-06,1.361848172752294928e-05,1.770160580253739554e-05,2.100628754432857305e-05,2.279597126324731370e-05,2.271049400715425618e-05,2.097751519884955771e-05,1.837847886530213006e-05,1.595913221556614992e-05,1.460168148822151783e-05,1.465322126243259073e-05,1.578970122159620434e-05,1.718826145768483343e-05,1.793220978014457362e-05,1.745549867093790141e-05,1.580829158933458203e-05,1.360882828693916933e-05,1.170122066311913855e-05,1.068837959710062626e-05,1.057800081753718076e-05,1.072985077878113159e-05,1.014574381183280185e-05,7.970708126787056047e-06,3.961304938290628440e-06,-1.316666245967948258e-06,-6.673453594996071510e-06,-1.079082285995951903e-05,-1.280044026786931747e-05,-1.267125229611414519e-05,-1.121818543625336673e-05,-9.723448919778073502e-06,-9.347090718144600641e-06,-1.060490548006528874e-05,-1.315941286210836772e-05,-1.601864250574169314e-05,-1.804099990617645646e-05,-1.849788741995185979e-05,-1.742003547012774633e-05,-1.556079401029131351e-05,-1.399746551217061834e-05,-1.356878024260570449e-05,-1.442706567049737657e-05,-1.592881414574332544e-05,-1.692390033133929462e-05,-1.631046397843696432e-05,-1.359220831316192818e-05,-9.169792498957564353e-06,-4.220449831619423646e-06,-2.118724091434920475e-07,1.732594954690034599e-06,1.330066986258973200e-06,-7.295836488560599333e-07,-3.075479795679589892e-06,-4.241164477079105190e-06,-3.284246756380909051e-06,-1.705649141428179057e-07,4.236538809725389352e-06,8.563420961983271579e-06,1.150800274849238617e-05,1.235805603764737286e-05,1.122874814720440008e-05,8.937142545478607512e-06,6.595009421719062934e-06,5.118884148872221921e-06,4.877615383790848515e-06,5.618862772722813613e-06,6.679174921596521593e-06,7.353614524795788250e-06,7.238945736033502003e-06,6.393269564748880014e-06,5.254957248599201704e-06,4.382856651838169999e-06,4.160200429171683590e-06,4.610557076551380433e-06,5.407691800180735466e-06,6.059503038867155458e-06,6.161526016877429292e-06,5.588732110257874279e-06,4.535255774867098619e-06,3.395412790826755135e-06,2.560583073772392404e-06,2.243380776676489346e-06,2.416208485821331021e-06,2.881960203413074518e-06,3.419975570806299953e-06,3.911771054009208730e-06,4.369276175870432558e-06,4.852055256182324684e-06,5.332269884634720948e-06,5.604432990966202541e-06,5.317084902108769153e-06,4.133694077174883847e-06,1.947932137696746032e-06,-9.687996272956909068e-07,-3.991210287490895984e-06,-6.358367374775753850e-06,-7.505359165337347133e-06,-7.354652636171195308e-06,-6.414305784335805743e-06,-5.610886155472855084e-06,-5.909945441647899667e-06,-7.885186901978545119e-06,-1.143302273947694314e-05,-1.577035204723257919e-05,-1.972538544065017294e-05,-2.219522665151621991e-05,-2.256639252662560397e-05,-2.091408318914684514e-05,-1.790320737286066850e-05,-1.445556134509090696e-05,-1.135297735786821841e-05,-8.964489812238865188e-06,-7.210423808619506767e-06,-5.749312714995525778e-06,-4.261786750111191720e-06,-2.666331159586161036e-06,-1.152657100567633215e-06,-2.857977643086235021e-08,5.161520736940554373e-07,5.799273240824705816e-07,5.446522631895824908e-07,8.910933985397770513e-07,1.936267752913062035e-06,3.645386368443644055e-06,5.634347082736221451e-06,7.373761178062712644e-06,8.489373445753781931e-06,8.991776827137913842e-06,9.297675377360231126e-06,1.001330361613033371e-05,1.158155900550222833e-05,1.397706427192171337e-05,1.662060126072616777e-05,1.857895153921409180e-05,1.897067174038687625e-05,1.738801811233579590e-05,1.412857407761403156e-05,1.011761151600802074e-05,6.550371024618364465e-06,4.417405466513967282e-06,4.128699701565401731e-06,5.398801203029952891e-06,7.425675983307893642e-06,9.258277008174660281e-06,1.017111031484054621e-05,9.882773973469400234e-06,8.552372757093318275e-06,6.605677476437597712e-06,4.517391341744940041e-06,2.670694474738762415e-06,1.341244510937132331e-06,7.598671515981880901e-07,1.155055635203614296e-06,2.696108998420340667e-06,5.337946859246855899e-06,8.658564405011282415e-06,1.182014086373313859e-05,1.374226459117937162e-05,1.346601433829881590e-05,1.056844724175534847e-05,5.427684624612505465e-06,-8.189246650510956859e-07,-6.648546043630045347e-06,-1.072274736709484676e-05,-1.241084502656388455e-05,-1.202983007578471709e-05,-1.068590887643036479e-05,-9.784474767023825905e-06,-1.042852038305456344e-05,-1.297434776798658647e-05,-1.693391426155509260e-05,-2.124554024488581520e-05,-2.476290530335071143e-05,-2.672069175338808326e-05,-2.696585755327746692e-05,-2.587537971875576934e-05,-2.404298405145428652e-05,-2.192526858826831287e-05,-1.963954763654079683e-05,-1.700684638356832329e-05,-1.379138383104272191e-05,-9.980398437326542559e-06,-5.931415223162269840e-06,-2.293463919997946504e-06,2.620151393578532176e-07,1.357425359154409553e-06,1.101423116301229003e-06,5.156832376554836714e-08,-1.037459895315125390e-06,-1.553158125264475708e-06,-1.281898900189185858e-06,-4.589369113176939709e-07,4.040792607648112654e-07,8.177647397938492543e-07,5.853946455286851344e-07,-8.664056161307089027e-08,-6.829886439241065439e-07,-6.201929489524763170e-07,4.887103973039234658e-07,2.667186589864145141e-06,5.566993205309548232e-06,8.599200377583483482e-06,1.112765148427455299e-05,1.264010099116370373e-05,1.284836310114997181e-05,1.171929971267540923e-05,9.469434029654188965e-06,6.550596064749773795e-06,3.622244377323621813e-06,1.477006896831696601e-06,8.876928342774860216e-07,2.384024898223649589e-06,6.025315161619054857e-06,1.127372816255607674e-05,1.705949221308794268e-05,2.205909761797486080e-05,2.510872881838194153e-05,2.559777893606053552e-05,2.367608182048675162e-05,2.017736259373481916e-05,1.628285965877001264e-05,1.306593237512160253e-05,1.111251620290744505e-05,1.037491130164494930e-05,1.030468267463973204e-05,1.017951630443104953e-05,9.453863566877572294e-06,7.965564761328783447e-06,5.916540915511298200e-06,3.668171961624360820e-06,1.486119923722535417e-06,-6.135298049137670128e-07,-2.831491400264672439e-06,-5.392381135199170583e-06,-8.313001757458953142e-06,-1.127845168779379890e-05,-1.371447335170165260e-05,-1.503439077404334796e-05,-1.493743998265433539e-05,-1.359851964946897751e-05,-1.163897781516759856e-05,-9.879025877690711686e-06,-8.986344498273181780e-06,-9.191786207377210314e-06,-1.021135662999383930e-05,-1.140997263327271513e-05,-1.212097433886229516e-05,-1.195939449340496183e-05,-1.097559752908496358e-05,-9.583246609992810688e-06,-8.314344228039007655e-06,-7.541050754907983295e-06,-7.313682212866532723e-06,-7.393231681792461836e-06,-7.444958273999848297e-06,-7.268824853169776766e-06,-6.923004934481429748e-06,-6.659664883534685038e-06,-6.703811371708353263e-06,-7.004751841032112232e-06,-7.119530677541673739e-06,-6.328227998692145302e-06,-3.959626290079870584e-06,2.155097958648473203e-07,5.722408879802874754e-06,1.140732036312893652e-05,1.577882629161109551e-05,1.754365081349518524e-05,1.611349667478157379e-05,1.185902476395489880e-05,5.991769878532036812e-06,1.175248822931279381e-07,-4.350090280098422232e-06,-6.667406655787910049e-06,-6.934595447166060557e-06,-5.910878209199913819e-06,-4.577557333342751177e-06,-3.662508774533928003e-06,-3.344758886130196459e-06,-3.261619427291202825e-06,-2.791977523758047483e-06,-1.459393153842942622e-06,7.519055732431352449e-07,3.325179083301830433e-06,5.417328141073591186e-06,6.241198297029235897e-06,5.438825637678487850e-06,3.267319344077246771e-06,5.102977550999291545e-07,-1.842304992424111120e-06,-2.997102657064842775e-06,-2.660608202728268223e-06,-1.113653263439431800e-06,9.617910553962571540e-07,2.807728987322138529e-06,3.907726308920408037e-06,4.152299682764644960e-06,3.790334667909283538e-06,3.212953354879590748e-06,2.696225335720717692e-06,2.242759648030588153e-06,1.604898696543136596e-06,4.742589781960786625e-07,-1.266547801607853858e-06,-3.369546070182616205e-06,-5.228223221454891035e-06,-6.080381726088483857e-06,-5.323450678628430642e-06,-2.799320043378602127e-06,1.085414841185797273e-06,5.465032266074783826e-06,9.305492867425211974e-06,1.175773736874480467e-05,1.242659505570630278e-05,1.145190962194136410e-05,9.386495270172290562e-06,6.944436958501058503e-06,4.740956424520520713e-06,3.131765165641926859e-06,2.196974164388151765e-06,1.837866481660969957e-06,1.904705156490423412e-06,2.274358968029209938e-06,2.843357180028604150e-06,3.465134118996862027e-06,3.901370792447963077e-06,3.851275222536602134e-06,3.071751414813337667e-06,1.535019824885206645e-06,-4.711749392709058850e-07,-2.383314516753004079e-06,-3.558623463754056464e-06,-3.557595310005463542e-06,-2.380017731659858705e-06,-5.244365081615345712e-07,1.185395084590400250e-06,1.950052947216047047e-06,1.365698942784455298e-06,-3.650946859968044098e-07,-2.502049769129756074e-06,-4.104514761568535202e-06,-4.490414104168318732e-06,-3.596609970952437264e-06,-2.052494843208662619e-06,-9.078288801366855584e-07,-1.124382810976840842e-06,-3.067174826339037634e-06,-6.249081146802956766e-06,-9.476196704775113829e-06,-1.135510491025378563e-05,-1.094377505276319010e-05,-8.243220429832832870e-06,-4.283691757555324772e-06,-7.370891708041675726e-07,7.930221896333600880e-07,-5.061820719528342366e-07,-4.251798394351884161e-06,-8.974334553584558690e-06,-1.270926900920941549e-05,-1.381968372559122915e-05,-1.168984753279738954e-05,-6.983634615301622747e-06,-1.355149927009445802e-06,3.256334388986412509e-06,5.431227749397129230e-06,4.819251323070040618e-06,2.200886614668300852e-06,-9.471813537605502743e-07,-3.166957091258741262e-06,-3.679018116117221650e-06,-2.688468291246085974e-06,-1.209802428529882173e-06,-5.081906862431619305e-07,-1.427943718083348784e-06,-3.923351322371188281e-06,-7.006940639073486379e-06,-9.136276840008459253e-06,-8.864018936062765397e-06,-5.465185398676033479e-06,7.245826949606554546e-07,8.391819246144244202e-06,1.569892270352978060e-05,2.091102002744098579e-05,2.294598828075995376e-05,2.165350261465634024e-05,1.775700894257738427e-05,1.252911809082732356e-05,7.357052334746302447e-06,3.362431113359600090e-06,1.180583223175099067e-06,9.187770885869841947e-07,2.244929868557749831e-06,4.534922187873729412e-06,7.025404396252337006e-06,8.955189708127175830e-06,9.702328777679934460e-06,8.919607598627424347e-06,6.644738721849014423e-06,3.336355437567762337e-06,-2.119078749524144737e-07,-3.089517624154059838e-06,-4.568966056673521116e-06,-4.383941190718440841e-06,-2.868201497455245214e-06,-8.779084156904345799e-07,4.971267434879518542e-07,3.375101099188464463e-07,-1.738472398943116757e-06,-5.390873876346871025e-06,-9.635910517385726384e-06,-1.316198825232576431e-05,-1.476761245109873125e-05,-1.376037933059622965e-05,-1.017665302166284231e-05,-4.754926232919284294e-06,1.311078738091938425e-06,6.739193917684099018e-06,1.051589831833368568e-05,1.213465051516078740e-05,1.166074990327889691e-05,9.630230312082760607e-06,6.837226891249899897e-06,4.084568522934817521e-06,1.967745231198395961e-06,7.423421973532886983e-07,2.993252817263401247e-07,2.467200573265231775e-07,7.183150148207192151e-08,-6.632785832745270732e-07,-2.153910477555360572e-06,-4.271214165591668928e-06,-6.602302816513296385e-06,-8.604832377295290296e-06,-9.821308657955715588e-06,-1.006674315126319182e-05,-9.506104254828535337e-06,-8.580110364446996363e-06,-7.804682524461763109e-06,-7.531063866620304873e-06,-7.778826997036322844e-06,-8.226192103721731314e-06,-8.370209879578688540e-06,-7.785976151912164767e-06,-6.360545151840259557e-06,-4.382929969365551229e-06,-2.437449971736678377e-06,-1.143664842530903205e-06,-8.648666318114553891e-07,-1.527602226674638895e-06,-2.644090253985320313e-06,-3.530968259388337822e-06,-3.620406008776124301e-06,-2.713096748484324516e-06,-1.051775211407023899e-06,8.153178171998585820e-07,2.305670558025698065e-06,3.067098689472516950e-06,3.103020752539054815e-06,2.704335486492241198e-06,2.240108108161832558e-06,1.935399462763630364e-06,1.768297097428424212e-06,1.546399581981908960e-06,1.114537404396098473e-06,5.611933090343346895e-07,2.807407472934552738e-07,8.228601823930308806e-07,2.582789365762880576e-06,5.490385416254426270e-06,8.881559438850359506e-06,1.166076637594348196e-05,1.271962352172089474e-05,1.143586657169282301e-05,8.014103287183310445e-06,3.484579207692975992e-06,-6.710711938973673768e-07,-3.118784564772603756e-06,-3.230487823400950042e-06,-1.343672689687872784e-06,1.403746802585408769e-06,3.592406124930067469e-06,4.157064706299093323e-06,2.847095985614975107e-06,3.048042119958642646e-07,-2.263046395149787643e-06,-3.654025987768079324e-06,-3.205822527922675905e-06,-1.053110443891765396e-06,1.995780014838154923e-06,4.876554826434933060e-06,6.759249326531087973e-06,7.369837145926144662e-06,7.003290957202417637e-06,6.253917580087821424e-06,5.631514112519691712e-06,5.279453234032421452e-06,4.942697515542530221e-06,4.190160755810706424e-06,2.755014245480458890e-06,7.929165110994689106e-07,-1.096393056297729547e-06,-2.110399498147363222e-06,-1.632306986264755985e-06,4.298155592195682021e-07,3.528228327093123122e-06,6.649078949458916712e-06,8.696805661129633730e-06,8.912433447271648010e-06,7.139851331448334311e-06,3.835648520980416069e-06,-1.561386470636127395e-07,-3.938908914269213788e-06,-6.850306486567913039e-06,-8.591954945159494190e-06,-9.188626945523600419e-06,-8.849738206268944869e-06,-7.837565816953696225e-06,-6.412458725665383452e-06,-4.853582051677098448e-06,-3.492883685032518072e-06,-2.689290178311537420e-06,-2.716227770808138545e-06,-3.608441710404614027e-06,-5.065203348726219879e-06,-6.498747779911058393e-06,-7.246391566700823085e-06,-6.868292574145220743e-06,-5.386201983840002027e-06,-3.325881953894564483e-06,-1.512371776594977561e-06,-6.931629409349961726e-07,-1.163761133460655818e-06,-2.586192179181834696e-06,-4.107971705746665951e-06,-4.743578599251233965e-06,-3.844983219702772900e-06,-1.433538837959919437e-06,1.775372709342993897e-06,4.676885817135788453e-06,6.270250182619551072e-06,6.106112357158744677e-06,4.473420701819034954e-06,2.240339556578789352e-06,4.345009360496913866e-07,-2.256139655039914625e-07,3.812913937322954713e-07,1.802123635855276851e-06,3.309761054447787803e-06,4.305760947899511963e-06,4.603897290418683511e-06,4.445769312192653750e-06,4.251776374960264049e-06,4.260119226581971938e-06,4.272304971162312775e-06,3.669215359286265666e-06,1.714565180451906019e-06,-1.999826230873961359e-06,-7.202850262166517669e-06,-1.289041704550291074e-05,-1.763049616128226860e-05,-2.010737132182051278e-05,-1.965888873246290789e-05,-1.655409747932505514e-05,-1.187793391652342742e-05,-7.075734221169765960e-06,-3.370510030771435177e-06,-1.320624620640202596e-06,-7.091076850623823303e-07,-7.890054576498551982e-07,-7.372431208920908033e-07,-7.832159032356295931e-08,1.128619253671676316e-06,2.411585166996313291e-06,3.224892090672940709e-06,3.306282141994671129e-06,2.853749685844156863e-06,2.429193080693485208e-06,2.646527874842156670e-06,3.816956935913617572e-06,5.744264031968158518e-06,7.780569725008960619e-06,9.114473981044301620e-06,9.143509353295364774e-06,7.743791754851536439e-06,5.309293679194796166e-06,2.556099402402167141e-06,2.057948211856456239e-07,-1.285914330953194699e-06,-1.828466966379250922e-06,-1.600989563623179445e-06,-8.482084056705231205e-07,2.939730554333472925e-07,1.836476490325869209e-06,3.826049491453792335e-06,6.172468290788825418e-06,8.546285060666983639e-06,1.044117475437935872e-05,1.139320546209849230e-05,1.124279829585812529e-05,1.027852491806346045e-05,9.148911788686309046e-06,8.550470453901656397e-06,8.833600378109820260e-06,9.737096042344633309e-06,1.042059355683884356e-05,9.823678738150722967e-06,7.207324666092870299e-06,2.617962318998456249e-06,-2.976386836964138742e-06,-7.988465251298211596e-06,-1.085359167958400268e-05,-1.073420542911350471e-05,-7.956312460438153464e-06,-3.951276317123234965e-06,-6.966475655236259105e-07,1.156743194728137248e-07,-2.180699327627451017e-06,-6.913069019480401821e-06,-1.232990444525384754e-05,-1.632479450205041426e-05,-1.730553222377319227e-05,-1.482791613748642681e-05,-9.726191475049841787e-06,-3.703808652864866436e-06,1.410723505686615208e-06,4.399532800262943963e-06,5.063507704487313181e-06,4.152259991985702683e-06,2.892345197138194884e-06,2.366235133973612881e-06,3.040171410065408703e-06,4.641460180517544248e-06,6.401705318799308641e-06,7.506736669829255828e-06,7.510980843363342223e-06,6.516872777632929333e-06,5.057231692789957987e-06,3.774123309185109054e-06,3.081693560395566509e-06,2.989855130940229047e-06,3.164183297269903658e-06,3.164687288688518785e-06,2.714429683869555979e-06,1.844419856504985481e-06,8.410079312926393454e-07,3.827686345805463768e-08,-4.147220308326731472e-07,-6.707387670370334552e-07,-1.112758530158186454e-06,-2.130796100043253562e-06,-3.871893375117986969e-06,-6.106678170706830067e-06,-8.294617029856385043e-06,-9.822611073417613947e-06,-1.029631855935160092e-05,-9.732222780721619360e-06,-8.548132118676034135e-06,-7.354156048337073004e-06,-6.649855217130714261e-06,-6.581548827196081129e-06,-6.881770316582477680e-06,-7.018272716956569472e-06,-6.473084233693404670e-06,-5.008671995604698681e-06,-2.789978875011656544e-06,-3.093909769939566219e-07,1.836688559198687279e-06,3.200049914150105114e-06,3.637454560733071257e-06,3.308229569152462486e-06,2.538194874254172926e-06,1.643117830395413907e-06,8.146486074790070132e-07,1.211573628894679683e-07,-4.026735399235217876e-07,-6.621780394043314399e-07,-4.920311165174903498e-07,2.409834575048019091e-07,1.474125321283494145e-06,2.834474985168530255e-06,3.679350901146443064e-06,3.322053286239887017e-06,1.366264887127718115e-06,-2.009344951824685761e-06,-5.980603942877376285e-06,-9.302214891280312400e-06,-1.076910024536551069e-05,-9.729790489768999311e-06,-6.418544761540417707e-06,-1.934875533812551898e-06,2.150479259029245330e-06,4.412971075537950768e-06,4.154557937544663560e-06,1.692407470557838620e-06,-1.775089803638286676e-06,-4.670260022225739388e-06,-5.688772106044195527e-06,-4.321651114739949315e-06,-1.028523544069869040e-06,2.996990544293487029e-06,6.349257571442782941e-06,7.982184004898524495e-06,7.587962663014229099e-06,5.644176934031622780e-06,3.147053042865588928e-06,1.181846900365851889e-06,5.313060575907674185e-07,1.474795662352597354e-06,3.818105698200579142e-06,7.079958364896189794e-06,1.070347342722642837e-05,1.418250392247904773e-05,1.707260062097624862e-05,1.894272607712134887e-05,1.936429253771286099e-05,1.800472421055061134e-05,1.481129368195156467e-05,1.018699295765267087e-05,5.027398900508977187e-06,5.332573887491004270e-07,-2.178162196011100621e-06,-2.522380881369413705e-06,-7.546285509096857071e-07,2.035014588476713507e-06,4.283223791492810051e-06,4.554412133220693414e-06,2.140045148797635816e-06,-2.606251323638030177e-06,-8.361458292114864671e-06,-1.333678527169101666e-05,-1.599213303132550695e-05,-1.566041281542821287e-05,-1.281124804579979811e-05,-8.835863628298548788e-06,-5.443087324346091520e-06,-3.927522235377524663e-06,-4.627694942008925440e-06,-6.808033256964379425e-06,-9.011087680041357436e-06,-9.719479129188846698e-06,-8.033215482924554733e-06,-4.066357860678807721e-06,1.103472865840430786e-06,5.898654844531684326e-06,8.903565998655137931e-06,9.430360844533347217e-06,7.747581075034049253e-06,4.890036928401908556e-06,2.158044630217503483e-06,5.469425718392728102e-07,3.653635762230457307e-07,1.199405976194048663e-06,2.211148221467044440e-06,2.605111487595789535e-06,2.027392415634345909e-06,7.085024825449941026e-07,-7.039663375932416767e-07,-1.521072768520906452e-06,-1.394970797025441517e-06,-5.096665213117525573e-07,5.158384016240018288e-07,9.590109308249184999e-07,3.864928794817203192e-07,-1.096964034206507710e-06,-2.875710012979105028e-06,-4.118604829118990647e-06,-4.197187335459349070e-06,-3.015901085429272293e-06,-1.084173808854302604e-06,7.127912732466680422e-07,1.536816177824481723e-06,1.006154977005932878e-06,-6.128580229178268705e-07,-2.531715291568901982e-06,-3.827235773808923695e-06,-3.904443064874346145e-06,-2.808555171762324786e-06,-1.230457927954975933e-06,-1.972976997970689264e-07,-5.918178652618314357e-07,-2.726584924633683369e-06,-6.172475948760361338e-06,-9.918751133732512705e-06,-1.278522606013108776e-05,-1.389209885933899078e-05,-1.297449729714469681e-05,-1.041276540074829805e-05,-6.991242102164370683e-06,-3.525863251289098892e-06,-5.517855104549943466e-07,1.785581249184838639e-06,3.610533741082202737e-06,5.066662591875559803e-06,6.100328421756228827e-06,6.416224543414893109e-06,5.640934043525820686e-06,3.607254928524599844e-06,5.942993840819481712e-07,-2.631405606784620302e-06,-5.033402806018489215e-06,-5.708016931990716767e-06,-4.295633350380335648e-06,-1.203678411935681241e-06,2.480032559134992089e-06,5.368103177898515070e-06,6.299338621173773255e-06,4.792455599183699256e-06,1.239639541126567823e-06,-3.236977310404066216e-06,-7.201372030936112612e-06,-9.419275564406600853e-06,-9.270278614841985187e-06,-6.908844649892463030e-06,-3.137411332060415732e-06,9.309500672359956475e-07,4.272547309045022076e-06,6.264646631911362961e-06,6.812747402853689581e-06,6.280049472031890691e-06,5.278087341885352770e-06,4.414410266177305390e-06,4.088711016900358398e-06,4.394679095666722200e-06,5.140615156966053664e-06,5.964292788280673157e-06,6.494977170781769535e-06,6.508335304293651251e-06,6.025315483237497117e-06,5.321770099503018644e-06,4.840610522939139019e-06,5.029745611890106119e-06,6.159133639272987477e-06,8.186610043090445973e-06,1.073317707693647821e-05,1.319117977330749013e-05,1.493408889274230815e-05,1.554732153967650879e-05,1.498088756672515931e-05,1.355090831394250385e-05,1.178162077438517485e-05,1.015493701654761652e-05,8.884242059478247291e-06,7.825051367895060697e-06,6.574221338092459356e-06,4.717427814282390013e-06,2.105835282756020634e-06,-9.814063578482913386e-07,-3.885262696688986006e-06,-5.822273612644387649e-06,-6.238539499931044103e-06,-5.094942181121151689e-06,-2.937580976619727068e-06,-7.027421753963481631e-07,6.680988456244484112e-07,6.316459621123663168e-07,-7.241934108166818609e-07,-2.732579979780689308e-06,-4.468094113504395176e-06,-5.189701391238822753e-06,-4.698885446302689720e-06,-3.441514079955501800e-06,-2.300846228302965092e-06,-2.175163567055651784e-06,-3.537173494176247205e-06,-6.183470806159194277e-06,-9.294814422830865994e-06,-1.178284089550279271e-05,-1.276480453614503967e-05,-1.194842112633373395e-05,-9.751700824417819941e-06,-7.106885697962890731e-06,-5.043982970983606171e-06,-4.248838913074349907e-06,-4.797298477921647323e-06,-6.179403734194305828e-06,-7.588968212109343469e-06,-8.330656914532803955e-06,-8.146682832352023345e-06,-7.310318491424230915e-06,-6.449994205898457292e-06,-6.198754874871119436e-06,-6.846503929320825344e-06,-8.168184806989712405e-06,-9.513307452039257826e-06,-1.011419534764504083e-05,-9.463780534449769236e-06,-7.579507844966982230e-06,-5.023800654570747863e-06,-2.667409764337609888e-06,-1.304404845721078360e-06,-1.298406140201844105e-06,-2.425480711849822567e-06,-3.986890187715808887e-06,-5.138351084519707883e-06,-5.281401841744336302e-06,-4.334323990864405743e-06,-2.757698389181950575e-06,-1.325456734228067244e-06,-7.513379063887029736e-07,-1.346928419704830343e-06,-2.870255626416153259e-06,-4.632261101465839242e-06,-5.806658742413875835e-06,-5.794812799625963630e-06,-4.475494122606941703e-06,-2.228773127379063952e-06,2.661652277180046874e-07,2.352159413269237630e-06,3.674846004196675509e-06,4.290940325604236381e-06,4.563260683197172961e-06,4.910473946155465245e-06,5.550731565835205092e-06,6.376551216530529058e-06,7.025337419703119293e-06,7.104062661861248131e-06,6.443061931646318599e-06,5.236566954361010690e-06,3.986393478222049602e-06,3.270294898417119863e-06,3.453203780987457436e-06,4.496238162663532983e-06,5.973341336747925083e-06,7.299320639896838219e-06,8.059224707370654637e-06,8.267014235878786385e-06,8.406472382711874315e-06,9.210935538478625428e-06,1.127154283104514986e-05,1.465987314216003439e-05,1.875940502062687756e-05,2.241237117929930722e-05,2.434305158052116246e-05,2.368388958095282254e-05,2.037237648246305088e-05,1.523466237337263076e-05,9.706263571440877075e-06,5.299862396097241322e-06,3.041732822175720247e-06,3.111062415577189729e-06,4.825817061649245225e-06,6.967679478347545770e-06,8.296155541132106494e-06,8.030827531926529813e-06,6.108559879022288075e-06,3.130966300335099266e-06,5.352652827344577550e-08,-2.230050615551255972e-06,-3.227575581219298588e-06,-2.983904969697184405e-06,-1.984277639527066347e-06,-8.969265322522237981e-07,-2.823443243247797895e-07,-3.911337578853303829e-07,-1.117168287004613495e-06,-2.099340788548781321e-06,-2.907603600120862125e-06,-3.228259934812738915e-06,-2.980430782153338313e-06,-2.334829413385141585e-06,-1.646275601721084150e-06,-1.336893418805634543e-06,-1.772777243322203420e-06,-3.167959910427446327e-06,-5.534619381275872088e-06,-8.684465521254323549e-06,-1.227543340636566040e-05,-1.588934709692622313e-05,-1.911955431376143397e-05,-2.164451978542698181e-05,-2.326730882371137756e-05,-2.391324742702520453e-05,-2.359547197156788704e-05,-2.237260130864937948e-05,-2.032568637995341255e-05,-1.756916706431341344e-05,-1.428765548328003587e-05,-1.076921329886659423e-05,-7.399779954297487067e-06,-4.598974036103857016e-06,-2.709029719799133809e-06,-1.880012486288966749e-06,-2.007097730824735484e-06,-2.759188370686283606e-06,-3.697432242831258039e-06,-4.436640497270264343e-06,-4.776648492657712901e-06,-4.740576440438818189e-06,-4.500901454310053820e-06,-4.231588511964318000e-06,-3.965493875098708451e-06,-3.537565558589369779e-06,-2.652411110816670279e-06,-1.049065547242637779e-06,1.320075350026125480e-06,4.194545451518338475e-06,7.057532599979782457e-06,9.324207825240753370e-06,1.058451687488287606e-05,1.078352123171676755e-05,1.024548766323914051e-05,9.520338865279051604e-06,9.118442560519765707e-06,9.258516791119433324e-06,9.752858577836343625e-06,1.009209643524675530e-05,9.696753760523417273e-06,8.220686771525781615e-06,5.762302648901200015e-06,2.878577245955168347e-06,3.866493432682801998e-07,-9.638759281588668773e-07,-8.040279385243321002e-07,6.947930831136953298e-07,2.885042643837064333e-06,4.902599373809051595e-06,6.008340270820333093e-06,5.865830345231968533e-06,4.641584369397796427e-06,2.894768741688371618e-06,1.314264211351536401e-06,4.225691941985813614e-07,3.731699470724370586e-07,9.209466997698476402e-07,1.567368997449159655e-06,1.808503058928287762e-06,1.374740883803793941e-06,3.604667570064657066e-07,-8.075623417887948610e-07,-1.545847489576406012e-06,-1.358722961262263609e-06,-5.191079218728361086e-08,2.169222801305929177e-06,4.753218536153575522e-06,6.984739339447221425e-06,8.224252826973242500e-06,8.115348886944083999e-06,6.686439156791552501e-06,4.317428579236455986e-06,1.594753250829279342e-06,-8.814346048874774973e-07,-2.662062843932294323e-06,-3.530043526712019921e-06,-3.483440926369688364e-06,-2.651387342221804650e-06,-1.199227207331006929e-06,7.247967245133311950e-07,2.980302516349812636e-06,5.383428199429207162e-06,7.662668099175551738e-06,9.470452807678953462e-06,1.046739151454311611e-05,1.044958304359822324e-05,9.454149023251370043e-06,7.776575509232121119e-06,5.871173378103658617e-06,4.166660702785384428e-06,2.880949401068254521e-06,1.931874780856699369e-06,1.001286918877631832e-06,-2.663849147487543267e-07,-2.025773661947457392e-06,-4.080500956981534809e-06,-5.916901663489753439e-06,-6.928351961324228262e-06,-6.733786549111879529e-06,-5.430493627966523672e-06,-3.636236265571866842e-06,-2.269818189926049766e-06,-2.150728226874801347e-06,-3.601629884091764950e-06,-6.255038579961590460e-06,-9.180231389109846666e-06,-1.129351260655856121e-05,-1.186812872995116830e-05,-1.089595893518823206e-05,-9.111104741268639932e-06,-7.644643706037296957e-06,-7.465117684173976427e-06,-8.877133043705821334e-06,-1.133582649133636908e-05,-1.368726283247729383e-05,-1.473212098192898225e-05,-1.383800061004890577e-05,-1.128533734085435354e-05,-8.151722712152363053e-06,-5.767102487389676277e-06,-4.997188937157008764e-06,-5.718948311024089632e-06,-6.778684620934761531e-06,-6.496716010321029976e-06,-3.508765688422248274e-06,2.451706960968240409e-06,1.022591407637037747e-05,1.755663071492468045e-05,2.196450292874870086e-05,2.179936650309767578e-05,1.699070678954312999e-05,9.142701224150239859e-06,9.117039611220866305e-07,-5.067972321342800461e-06,-7.235634140233524002e-06,-5.669569751512248219e-06,-1.928276633424256007e-06,1.736777297304452394e-06,3.417747269613389664e-06,2.356827095638789221e-06,-8.306290634018674857e-07,-4.581552549104744123e-06,-7.216696855439931128e-06,-7.755965425757320499e-06,-6.325653216336646436e-06,-3.984527251269134971e-06,-2.089843508828665618e-06,-1.547263914712644139e-06,-2.332718372719169794e-06,-3.523266084261558274e-06,-3.808696565052529369e-06,-2.211452304285717884e-06,1.358862166785765574e-06,6.000927394895410028e-06,1.022046420647361316e-05,1.263098995488534895e-05,1.260518522012443189e-05,1.055347093766210763e-05,7.695762322749034184e-06,5.446160733010869355e-06,4.721079614369418547e-06,5.514930764817302643e-06,6.949596987124832859e-06,7.765470234820077646e-06,7.002551212663254045e-06,4.528291465494609827e-06,1.148073092973116424e-06,-1.757054276041025644e-06,-2.887110974915114553e-06,-1.652612088464068894e-06,1.529623318439332511e-06,5.416186912949777915e-06,8.503396465832965389e-06,9.707102957226244427e-06,8.833362622691580521e-06,6.623381572015578252e-06,4.363089566797674904e-06,3.253815619600400768e-06,3.847334765807970542e-06,5.808081519784349872e-06,8.101612998460273044e-06,9.503584661678830941e-06,9.176487377773210206e-06,7.039949392948005789e-06,3.769873981235202901e-06,4.447598949566063001e-07,-1.975945026129477527e-06,-3.085376944212639511e-06,-3.172700299097912403e-06,-3.022887220153562533e-06,-3.487034455908309400e-06,-5.043294359151900994e-06,-7.563927697490551196e-06,-1.039518276845971885e-05,-1.269969197758140400e-05,-1.388319145718047323e-05,-1.388960467983839204e-05,-1.321693374603548205e-05,-1.264575429425565203e-05,-1.281409600092273456e-05,-1.384896196785108651e-05,-1.523992445494980384e-05,-1.602680865438728619e-05,-1.522551001607364028e-05,-1.230278522226949978e-05,-7.484444114417547020e-06,-1.752941775956879997e-06,3.473798751997616678e-06,6.852413077344699772e-06,7.603981878667139319e-06,5.787661157818936124e-06,2.257616817997128148e-06,-1.663980047600604183e-06,-4.653853402347702557e-06,-5.807245202475395048e-06,-4.861272438613960519e-06,-2.168830617641944976e-06,1.523988440120069814e-06,5.375037216549459791e-06,8.690093278994179930e-06,1.103745435640718633e-05,1.223348361548338330e-05,1.226032522052042865e-05,1.119370203865057557e-05,9.188313476317256981e-06,6.513287522538110942e-06,3.584839422872182234e-06,9.351525541650207649e-07,-9.089116551493545920e-07,-1.605544600904341634e-06,-1.156323200426715011e-06,4.513952745692377465e-08,1.322037636983414727e-06,1.956253047083467314e-06,1.470336101350036697e-06,-1.720180584444818601e-07,-2.539886701907475907e-06,-4.901084447877182643e-06,-6.510941419339590967e-06,-6.898091451230396012e-06,-6.023303714719015057e-06,-4.247425816099773526e-06,-2.133911458712532450e-06,-1.868599328184583025e-07,1.349277930808809664e-06,2.538356340318257950e-06,3.637914525644682704e-06,4.890447093292919508e-06,6.333151888628123795e-06,7.724726098288202470e-06,8.625612125692799990e-06,8.590751671732058920e-06,7.380464667106258321e-06,5.090585581609843514e-06,2.146400650132510183e-06,-8.289423097356377069e-07,-3.206791775675615784e-06,-4.524797694079596286e-06,-4.581204886459578488e-06,-3.441223545368365677e-06,-1.385180655760479005e-06,1.159507749387870070e-06,3.677975687288894333e-06,5.624567091949869161e-06,6.499639001866270669e-06,5.959375998888898006e-06,3.937689345414252690e-06,7.249821924882637066e-07,-3.058427957909872520e-06,-6.621914084135336303e-06,-9.259894162863569419e-06,-1.060370478903552130e-05,-1.075031368724117443e-05,-1.018996938017009200e-05,-9.546613662952094687e-06,-9.243538253738313993e-06,-9.259041288516382253e-06,-9.108005479702557873e-06,-8.080954073742849543e-06,-5.639673538642703101e-06,-1.775704325975985578e-06,2.861793166560238022e-06,7.160439032633281863e-06,9.994104888968697055e-06,1.072304328968364652e-05,9.498110786176339250e-06,7.204420224473895128e-06,5.051807860816059272e-06,3.998533120811502238e-06,4.288692587014049330e-06,5.339706575385985838e-06,6.049316023941043480e-06,5.381391736692155023e-06,2.942158138278373512e-06,-7.485628160763950912e-07,-4.443456472790070372e-06,-6.737646239918643018e-06,-6.752092509180098629e-06,-4.593121689506194853e-06,-1.351365825844926276e-06,1.374711834051120650e-06,2.211182311621265629e-06,6.478495551144748565e-07,-2.723215058133609093e-06,-6.483698601886532394e-06,-9.043553833578878238e-06,-9.355969966659937321e-06,-7.351180478639884833e-06,-3.892628635020940787e-06,-2.983592616546528644e-07,2.317252336760037718e-06,3.547282507303284884e-06,3.798613660397666233e-06,3.969302785973736892e-06,4.886468861935509084e-06,6.811526252223992639e-06,9.275116143366656150e-06,1.132416507420470931e-05,1.204397273274618858e-05,1.107382486161628428e-05,8.839295797504953729e-06,6.373686551017848343e-06,4.815611399153925004e-06,4.837695553662938525e-06,6.296648094005342409e-06,8.281461998189153294e-06,9.534844083347870179e-06,9.037780677734881757e-06,6.471998850017473332e-06,2.344730203174682071e-06,-2.265657141617689915e-06,-6.198116864734786870e-06,-8.682477553513073777e-06,-9.576131467632842457e-06,-9.278811708790522838e-06,-8.410370992378440552e-06,-7.449397642598706509e-06,-6.530802746757806301e-06,-5.494857791710197731e-06,-4.131265977389798930e-06,-2.452753007245945273e-06,-8.214771910587923940e-07,1.589066128476705018e-07,-6.531337268792247678e-08,-1.682804307277156870e-06,-4.358121128364914737e-06,-7.328464235580743764e-06,-9.720109306476511931e-06,-1.092996744056313038e-05,-1.088041836630824542e-05,-1.001900031401252698e-05,-9.064834488658521288e-06,-8.632185430386597695e-06,-8.921721723625908838e-06,-9.632070736441125661e-06,-1.012977335421264645e-05,-9.785104472850779210e-06,-8.301180365544303435e-06,-5.872946147425280767e-06,-3.102866527424467895e-06,-7.226845919800166843e-07,7.371540985144085576e-07,1.170953513964967593e-06,9.154749994263600756e-07,5.677082602289161404e-07,7.022747619087298347e-07,1.626308388171649465e-06,3.278727432327438830e-06,5.302262581850478398e-06,7.233338489079045137e-06,8.707667229100957962e-06,9.586697123722840859e-06,9.961348831390361513e-06,1.005388861216177925e-05,1.008308927090316106e-05,1.016339440969715164e-05,1.027900453148862768e-05,1.032914933949143863e-05,1.020599879999843392e-05,9.857424004677324913e-06,9.303407799605423325e-06,8.604626890769171652e-06,7.807623766643432940e-06,6.901057219750683598e-06,5.809528712879282875e-06,4.431807504150277809e-06,2.708882931564616531e-06,6.925555670684398539e-07,-1.418431651462387011e-06,-3.299775047872920767e-06,-4.587556719378001306e-06,-5.011186737665097937e-06,-4.530746003201778278e-06,-3.420294446618630160e-06,-2.242891211706107564e-06,-1.693814505551877522e-06,-2.341416584277499595e-06,-4.351921757169104029e-06,-7.317626149405130697e-06,-1.029269763386502640e-05,-1.207041999545293423e-05,-1.163091200369397867e-05,-8.593342205030155278e-06,-3.471347772539499620e-06,2.415116461228616591e-06,7.383650628134572545e-06,1.003861171302859365e-05,9.859885592657617395e-06,7.460437206768024509e-06,4.364406192094837726e-06,2.364054799855136923e-06,2.714256965260551208e-06,5.520542270609447977e-06,9.614798564852849650e-06,1.300779305865656088e-05,1.374651016528940484e-05,1.080723839963078089e-05,4.619687677759246539e-06,-3.031358503600437757e-06,-9.704989825700813122e-06,-1.330713824139319455e-05,-1.295603643745919272e-05,-9.324729114897198687e-06,-4.309841231310108050e-06,-1.813490344242413046e-07,1.398004746987342746e-06,4.222090305955150189e-08,-3.288971351142815816e-06,-6.827924623578432393e-06,-8.870709555171000363e-06,-8.565640340175273139e-06,-6.257546068232031597e-06,-3.249973666260035080e-06,-1.126974033026563910e-06,-9.768153846314097179e-07,-2.889297632724527741e-06,-5.949516883182756573e-06,-8.703301810390736895e-06,-9.846839644273798874e-06,-8.801304899151586711e-06,-5.909998940059935337e-06,-2.194097953511798455e-06,1.180066936691680389e-06,3.441229657947755419e-06,4.498089594998566635e-06,4.852390355111155465e-06,5.217675115337417773e-06,6.063405250418350874e-06,7.326710501810046787e-06,8.433071318955902222e-06,8.601004138826191575e-06,7.261995777115533095e-06,4.376710840689140391e-06,4.916282406258968220e-07,-3.481909577610806869e-06,-6.645765869918367238e-06,-8.460350028509197159e-06,-8.897456148326923062e-06,-8.348306179713485331e-06,-7.359501605686971046e-06,-6.347401064550693430e-06,-5.436024629348750998e-06,-4.484217765617753993e-06,-3.261357498905988987e-06,-1.655084649006788914e-06,2.127691469322845282e-07,2.025397610357344278e-06,3.437024864694009951e-06,4.265724725383310670e-06,4.599582564779571684e-06,4.752612640142436358e-06,5.091168487194485744e-06,5.823866788980883276e-06,6.869481174079179519e-06,7.876985434302943479e-06,8.391930541666111582e-06,8.086107850006857433e-06,6.933315265933375216e-06,5.240361952060409426e-06,3.515217488482967751e-06,2.235964876901380617e-06,1.633605104343936249e-06,1.594491008005904597e-06,1.728725628405097813e-06,1.569490656701583577e-06,8.052981635033990372e-07,-5.671052423152568743e-07,-2.241173929522324993e-06,-3.748179718614931387e-06,-4.680176203729889841e-06,-4.879415517866516072e-06,-4.502692322530000367e-06,-3.929619757687082657e-06,-3.558389991826444014e-06,-3.586314090631519758e-06,-3.880985394040023941e-06,-4.007951237935093490e-06,-3.410757548543059692e-06,-1.670412336828216736e-06,1.266302007601389188e-06,4.990727351729198947e-06,8.717197999696065622e-06,1.152456661293499410e-05,1.266626041696579348e-05,1.183180400748456953e-05,9.259888028968553630e-06,5.659150335775385718e-06,1.965722347048626831e-06,-9.719822086782504239e-07,-2.664276280454718610e-06,-3.108400465898268336e-06,-2.731209053275064118e-06,-2.175427164576709398e-06,-2.018422843174719161e-06,-2.536951150275782974e-06,-3.610650101843765674e-06,-4.799108280839873718e-06,-5.555147256080917774e-06,-5.480044959140954095e-06,-4.508848236270797272e-06,-2.944086980670854433e-06,-1.322482644043202681e-06,-1.738764020171809686e-07,2.181567520215134057e-07,-5.773612146189872988e-08,-5.909439193797099395e-07,-8.578062256598996464e-07,-4.954143990122344213e-07,4.896698542709982022e-07,1.684350338328959195e-06,2.434292656607811118e-06,2.146457504169718843e-06,5.923636787587652249e-07,-1.935313436105202716e-06,-4.700829676214614038e-06,-6.819838158239472357e-06,-7.646377175263648394e-06,-7.074771176826727932e-06,-5.606707341681622963e-06,-4.135777991516456063e-06,-3.534002850312599973e-06,-4.225476457457153073e-06,-5.950499506344371132e-06,-7.845040481937323325e-06,-8.816849310228411281e-06,-8.056346139388719543e-06,-5.446764014388714642e-06,-1.673461769058610937e-06,2.034426132020232955e-06,4.425217808090320618e-06,4.775140301354709237e-06,3.212400766519386593e-06,6.590618887706404153e-07,-1.587501001713081647e-06,-2.440110951530608714e-06,-1.498805245457753567e-06,8.060698156021738092e-07,3.469462015254306763e-06,5.436185918329165147e-06,6.131959740364940732e-06,5.734554480929746728e-06,5.048107482189170233e-06,5.043821733551113361e-06,6.301625132934840669e-06,8.642594353504520996e-06,1.115058356304137184e-05,1.258680848675939553e-05,1.199993984026224201e-05,9.228872660578892162e-06,5.041482618020057930e-06,8.299626025434529152e-07,-1.995986310945856417e-06,-2.624314320135497187e-06,-1.164631759941865004e-06,1.472569661534922321e-06,4.070613233312244800e-06,5.715620983350651685e-06,6.204660184678779653e-06,6.045635683587780866e-06,6.058125342661539815e-06,6.798085110036326448e-06,8.127994231180955752e-06,9.183364253525794704e-06,8.779785280736591030e-06,6.066965608878455613e-06,1.091493843439998735e-06,-5.042871683377382310e-06,-1.053788305546042211e-05,-1.364550210019733543e-05,-1.345305069569135462e-05,-1.033108836359789038e-05,-5.816955379465849892e-06,-1.972944003477449443e-06,-5.092541559172984281e-07,-2.074416452077856684e-06,-6.034372042071553318e-06,-1.082662037042596505e-05,-1.470380282819493979e-05,-1.650464532088408428e-05,-1.609281395204660640e-05,-1.427952288150502955e-05,-1.230255378975988399e-05,-1.114432782629456344e-05,-1.103401411416450809e-05,-1.136926729375453904e-05,-1.107379594209110990e-05,-9.190968693596421741e-06,-5.407398291652024723e-06,-2.504942246806453270e-07,5.123091470122655344e-06,9.427894465516009628e-06,1.178703465676873439e-05,1.205449750784770709e-05,1.079202807197188057e-05,8.944748089255294404e-06,7.396519789334636389e-06,6.621813427945173961e-06,6.578036949794756241e-06,6.848764540066778472e-06,6.927529128687132557e-06,6.482710760178362120e-06,5.481848426865908954e-06,4.146725697116882900e-06,2.802042465067353318e-06,1.721791225615081033e-06,1.053800822897615416e-06,8.377843866322282011e-07,1.070040816674365030e-06,1.746293160041160167e-06,2.842210640068854597e-06,4.246443088654387305e-06,5.704973311979608715e-06,6.838249265054251089e-06,7.250821451827156567e-06,6.692519324414693023e-06,5.188716948984019394e-06,3.062475090886178959e-06,8.232485310595195045e-07,-1.032653522570398806e-06,-2.215462013133558418e-06,-2.735393788743863078e-06,-2.853222863694614965e-06,-2.918386874104724942e-06,-3.180682369412928338e-06,-3.670000898845313565e-06,-4.197206546289316860e-06,-4.463288062701263027e-06,-4.210801024363980958e-06,-3.339223689566086095e-06,-1.936923368449744105e-06,-2.343917088481071686e-07,1.476720997217860918e-06,2.909169869479584017e-06,3.809147539975141869e-06,3.966152652475999496e-06,3.239815358293390089e-06,1.623076631690391363e-06,-6.811449291779121332e-07,-3.229855967514297468e-06,-5.416716313570870924e-06,-6.668024356288581784e-06,-6.695286424511052212e-06,-5.683202701973549619e-06,-4.292319390694229687e-06,-3.428439300755436408e-06,-3.847791694915443111e-06,-5.768354124191501164e-06,-8.683477030586931851e-06,-1.149826993758328996e-05,-1.295962293057321381e-05,-1.219890859025456498e-05,-9.132999520781027490e-06,-4.520483801163923071e-06,3.705643938452629180e-07,4.334516539937084120e-06,6.763907781444094193e-06,7.881099540203260215e-06,8.544319806670528790e-06,9.721526977133488937e-06,1.190042379193985763e-05,1.474499172630133379e-05,1.719107626848205442e-05,1.795126489611341444e-05,1.618445429172989179e-05,1.198983557527199832e-05,6.461802381513000178e-06,1.256938378744652786e-06,-2.129900451908467587e-06,-3.031469521451657432e-06,-1.888413545867778586e-06,-3.007133203508984451e-09,1.115065584611794547e-06,4.902316899219587840e-07,-1.853576699574997088e-06,-4.928989280047573416e-06,-7.298785250326720056e-06,-7.807802340720324904e-06,-6.169719030074077460e-06,-3.121949998863692834e-06,-7.833017275750917730e-08,1.544414095985503540e-06,9.961388362202695790e-07,-1.460941060889177851e-06,-4.685195618258842719e-06,-7.189736644674433368e-06,-7.815280881633172321e-06,-6.228138971092178939e-06,-3.029005015485094299e-06,5.495641748754720315e-07,3.191904017189644696e-06,4.034559363629384823e-06,2.961690352960262299e-06,5.656052213912718573e-07,-2.165798420086220189e-06,-4.266828159937722790e-06,-5.134767622480844534e-06,-4.679193995891216250e-06,-3.267885590202880603e-06,-1.539125412670134006e-06,-1.781688880727959201e-07,2.676856544211121651e-07,-4.938598264836643963e-07,-2.446830036003071472e-06,-5.267654596146773471e-06,-8.382831295681934515e-06,-1.109408139457980788e-05,-1.276495015176882797e-05,-1.302480130707111602e-05,-1.191125687424871073e-05,-9.871314581243613553e-06,-7.589728207297700617e-06,-5.695542992154636908e-06,-4.472325043962429160e-06,-3.718438576197590776e-06,-2.847990959553873162e-06,-1.209034168362858167e-06,1.522281668140201753e-06,5.070647652360137080e-06,8.571725524582659005e-06,1.089301743740795497e-05,1.113825648458017083e-05,9.102707029163182681e-06,5.451435258116000117e-06,1.512536773694767774e-06,-1.241694425840172306e-06,-1.798878936623636984e-06,-2.064902555346172358e-08,3.324521932439688914e-06,6.923222058980665337e-06,9.502131903271662360e-06,1.036303408940225089e-05,9.625844260244117710e-06,8.084454366237440391e-06,6.768056075930716897e-06,6.436191895347502283e-06,7.254073090005457577e-06,8.791245680736357401e-06,1.031810280374723007e-05,1.122815298829301883e-05,1.136175914698279288e-05,1.107076387756890470e-05,1.100480570992268774e-05,1.174341323283293050e-05,1.347023112084786434e-05,1.585412171735775820e-05,1.818837986500953708e-05,1.970651054612880497e-05,1.990975685814287872e-05,1.874706037680884350e-05,1.657359698353215330e-05,1.393018873331645632e-05,1.127111345548339722e-05,8.780892573025024872e-06,6.360707293616869557e-06,3.769284827366569787e-06,8.242841796993995369e-07,-2.451853380362789777e-06,-5.816229706477028073e-06,-8.917131469752201942e-06,-1.146085947989639454e-05,-1.333707438171946035e-05,-1.463601468022129077e-05,-1.555548305983573272e-05,-1.625745903800576453e-05,-1.676036739814036202e-05,-1.693132806161352040e-05,-1.658694544375276681e-05,-1.565193126893267258e-05,-1.429241914511217770e-05,-1.295004549085402536e-05,-1.224721605819547047e-05,-1.279099791447751045e-05,-1.494685986817516101e-05,-1.866689049959579567e-05,-2.343781004731811509e-05,-2.837264779435786082e-05,-3.242288379203075885e-05,-3.465020604576943763e-05,-3.447829859588060337e-05,-3.184883409671260789e-05,-2.723115418651534574e-05,-2.147715312611426429e-05,-1.556219127700689936e-05,-1.029503787933181116e-05,-6.098127224698595268e-06,-2.941292138837596334e-06,-4.574527760819206540e-07,1.805650759180838490e-06,4.107219772512880542e-06,6.339254107642435619e-06,8.048866253025243708e-06,8.662108022879091580e-06,7.814778078904776465e-06,5.632151553016069022e-06,2.808294129692834892e-06,4.199959080343294857e-07,-4.647510658377544702e-07,7.821145132389815774e-07,4.075673277360659160e-06,8.636997650737817585e-06,1.330476329527105946e-05,1.700068678036462358e-05,1.913462026130982290e-05,1.976442259338701712e-05,1.944781293287152688e-05,1.887779136879328611e-05,1.850054911356771188e-05,1.831818764845326034e-05,1.797462805585225368e-05,1.706562319428363639e-05,1.548688636652994087e-05,1.360812340848297775e-05,1.215285327925961705e-05,1.182797475464151712e-05,1.289542401396388622e-05,1.492802472376023669e-05,1.690987695035063110e-05,1.766562962347621070e-05,1.642308644561196881e-05,1.322679828776653302e-05,8.978297048581010775e-06,5.058167116415588937e-06,2.697349004794120370e-06,2.400123797907924383e-06,3.705809436630013452e-06,5.413357123755253667e-06,6.162876825830273557e-06,5.087844263223119452e-06,2.215130198764043876e-06,-1.582132171136776108e-06,-5.045794359521404270e-06,-7.164012364188726456e-06,-7.644150611899118804e-06,-6.985343777773544094e-06,-6.121804156353532732e-06,-5.836317969854517956e-06,-6.267043529352774106e-06,-6.783649516801571197e-06,-6.314075651994540463e-06,-3.961665901631615937e-06,4.093015991729980315e-07,5.937337109901801815e-06,1.102347290037454945e-05,1.398249119875842483e-05,1.377816706025534826e-05,1.048519164253902039e-05,5.250418779884193333e-06,-2.292830788832558025e-07,-4.459482347610332823e-06,-6.769278954170851867e-06,-7.511051666787039056e-06,-7.762136325866603780e-06,-8.697271433942655941e-06,-1.095523247364534943e-05,-1.431222861220871906e-05,-1.780920028280619035e-05,-2.024839746996525249e-05,-2.079509622555916407e-05,-1.938073890443469253e-05,-1.671766076866058493e-05,-1.393826998625114886e-05,-1.205655579744794952e-05,-1.152490683912841560e-05,-1.209299027854743208e-05,-1.301025283448184865e-05,-1.343995699520614667e-05,-1.285979660528026326e-05,-1.125378140988169475e-05,-9.027463513267576501e-06,-6.729360670094733173e-06,-4.753972258347821041e-06,-3.191080059070300360e-06,-1.885773552493784208e-06,-6.455632511096254449e-07,5.514261695575925594e-07,1.485599772757584821e-06,1.811551289930351723e-06,1.292814289164831117e-06,1.263976153385167448e-08,-1.573465524467709713e-06,-2.789874666492404782e-06,-3.027718953864263579e-06,-2.018173100006276350e-06,5.187058170510216490e-08,2.640894150408289520e-06,5.112124335138292120e-06,7.008596705631069533e-06,8.198179212016544354e-06,8.822162182867500897e-06,9.097352396666803852e-06,9.107762410185034430e-06,8.727130262259777944e-06,7.732564379544178799e-06,6.047429203525491679e-06,3.958937400335126519e-06,2.150055324137264762e-06,1.476736857987152692e-06,2.565483485927498493e-06,5.424950448114669176e-06,9.289230063937888490e-06,1.281715105154058180e-05,1.460125514164340970e-05,1.377624354236940896e-05,1.044579875750869373e-05,5.711645049117099680e-06,1.264739473116136557e-06,-1.296806350352825828e-06,-1.124990685638572224e-06,1.538673474176204560e-06,5.490970163814150178e-06,9.097105453380131327e-06,1.097635072073154807e-05,1.053366253573247067e-05,8.111876887311175247e-06,4.725742808689081405e-06,1.534943231421316438e-06,-6.766304940977199510e-07,-1.773166620607457999e-06,-2.189523857515191270e-06,-2.583488565161782701e-06,-3.424844854873936077e-06,-4.741899316643379893e-06,-6.145070786087232059e-06,-7.090311636218765713e-06,-7.217543412239194763e-06,-6.567138190898342842e-06,-5.553983353545065450e-06,-4.718774398611039530e-06,-4.402049845948766503e-06,-4.529749943145563060e-06,-4.637215959624014487e-06,-4.126182736471468318e-06,-2.618937919597898580e-06,-2.164701711517404902e-07,2.485426171955616346e-06,4.641277958174492828e-06,5.542540742356097379e-06,4.949088918457755670e-06,3.195428509027128253e-06,1.017531346228823190e-06,-8.092925827229236799e-07,-1.834205170275922108e-06,-2.110586366672785195e-06,-2.104553048007663187e-06,-2.388272038890605664e-06,-3.286311118016739148e-06,-4.665858523783315822e-06,-5.983587122829608907e-06,-6.565263735708119448e-06,-5.971287423007825438e-06,-4.256472325762943871e-06,-1.988039038675514927e-06,-1.135186026527787103e-08,9.182814921146442686e-07,4.545364406163007448e-07,-1.222383376328505829e-06,-3.533657437063711084e-06,-5.793329263479510469e-06,-7.504263061518046228e-06,-8.509729179055409607e-06,-8.940247817940456972e-06,-9.011095831850402253e-06,-8.804893123514183633e-06,-8.173851186775808866e-06,-6.819989002184372443e-06,-4.503627749224430838e-06,-1.252470021836770575e-06,2.560182184926268036e-06,6.326701386141593917e-06,9.455981578549622375e-06,1.163090702556837548e-05,1.292957511837364275e-05,1.373791855224124490e-05,1.449484587179727036e-05,1.540542154366184680e-05,1.628027309150568430e-05,1.659614769159922383e-05,1.575588702231168518e-05,1.341811910088353472e-05,9.725859622030071983e-06,5.311751902391660331e-06,1.070788918130595977e-06,-2.190475054538970416e-06,-4.058031125981058209e-06,-4.624785895876014538e-06,-4.371794921473459135e-06,-3.891250172276943777e-06,-3.600545164152930122e-06,-3.589881926594120775e-06,-3.664904632271481387e-06,-3.537502247987865102e-06,-3.042080875141056646e-06,-2.251125540751811868e-06,-1.431199716647325640e-06,-8.776548112862618345e-07,-7.366680175095996890e-07,-9.269159706932682872e-07,-1.209467594917988259e-06,-1.361747286986426436e-06,-1.344952028806503990e-06,-1.354271275192633909e-06,-1.709239665519517150e-06,-2.639021632308204128e-06,-4.087314693840111484e-06,-5.660940751673452601e-06,-6.771634532427793993e-06,-6.911448790790397542e-06,-5.919790799735503092e-06,-4.093228237716599068e-06,-2.066032500870154347e-06,-5.111902079979539128e-07,1.874784211214363061e-07,1.184468709191794087e-07,-2.217010349240592370e-07,-2.122525717733284485e-07,5.355384242871720587e-07,1.942264371563027515e-06,3.477786401591459903e-06,4.433080325896718685e-06,4.309207640601422980e-06,3.116989561916209396e-06,1.420066957506315489e-06,8.376167635091510441e-08,-1.537467825585185007e-07,9.264115461915131882e-07,2.871587420135230780e-06,4.732275967901076352e-06,5.487227699490405348e-06,4.515506309383868685e-06,1.886183921011701603e-06,-1.674901430973578553e-06,-5.123599598018684678e-06,-7.575196895113122285e-06,-8.690862876833817214e-06,-8.791195505235550439e-06,-8.650858475121512675e-06,-9.081592866012268175e-06,-1.050707786345934894e-05,-1.272882302894637223e-05,-1.498514875943936727e-05,-1.626705523188966453e-05,-1.574274227391184663e-05,-1.310578479485789832e-05,-8.709390188876472825e-06,-3.449679028309808579e-06,1.536622541752195920e-06,5.234262825089112257e-06,7.044118724749579879e-06,6.928055573891245832e-06,5.382837923154678355e-06,3.271814153889935745e-06,1.569567597385546802e-06,1.082372009735617203e-06,2.207424747717328397e-06,4.792072729409499669e-06,8.144953697462775614e-06,1.122268132599062626e-05,1.296366192336281567e-05,1.267712231162194016e-05,1.034912811076648885e-05,6.729774633261706202e-06,3.131358082805474103e-06,9.796777217479009623e-07,1.274030049064553492e-06,4.170641494151836051e-06,8.872679636307900726e-06,1.389186860750694845e-05,1.758993091497686620e-05,1.878366856452484378e-05,1.716557231319984839e-05,1.337058616956465467e-05,8.674352123354027989e-06,4.467031962130675447e-06,1.735669751273785639e-06,7.676294371686542337e-07,1.172333348034534630e-06,2.168251538588465364e-06,2.970851669021945905e-06,3.095260356273260464e-06,2.456863968494479927e-06,1.269720141229784791e-06,-1.582325277888729019e-07,-1.602119010492728394e-06,-2.981966496118526599e-06,-4.307925267972959793e-06,-5.580400790739022351e-06,-6.734162833046844314e-06,-7.671120151303101485e-06,-8.352591360404916770e-06,-8.869159651126953293e-06,-9.411817751522974184e-06,-1.013231439080263430e-05,-1.096501273428729904e-05,-1.153216195044255918e-05,-1.123091765976496998e-05,-9.507226412663551099e-06,-6.205912960162372569e-06,-1.814622876469380908e-06,2.559506964695528478e-06,5.526422849410873152e-06,5.951620620927360210e-06,3.465932489643820998e-06,-1.297972521217830465e-06,-6.879090011271221008e-06,-1.152417769101688919e-05,-1.386629042056046147e-05,-1.345026647418066105e-05,-1.087216746293063826e-05,-7.473001390259540663e-06,-4.729264249528430814e-06,-3.617426393979231291e-06,-4.233298603442678791e-06,-5.821219736724606059e-06,-7.175645936275878780e-06,-7.212116573531719672e-06,-5.442034263802726387e-06,-2.149312257488700955e-06,1.781821622236924338e-06,5.277365217236716063e-06,7.517031303301051531e-06,8.214637256704073826e-06,7.637340409535974567e-06,6.395884844138831781e-06,5.135086900901914426e-06,4.276497147398689487e-06,3.913956930077248945e-06,3.874009922416449553e-06,3.875928851435122698e-06,3.695552343090325321e-06,3.258593007356265195e-06,2.640600735968149752e-06,1.999601198866072756e-06,1.489774707472623374e-06,1.196792381458951799e-06,1.111727402195298231e-06,1.140004555333652839e-06,1.135305029946540776e-06,9.522597764961260038e-07,5.139683423741892023e-07,-1.183165406042988071e-07,-7.025839863426106282e-07,-8.394222255123814593e-07,-8.667568280730343522e-08,1.849839851830442631e-06,4.916528926811551969e-06,8.602789409307499266e-06,1.200814476046866165e-05,1.410486538670551815e-05,1.412008382726115086e-05,1.188427361659345149e-05,7.979418859182229936e-06,3.588782683453732492e-06,7.791844968778856693e-08,-1.533977214274317318e-06,-9.871423349024014594e-07,1.110303157476914807e-06,3.538909658553715813e-06,4.985631943916396161e-06,4.597190204150219856e-06,2.324458970617830457e-06,-1.091603273592972160e-06,-4.477050161035135595e-06,-6.753757487162354276e-06,-7.396045936985870732e-06,-6.614660729494971025e-06,-5.202691539194227282e-06,-4.136459591452440712e-06,-4.129531230466850694e-06,-5.343029403071712733e-06,-7.365203303417041786e-06,-9.438921895617951904e-06,-1.080604708778428537e-05,-1.100279414989561683e-05,-9.988134654868259440e-06,-8.083494907867265212e-06,-5.791602472560735203e-06,-3.601206640232123747e-06,-1.861529213611475703e-06,-7.498877228036103808e-07,-2.995447185459406958e-07,-4.352487688071869962e-07,-9.863975986064893152e-07,-1.689329405254506414e-06,-2.216694527382382055e-06,-2.261051335193712212e-06,-1.656922085898659747e-06,-4.803197943988283182e-07,9.474465653304019934e-07,2.187024037873832896e-06,2.901643223580175296e-06,3.066262723689365136e-06,3.043074041069502751e-06,3.453558428311636793e-06,4.879598619547393360e-06,7.526391650036012077e-06,1.102070313157875964e-05,1.446923712286861035e-05,1.678049976766756636e-05,1.711813091784756137e-05,1.527543766446496745e-05,1.178541076320283139e-05,7.701535321215879465e-06,4.144469725856867908e-06,1.827313975133041601e-06,7.857637279522202349e-07,4.392972040834715947e-07,-5.509687762566408682e-08,-1.340651112633383115e-06,-3.525606096778634880e-06,-6.141637066236710326e-06,-8.408687522543543486e-06,-9.660244068325531323e-06,-9.701757738132673969e-06,-8.912703579402791041e-06,-8.039096624319680680e-06,-7.786364354653318816e-06,-8.427190731193658747e-06,-9.631370293587196633e-06,-1.060984714681679659e-05,-1.050347771853991168e-05,-8.822352257795369382e-06,-5.716850193772402900e-06,-1.947400413831521547e-06,1.430056770049025385e-06,3.509001861100461564e-06,3.897685343043211231e-06,2.843551115536785521e-06,1.078669368097922508e-06,-5.197152478529797684e-07,-1.284045508395800521e-06,-9.706893620728393613e-07,2.358930477415550497e-07,1.890187951461102018e-06,3.512277951588309679e-06,4.757809833956361172e-06,5.470901680596699725e-06,5.636708727878253485e-06,5.302078393930839547e-06,4.532363031385027559e-06,3.427042617273447519e-06,2.160535697425533792e-06,9.866372967240287128e-07,1.652430897900351718e-07,-1.733241316900842234e-07,-1.542690786693540040e-07,-1.844380770721241821e-07,-8.268377687710745936e-07,-2.550745916052889692e-06,-5.462196706623309203e-06,-9.150609071893059531e-06,-1.274883641946723004e-05,-1.520968995899978055e-05,-1.569684024789172515e-05,-1.392513710146299128e-05,-1.029857183856527472e-05,-5.779584444047658741e-06,-1.541265459992741383e-06,1.451810914006947373e-06,2.761810517425860957e-06,2.573947571667774855e-06,1.551799593338815526e-06,5.350103719917994477e-07,2.188321565727456733e-07,9.434253501893286900e-07,2.654587815870662113e-06,5.014266141249079671e-06,7.580164339231242740e-06,9.963085409622644882e-06,1.190501057523253371e-05,1.327477418278896216e-05,1.401996554720816352e-05,1.412347997731105174e-05,1.359207341895692847e-05,1.247114846560555048e-05,1.085821038583541965e-05,8.890394854390147407e-06,6.705099885310546717e-06,4.399029459973915909e-06,2.019951867608170637e-06,-3.915819683032316096e-07,-2.727880233388779590e-06,-4.755107854057075957e-06,-6.122803238633509653e-06,-6.466391004486857192e-06,-5.576011388551822350e-06,-3.557807533249741058e-06,-8.984477963814846876e-07,1.626148070412668814e-06,3.190406196809032942e-06,3.226128879655172104e-06,1.671697097250787369e-06,-9.523584909201182994e-07,-3.693359765621624060e-06,-5.501001539667977921e-06,-5.623522714489837087e-06,-3.909152380641775092e-06,-8.880380332953748029e-07,2.405012828503103903e-06,4.803093244733784926e-06,5.432571232051842780e-06,4.027940891875754357e-06,1.017960514675634298e-06,-2.643440386241681511e-06,-5.828232159509069165e-06,-7.627000877735785012e-06,-7.634607486137059225e-06,-6.031274947551933478e-06,-3.448485944890965094e-06,-6.940316422758819683e-07,1.541504970431011877e-06,2.881284451939398795e-06,3.300916990514290487e-06,3.023828142130138541e-06,2.348606552696156789e-06,1.503139213720573154e-06,5.921094309715287081e-07,-3.547466274204720953e-07,-1.284767455766009549e-06,-2.053083061816769887e-06,-2.441186003533772811e-06,-2.267339689129361581e-06,-1.530914267868177228e-06,-4.993289624404901190e-07,3.366261193384081593e-07,4.496241570737246529e-07,-4.649613329402936738e-07,-2.281647552217720939e-06,-4.408862073487321986e-06,-5.974792565846732232e-06,-6.179883469669884447e-06,-4.669297651819010104e-06,-1.749886665964269487e-06,1.668432443752710786e-06,4.406894106634550188e-06,5.496683579873367277e-06,4.593141691127053089e-06,2.133082146247534568e-06,-8.472196145377318933e-07,-3.161113185767353379e-06,-3.988708870022175128e-06,-3.226601482433673487e-06,-1.509233347618060076e-06,1.066342105420007736e-07,6.446143500417252699e-07,-3.388149659000436164e-07,-2.563362124647952809e-06,-5.179401682858990383e-06,-7.185043010130244639e-06,-7.898500829338638051e-06,-7.256793217188564763e-06,-5.802166489146690010e-06,-4.373816963744288030e-06,-3.666204220194034286e-06,-3.875854486074833549e-06,-4.608226646279595069e-06,-5.083103701239573383e-06,-4.529680725498956063e-06,-2.574406890521192584e-06,5.633388751547041714e-07,4.151430383769396836e-06,7.249330204925212470e-06,9.084313094863874353e-06,9.328506003285598749e-06,8.170652180103941251e-06,6.184329824186149890e-06,4.085693714409942319e-06,2.503953189656794005e-06,1.849755061143369001e-06,2.291997000373690137e-06,3.791585893124560229e-06,6.128024425160447107e-06,8.894078449240723551e-06,1.149302546601311775e-05,1.320595738808242506e-05,1.337294412347577626e-05,1.165808797714003756e-05,8.287233970891958961e-06,4.113600837653476874e-06,4.152589692191674388e-07,-1.551507139045789382e-06,-1.083050606956371376e-06,1.593955152007367973e-06,5.301951309266267874e-06,8.309723155909209892e-06,9.015119007830568645e-06,6.631156092830909357e-06,1.566377166073816292e-06,-4.690236707393141729e-06,-1.015190029770359540e-05,-1.314074233012743299e-05,-1.296576158622635495e-05,-1.017211432261046051e-05,-6.255618522230467435e-06,-2.980543244452877860e-06,-1.617273870204728537e-06,-2.444536909425694627e-06,-4.726869898918724414e-06,-7.148965636979693490e-06,-8.476562416739812458e-06,-8.120174677148769615e-06,-6.344093136258007552e-06,-4.050170085378880802e-06,-2.277015568556393186e-06,-1.684991292453941610e-06,-2.284981791377123475e-06,-3.527280052316235245e-06,-4.673852232235081914e-06,-5.233841749302576592e-06,-5.220503153930997772e-06,-5.094753744603332078e-06,-5.436206198769109699e-06,-6.532641400495173105e-06,-8.124427475107861511e-06,-9.458339562730687760e-06,-9.639475225484332604e-06,-8.107662371056087431e-06,-4.990839139080548097e-06,-1.141359226932981270e-06,2.184384224180503726e-06,3.864969144263586632e-06,3.421837087145251290e-06,1.256131054319131228e-06,-1.499410979051943139e-06,-3.447558815056572515e-06,-3.500655951374464145e-06,-1.306318040603913631e-06,2.653720741036897453e-06,7.314098014374263820e-06,1.149015769103084689e-05,1.433512327397537052e-05,1.559191569744680674e-05,1.555451867296289337e-05,1.479696979065244476e-05,1.383059101836330472e-05,1.286575806700960298e-05,1.178265933302186323e-05,1.029840518003731529e-05,8.217261859958888628e-06,5.616145134307102738e-06,2.862114644364477704e-06,4.550132574252972598e-07,-1.215701114605709109e-06,-2.065160780278876037e-06,-2.350194861417979692e-06,-2.524763970385139435e-06,-2.985617632238467153e-06,-3.839727586656810276e-06,-4.817480796593306179e-06,-5.384453488611248320e-06,-5.005179035938957439e-06,-3.433935838281747768e-06,-8.891766457432754127e-07,1.980402304689064286e-06,4.332937271253775988e-06,5.471447768383007432e-06,5.130273980139919557e-06,3.577974218852894578e-06,1.487707667787534103e-06,-3.667526184758313916e-07,-1.449766846844323168e-06,-1.680357740260492331e-06,-1.425398062321510734e-06,-1.272638128917909413e-06,-1.691775034535827230e-06,-2.748389824969583109e-06,-4.015910280106755773e-06,-4.741471737879886510e-06,-4.201795900014040525e-06,-2.089650529436725622e-06,1.254265336531990732e-06,4.889653602020834466e-06,7.609156368915498664e-06,8.427937909079480066e-06,7.021997839620446719e-06,3.915416555913057307e-06,3.158639028165974558e-07,-2.352439295014544876e-06,-3.033083405701344196e-06,-1.492996652430129121e-06,1.552456053788886990e-06,4.711602184399652384e-06,6.483470568974373991e-06,5.886869119669937647e-06,2.885295549692337185e-06,-1.577570628941294280e-06,-5.954065441804782716e-06,-8.726836651517381381e-06,-9.035072660249462677e-06,-7.027040304080146576e-06,-3.788148224874184389e-06,-8.742649846928247448e-07,3.514317175011366132e-07,-7.039105231898047303e-07,-3.615338808542711893e-06,-7.125338573900824035e-06,-9.679304249419305316e-06,-1.008072369665219788e-05,-7.987962610936202759e-06,-4.046565005095723554e-06,3.901969255414671905e-07,3.824107358006432534e-06,5.213153536686634051e-06,4.357486611263668677e-06,1.916988475774396738e-06,-9.298879663134352818e-07,-3.023293496054019147e-06,-3.715320332670788141e-06,-3.109411311339895144e-06,-1.955672635864003376e-06,-1.266244666826765011e-06,-1.834537719940040023e-06,-3.875696326495064946e-06,-6.941610555161506333e-06,-1.013445841013753510e-05,-1.250846513353941622e-05,-1.347071702370641200e-05,-1.300176727564514916e-05,-1.160738405582245068e-05,-1.003966662030315418e-05,-8.929401669758791198e-06,-8.505135124772374654e-06,-8.525055747567273639e-06,-8.441420711019122230e-06,-7.705716777315669650e-06,-6.058844473939813742e-06,-3.663329184297927877e-06,-1.015941057278786971e-06,1.311291825392881979e-06,2.969045383914358363e-06,4.015789215699789081e-06,4.893090055038135783e-06,6.196524920312343891e-06,8.348163262717847610e-06,1.132746007675832063e-05,1.459448692801911309e-05,1.725343571268974635e-05,1.839525530509782876e-05,1.747622473018028947e-05,1.457103983188320558e-05,1.039159575816622495e-05,6.061126623034026998e-06,2.733433292888333443e-06,1.205830790536527661e-06,1.669884288236764620e-06,3.682518204102550139e-06,6.351745541297493669e-06,8.654260606693826624e-06,9.765328684915753357e-06,9.293143370102853942e-06,7.357478330366681648e-06,4.511481563651429383e-06,1.552230310604388061e-06,-7.126050226515562400e-07,-1.677315355533865304e-06,-1.082823622523162661e-06,9.318201641489368750e-07,3.876296605417526172e-06,7.041335933773854002e-06,9.686008536172149004e-06,1.123360740887258802e-05,1.142148145377989055e-05,1.035728251943932013e-05,8.460127655106741137e-06,6.304545536264377998e-06,4.422953895055678848e-06,3.140881042707426161e-06,2.506712393316106796e-06,2.336981282298606111e-06,2.346541259954317037e-06,2.295104272237271812e-06,2.077196246256796176e-06,1.715050539919468391e-06,1.267613530016995399e-06,7.159197781289072540e-07,-9.994927659859561541e-08,-1.443698626771853621e-06,-3.552285385170891109e-06,-6.474210131238124044e-06,-9.963727503253083623e-06,-1.349723946649268935e-05,-1.642031162641972237e-05,-1.816795578251835733e-05,-1.846146368288863619e-05,-1.739362501588736400e-05,-1.536721766057845163e-05,-1.292215639310054644e-05,-1.053795547427534479e-05,-8.503529082968795016e-06,-6.903720069312536867e-06,-5.705229443311835390e-06,-4.870954361063830254e-06,-4.421151198799464760e-06,-4.398375204321032629e-06,-4.758937968275505894e-06,-5.268392671401008713e-06,-5.488720516926153397e-06,-4.900834727176409037e-06,-3.128808039500231881e-06,-1.635311943511638715e-07,3.536427141484453104e-06,7.143718289624108759e-06,9.745274008416939527e-06,1.069889866886263784e-05,9.904651359787482786e-06,7.859326773830729152e-06,5.455873808551441742e-06,3.606847594533987346e-06,2.855640823381504686e-06,3.149298168535499512e-06,3.875748904144311923e-06,4.149019493209798929e-06,3.214411021532023664e-06,7.936911079587714698e-07,-2.779058675266522638e-06,-6.683649758987970891e-06,-9.938717777146041004e-06,-1.178005519158379190e-05,-1.193370487588978078e-05,-1.068127983944426872e-05,-8.709597590281367778e-06,-6.824536377269110603e-06,-5.652895965888087141e-06,-5.443366365053232752e-06,-6.022994757113277223e-06,-6.899517277422703811e-06,-7.452201465283717187e-06,-7.138965864847717786e-06,-5.661201475925851541e-06,-3.053720827372454720e-06,3.103219185829402087e-07,3.797056528578887615e-06,6.661882896405679983e-06,8.249808645642746496e-06,8.204577344477320170e-06,6.625152510961493782e-06,4.103463264251101555e-06,1.601421869919434206e-06,1.784366607324538301e-07,6.452943191995122847e-07,3.266508338102741654e-06,7.633535636737182032e-06,1.277642737178239041e-05,1.748873587342991237e-05,2.074844705484389052e-05,2.206925533243356646e-05,2.163781600429355090e-05,2.017878201965722719e-05,1.860469788206663659e-05,1.760108959676731855e-05,1.732563364378628283e-05,1.735018166099667856e-05,1.686758375401332152e-05,1.506955032813216839e-05,1.152882973241256891e-05,6.420356007205288335e-06,4.892794043781328253e-07,-5.215521941168132810e-06,-9.725479167621111281e-06,-1.249293993456402281e-05,-1.355373101935216190e-05,-1.345821707752674455e-05,-1.301513288027540849e-05,-1.296431591341474643e-05,-1.371247734738849472e-05,-1.522766048112533295e-05,-1.711444318700447239e-05,-1.881722450590411817e-05,-1.985403462773162420e-05,-1.998350086448038535e-05,-1.924787060623697808e-05,-1.789429461172394801e-05,-1.622816313850676691e-05,-1.447515903121225042e-05,-1.271555640410767959e-05,-1.091343530004656153e-05,-9.014438706069754907e-06,-7.050854445868902002e-06,-5.188161578566912274e-06,-3.675657550508693028e-06,-2.713533373967546022e-06,-2.297414624272971106e-06,-2.125048485121162978e-06,-1.633736625650354759e-06,-1.836009983018975740e-07,2.668573860173577167e-06,6.915624888340025262e-06,1.198841346231997028e-05,1.686321245381057404e-05,2.037663106398650072e-05,2.164110475068897307e-05,2.039554161813096717e-05,1.713645405003733142e-05,1.295745880284594989e-05,9.147872428587357682e-06,6.710288450716974610e-06,6.000243687329724867e-06,6.643562928475451029e-06,7.765799553628586335e-06,8.427077059465815675e-06,8.060948033662967017e-06,6.714625171120284594e-06,4.983389650313146332e-06,3.679934774117040317e-06,3.408161887149174952e-06,4.256268358648773036e-06,5.761817704843989872e-06,7.161648712157740255e-06,7.792142357137814510e-06,7.426332558904544045e-06,6.366095505184493115e-06,5.236220699050816643e-06,4.587557812474198462e-06,4.524820967319730164e-06,4.571573037292551533e-06,3.867392768295758116e-06,1.617388579377469790e-06,-2.428227970309997886e-06,-7.720195790983930815e-06,-1.303878728810497792e-05,-1.697536963213804105e-05,-1.855499144373445866e-05,-1.770312773463563976e-05,-1.531963469039563478e-05,-1.290338752173527027e-05,-1.188629709488407355e-05,-1.298003592746428905e-05,-1.584021700896999529e-05,-1.920783402627968743e-05,-2.146519643142737321e-05,-2.135038566208389993e-05,-1.850306548200840497e-05,-1.359817840398819797e-05,-8.020258694891760926e-06,-3.243963689791030603e-06,-2.144881690675594394e-07,9.928613656490470291e-07,1.098684759610415822e-06,1.195079950200489213e-06,2.191886625525158953e-06,4.397746693329935556e-06,7.416370981061714319e-06,1.037675010300269807e-05,1.235954820269017869e-05,1.280475417636621935e-05,1.171749533170531941e-05,9.603813972465536644e-06,7.202115196021913276e-06,5.161907108437527697e-06,3.823142015639782962e-06,3.176682441355066208e-06,2.985268227243258198e-06,2.969876170042682724e-06,2.953016891761961941e-06,2.896376437872372671e-06,2.841943276549528422e-06,2.820006426714931293e-06,2.795649072315359358e-06,2.688392042516913817e-06,2.444482449137045509e-06,2.103564346887790598e-06,1.803946306415744785e-06,1.710757931026827399e-06,1.903501908675839546e-06,2.291341491307588406e-06,2.615663814525476823e-06,2.553747303772610056e-06,1.880093402415153719e-06,6.055047489843746086e-07,-9.806952621519885799e-07,-2.394767374836967601e-06,-3.137038800375577293e-06,-2.887054301272109327e-06,-1.630513672112929542e-06,3.333519529527454556e-07,2.499858594912775755e-06,4.329527252586743086e-06,5.409163887951400743e-06,5.547043465184425346e-06,4.784054454841250066e-06,3.340737211037386800e-06,1.539197175446885095e-06,-2.667027578193458966e-07,-1.740612363129260579e-06,-2.600371455446610001e-06,-2.656106134440539597e-06,-1.853539247768633147e-06,-3.090416642511300960e-07,1.687499874458020476e-06,3.720296260065164541e-06,5.343650732092395814e-06,6.200078538760516167e-06,6.120229418650227447e-06,5.168576378968278534e-06,3.619385340267028192e-06,1.873531140392687890e-06,3.455854122988978030e-07,-6.449296319346311658e-07,-9.524481767233208568e-07,-6.415670239239305630e-07,2.297589941693198125e-08,6.324806476866893729e-07,7.340997304213614785e-07,-3.646137296828299142e-08,-1.816387203694595121e-06,-4.416058453515981037e-06,-7.308648647016601598e-06,-9.741272303781003578e-06,-1.095711224028588127e-05,-1.046525396420950922e-05,-8.258019519035191401e-06,-4.878076778429500948e-06,-1.286865716292487735e-06,1.434368732132820753e-06,2.444320374168718421e-06,1.421870369111732832e-06,-1.345392995058725817e-06,-5.096329310997192870e-06,-8.890787075360967627e-06,-1.193299492351723160e-05,-1.378915644326364040e-05,-1.442381556742461180e-05,-1.407105229625129478e-05,-1.303303049595591624e-05,-1.152132267434960523e-05,-9.616659118592359691e-06,-7.345312316857726736e-06,-4.800297965167659737e-06,-2.212706235993525039e-06,8.530071654241311806e-08,1.791718502607575805e-06,2.781493419123893308e-06,3.173792106226400005e-06,3.268277766823408494e-06,3.378218927052782279e-06,3.655812792242850309e-06,4.017969746586175232e-06,4.226755758163572805e-06,4.085606176106044991e-06,3.634284875826587224e-06,3.211914055233093261e-06,3.323264365655087048e-06,4.357464476564813945e-06,6.307089947599144724e-06,8.658548490649265697e-06,1.054951018983012106e-05,1.114844501989204152e-05,1.007884256141821202e-05,7.662758914343008922e-06,4.830831876342866644e-06,2.710476196254660218e-06,2.078499068621758279e-06,2.954206565551659444e-06,4.558211882026830982e-06,5.686798060558009713e-06,5.336459710532922031e-06,3.269976999834917123e-06,2.246310282154588350e-07,-2.370651333289123666e-06,-3.057552440439939611e-06,-1.078234563736124593e-06,3.188687494999363580e-06,8.315393284121346605e-06,1.241221340361626809e-05,1.394487847518277366e-05,1.239536458063730906e-05,8.455503745234837460e-06,3.672398847877221554e-06,-2.676469785358757521e-07,-2.260537930349140998e-06,-2.168504108283639724e-06,-7.100866111207705030e-07,1.042903366724682567e-06,2.266416129061978223e-06,2.758198079000603122e-06,2.904730337226322700e-06,3.297500619195055173e-06,4.251611352927415288e-06,5.528160428810197908e-06,6.436473047313987780e-06,6.264210949765281459e-06,4.781721253559931353e-06,2.507736874791431452e-06,5.449064426737349141e-07,3.313946780565290272e-08,1.495548274036413212e-06,4.437361678061725167e-06,7.447617597338820643e-06,8.797905102276376850e-06,7.264644324874920801e-06,2.765865777117258064e-06,-3.521555339156182469e-06,-9.644878828566075124e-06,-1.373585932961742965e-05,-1.483013592641065067e-05,-1.324413964410663572e-05,-1.033141216485321328e-05,-7.755671180374637785e-06,-6.661468170958005306e-06,-7.167728356845844507e-06,-8.432057390580956959e-06,-9.228623789040314363e-06,-8.711332833555028416e-06,-6.940400505686310248e-06,-4.883340898541133166e-06,-3.889084197127592721e-06,-4.922035781084151601e-06,-7.976590547626372088e-06,-1.199955459292598053e-05,-1.537710804282008107e-05,-1.673892800436539762e-05,-1.565791626410043965e-05,-1.287390166150434765e-05,-9.918432197731182125e-06,-8.333554381208831458e-06,-8.892114040269580159e-06,-1.122585416922149873e-05,-1.405068466050173895e-05,-1.586143814077683610e-05,-1.572046538706189058e-05,-1.371815124282551085e-05,-1.086363519195205478e-05,-8.474036883106824148e-06,-7.403571843077186906e-06,-7.542437046193597755e-06,-7.870086571262425982e-06,-7.044939075484467758e-06,-4.214682187865382577e-06,4.003663714230996232e-07,5.489572359357081273e-06,9.242978621859928719e-06,1.026586902905182193e-05,8.345795514683041678e-06,4.659213072848091939e-06,1.282211676997399278e-06,2.255510330684052358e-07,2.464581900817233131e-06,7.448515681273796147e-06,1.334083232669657954e-05,1.788019872241286901e-05,1.944274616886984013e-05,1.778796622330078539e-05,1.413048603860407174e-05,1.051583978973632023e-05,8.819523064499694198e-06,9.864671943501991691e-06,1.308071935656927505e-05,1.684650089371699745e-05,1.932168522669035091e-05,1.934097547084099884e-05,1.693572975413428061e-05,1.325249349371488286e-05,9.945089607487381879e-06,8.368193451310753357e-06,8.973947984552568889e-06,1.118369832289547372e-05,1.375291377797504119e-05,1.540531651182190485e-05,1.540312318494696525e-05,1.378830678092886587e-05,1.122453692041045009e-05,8.578835778348394716e-06,6.495391015939808267e-06,5.180870364197077766e-06,4.473332023088603697e-06,4.097338038630247415e-06,3.913230321700186500e-06,3.996700129196010345e-06,4.510414210264680570e-06,5.471846232268332264e-06,6.593167034417029357e-06,7.326891583887592018e-06,7.120496195393766681e-06,5.743196420452066202e-06,3.484459821411315488e-06,1.079403681766558361e-06,-6.352640955932706283e-07,-1.171572106613340334e-06,-7.052565366316196949e-07,-6.649466706140115092e-08,-3.797030542039833804e-07,-2.513460506084935214e-06,-6.613414690906690958e-06,-1.196294235102640821e-05,-1.725794461351001582e-05,-2.117320323347278432e-05,-2.294672805917904950e-05,-2.269538949940104016e-05,-2.130838047179184195e-05,-1.997676484273699918e-05,-1.959859206371447268e-05,-2.035693008025573844e-05,-2.167439259928151765e-05,-2.255278128057328730e-05,-2.211227789814581090e-05,-2.005069658490086151e-05,-1.679490138602211991e-05,-1.328229886409242737e-05,-1.050077510224484843e-05,-9.031252318481203096e-06,-8.821468733659673628e-06,-9.286879661336631847e-06,-9.659927309639837150e-06,-9.386392079074589928e-06,-8.359272183695149087e-06,-6.884820264429002232e-06,-5.429585041501932157e-06,-4.314603821910681060e-06,-3.540088089878651510e-06,-2.835668899251339408e-06,-1.891393375991050794e-06,-6.149730329259845118e-07,7.553525292022386051e-07,1.766162489922337257e-06,2.036259763138453608e-06,1.547881567183669970e-06,7.560121191241935211e-07,4.217933505783870210e-07,1.229731728769549082e-06,3.380018932907031571e-06,6.381441395152877513e-06,9.182254350392425230e-06,1.060707674942332832e-05,9.904094759055489882e-06,7.135964952014113977e-06,3.211177293234052951e-06,-4.773297212572991688e-07,-2.646556343639744422e-06,-2.672687370311696664e-06,-8.343821368042794922e-07,1.864496405365911121e-06,4.204063555101162996e-06,5.341164685139294891e-06,5.199887928334765432e-06,4.476192573959530435e-06,4.262911514170669020e-06,5.484658576266077462e-06,8.419542978846145543e-06,1.253590536869173253e-05,1.671500729985672846e-05,1.974430503619621863e-05,2.084155664216770545e-05,1.996496489204196834e-05,1.777611205641621298e-05,1.529171928050061522e-05,1.340354345115676530e-05,1.249627688134282006e-05,1.233268347458475902e-05,1.223919857557241055e-05,1.148320381432822451e-05,9.652488232307620340e-06,6.861198465804271646e-06,3.700667175094931250e-06,9.769910811981301841e-07,-6.300488096192206051e-07,-8.301127569821900820e-07,1.977303746136701470e-07,1.920498094745743205e-06,3.687815298113665350e-06,4.973386435909077819e-06,5.521625324998701565e-06,5.357830735649974941e-06,4.687101853782576527e-06,3.750467291381200361e-06,2.710693001067175711e-06,1.610546490816438281e-06,4.035769255341161403e-07,-9.753979748891451707e-07,-2.542606547489022345e-06,-4.230556166318997916e-06,-5.893758515651500238e-06,-7.343950977707780576e-06,-8.397280748986002351e-06,-8.920168675767849482e-06,-8.867934345154784059e-06,-8.313101450851783153e-06,-7.456620624766129611e-06,-6.609934728009926168e-06,-6.136874742906498601e-06,-6.356710363421570901e-06,-7.430461081362179439e-06,-9.271389538290809100e-06,-1.152470244993964483e-05,-1.364340948732124815e-05,-1.505052197912819965e-05,-1.533692747960387426e-05,-1.441906421105692784e-05,-1.258611612031020856e-05,-1.040503705462002246e-05,-8.509692799764032034e-06,-7.353226171957102683e-06,-7.025577818232003934e-06,-7.217624776498895021e-06,-7.355129365280853895e-06,-6.852910194183585485e-06,-5.384028990558382707e-06,-3.046450930194125186e-06,-3.488353652156274440e-07,1.986658446086610605e-06,3.325479709214426973e-06,3.396617000154511575e-06,2.419449953110397104e-06,1.018451496392716547e-06,-4.546589446994292278e-08,-2.150451254332011119e-07,6.004085363781380045e-07,1.959843887450861579e-06,3.060673909709076150e-06,3.079486580576643445e-06,1.541234833615559595e-06,-1.441761300763915422e-06,-5.167068722481897248e-06,-8.582021136462946459e-06,-1.066937873971982208e-05,-1.082067802310132040e-05,-9.046607423123018252e-06,-5.945552361069619934e-06,-2.454529119770978948e-06,5.052965319048113618e-07,2.341429506292681042e-06,2.944632876151797173e-06,2.646406332244273158e-06,2.026587084235762675e-06,1.672936044857681839e-06,1.995971291504003420e-06,3.156318494381701130e-06,5.097122929798594026e-06,7.625957382779192499e-06,1.048238127019183584e-05,1.335834903449613458e-05,1.588636536454590277e-05,1.764341909811176511e-05,1.821557702316044150e-05,1.732902986080115502e-05,1.500090160175830456e-05,1.162955080855264820e-05,7.953129606759018773e-06,4.857868897100853505e-06,3.090278528543207221e-06,2.983361314156849064e-06,4.315194329676576742e-06,6.370618965415576933e-06,8.192941985858692450e-06,8.930797361703684653e-06,8.143753900954163048e-06,5.947945712106398412e-06,2.950932428285035786e-06,1.120534772763105192e-08,-2.076348659079300853e-06,-2.848636800218410631e-06,-2.306482854542419274e-06,-8.818263060108727228e-07,7.277111128514345604e-07,1.787650437647877231e-06,1.745139479015133075e-06,3.828277555023161107e-07,-2.119305496732648146e-06,-5.220438050445853354e-06,-8.146816125321397779e-06,-1.009229867508463668e-05,-1.045477862979295553e-05,-9.048955010464476608e-06,-6.220952192734017186e-06,-2.800484086127475699e-06,1.287715141018274626e-07,1.589097603238660899e-06,1.079123967214125040e-06,-1.194843086019624266e-06,-4.342316876768251827e-06,-7.088891127775465979e-06,-8.256490877708064807e-06,-7.236943688330415894e-06,-4.257928528702827777e-06,-3.166327159551181619e-07,3.204749121120140812e-06,5.087013438475265527e-06,4.754329971755675293e-06,2.482032728480791830e-06,-7.535345293090258519e-07,-3.709482062011004397e-06,-5.397054217838627636e-06,-5.458481433026534375e-06,-4.244161798069773994e-06,-2.577401534964983917e-06,-1.336343625015158907e-06,-1.057183147870175768e-06,-1.737204605222572035e-06,-2.908277570961474212e-06,-3.918083138076688084e-06,-4.263691304409371179e-06,-3.812309735372504934e-06,-2.815473569782556085e-06,-1.733740408779471756e-06,-9.806553791093686962e-07,-7.231850864564867227e-07,-8.325676576900248763e-07,-9.934507233856170109e-07,-8.984336734094937522e-07,-4.203878015631860506e-07,3.211985549614408800e-07,1.020517870289743539e-06,1.328502516041115706e-06,1.002451383076520183e-06,-2.378472623095635808e-09,-1.522523294926570653e-06,-3.238393276696652360e-06,-4.750695488030238058e-06,-5.653237297620477487e-06,-5.598565642575789861e-06,-4.368530573040631770e-06,-1.953949085389152466e-06,1.379173795448527646e-06,5.082998005114137415e-06,8.422944783070423797e-06,1.067632385266553441e-05,1.137567547375704550e-05,1.049220724834870327e-05,8.457732909557615536e-06,5.986078358886540057e-06,3.753276715528695146e-06,2.080325656985570810e-06,7.825344724373484450e-07,-7.160983157137868715e-07,-3.033046088263019309e-06,-6.400811350031390691e-06,-1.038384964298638414e-05,-1.391118912541666497e-05,-1.565395108348015425e-05,-1.460349565491036871e-05,-1.058897441963870289e-05,-4.477324094725294667e-06,2.068749780472557499e-06,7.196377323846803659e-06,9.576903148442887837e-06,8.912599120597661576e-06,6.006991000978306755e-06,2.368695458564213850e-06,-4.660402920589504855e-07,-1.578953108318378494e-06,-9.918700863066918843e-07,4.665209728041448137e-07,1.661759156585235373e-06,1.763588884612496360e-06,6.643993597980630587e-07,-9.890202560917751466e-07,-2.149347111825129749e-06,-1.918990666672009246e-06,-1.921548825673112397e-08,3.048674785322688254e-06,6.218021097185060809e-06,8.331232090798921584e-06,8.639900117990542737e-06,7.098590491379967565e-06,4.333668149849814692e-06,1.330145225433393751e-06,-9.932854232647363784e-07,-2.117514800827183956e-06,-2.029351062272898913e-06,-1.091751240370867675e-06,2.164771762694399794e-07,1.539270307338534287e-06,2.745463852816291970e-06,3.871972949234638680e-06,4.976866082245575330e-06,6.012225205016649770e-06,6.799919943464089276e-06,7.120575995817886030e-06,6.852914765999100930e-06,6.069961179199140206e-06,5.026079388259027991e-06,4.035812532955906862e-06,3.311465425593629296e-06,2.852732289660592043e-06,2.453776039560028245e-06,1.827686436717487323e-06,7.827116274042019764e-07,-6.443343020674841090e-07,-2.169296632285614204e-06,-3.367575324444068472e-06,-3.852998927075682629e-06,-3.440917076427967272e-06,-2.220533929499634141e-06,-5.111225742699838178e-07,1.265805067184070082e-06,2.731731296452263137e-06,3.650704109238638003e-06,3.954641062677551278e-06,3.707584954938838330e-06,3.046763288234980508e-06,2.134770712047737439e-06,1.133450893847588480e-06,1.862606868125448645e-07,-6.097186117859196527e-07,-1.244513261815696158e-06,-1.825804113791121515e-06,-2.563618575824691231e-06,-3.688149249253988471e-06,-5.318431583172348848e-06,-7.340763789014774713e-06,-9.371196955547813712e-06,-1.084933132301309158e-05,-1.124817583474045285e-05,-1.031735171888433297e-05,-8.242940323554830449e-06,-5.631538728619217592e-06,-3.303395765916912520e-06,-1.974212524577949841e-06,-1.968139016004415501e-06,-3.099143987782190994e-06,-4.781647432171963988e-06,-6.319451612092244888e-06,-7.231356191762484583e-06,-7.451151262562846974e-06,-7.302880048836071109e-06,-7.269111776164521688e-06,-7.680192048960817977e-06,-8.496819311582362225e-06,-9.310611717300661436e-06,-9.569907628594058710e-06,-8.911794198401977568e-06,-7.414609051645617014e-06,-5.617214568484811687e-06,-4.270101012149695986e-06,-3.929520668176764168e-06,-4.602381494076256016e-06,-5.641915209794304872e-06,-5.979771124579596460e-06,-4.612493152835265996e-06,-1.122912516872296296e-06,4.018297942237173965e-06,9.535915208870405704e-06,1.380778438824542512e-05,1.550823444215594323e-05,1.415490357896466703e-05,1.031390955348015151e-05,5.370629690868628691e-06,9.689703978644105011e-07,-1.631325491402994333e-06,-1.999971821606788221e-06,-6.029560287402664941e-07,1.513369725468716653e-06,3.254688272902443051e-06,3.975672761016725176e-06,3.723567913800047801e-06,3.141108002108155836e-06,3.101891213576067211e-06,4.265347550143420004e-06,6.757428609708116794e-06,1.010704216966008593e-05,1.344153870427751825e-05,1.583101419289295944e-05,1.662146127607631486e-05,1.562539142423189788e-05,1.312091811075551683e-05,9.699554836855419761e-06,6.055957175165810401e-06,2.811158238893320964e-06,4.168076428499660710e-07,-8.663997726843015028e-07,-9.557577042220199476e-07,6.391965721415148123e-08,1.939914547082333920e-06,4.262384917348173182e-06,6.517343589814826096e-06,8.193202253970423822e-06,8.916218124338279086e-06,8.561675346503287335e-06,7.286992219621743896e-06,5.464129934536437267e-06,3.536276235867931162e-06,1.861609468503065077e-06,6.132392058722400444e-07,-2.253345263554738937e-07,-7.798932387585528094e-07,-1.173725508118676807e-06,-1.449794751160706492e-06,-1.567206811857485375e-06,-1.465232093349971588e-06,-1.146647050381283576e-06,-7.208632094542615509e-07,-3.732995260870633026e-07,-2.757204700424975431e-07,-4.937982250119795419e-07,-9.565122722153150503e-07,-1.519104029214754504e-06,-2.093444551900254650e-06,-2.769708045351384199e-06,-3.842744839035097010e-06,-5.697388750422808278e-06,-8.582630296262880481e-06,-1.237682677812671969e-05,-1.647390197329686663e-05,-1.988227558200880569e-05,-2.153542055613903296e-05,-2.070675585022201944e-05,-1.735438636376240504e-05,-1.223055862987065332e-05,-6.679410449043402869e-06,-2.179012721959638036e-06,1.991124369792808463e-07,1.929046250087648145e-07,-1.556788105849904191e-06,-3.768877805486674944e-06,-5.038765547553173078e-06,-4.399983399399856975e-06,-1.703111886786181856e-06,2.337839811435883980e-06,6.441920201955071163e-06,9.270648121972649820e-06,9.938884293270697673e-06,8.324997483414988753e-06,5.070070834420990447e-06,1.287432006665803266e-06,-1.882235044998263712e-06,-3.684425202688633105e-06,-3.975934884441197687e-06,-3.193763878148109923e-06,-2.107578014211495682e-06,-1.475808009230622146e-06,-1.748956068899303128e-06,-2.927616169457963007e-06,-4.609048820409715663e-06,-6.179315669411192408e-06,-7.058920550854721980e-06,-6.903801001429820521e-06,-5.695923649714749788e-06,-3.709549644160896343e-06,-1.386947208561580460e-06,8.166476765658134401e-07,2.560368859091332056e-06,3.681461596175824827e-06,4.190193385388806929e-06,4.216075575679460376e-06,3.937291143751089669e-06,3.522146276689504156e-06,3.098170894813115970e-06,2.748652061570622907e-06,2.524696472861822205e-06,2.457197459354353428e-06,2.557411690136247914e-06,2.804219271096138983e-06,3.125922783338584227e-06,3.390155164235788718e-06,3.414376875322908810e-06,3.001619106518796503e-06,1.994608613796292434e-06,3.312140311581608213e-07,-1.919699215760693425e-06,-4.557751936833513389e-06,-7.288737926662944655e-06,-9.788026950208654562e-06,-1.176649414302616183e-05,-1.301536051387030280e-05,-1.341717930790685936e-05,-1.292755698861528467e-05,-1.154731969045356118e-05,-9.309240047936196568e-06,-6.293568966478480920e-06,-2.666471660826854412e-06,1.284569017395253845e-06,5.152337303224433339e-06,8.471382760571273792e-06,1.083476318020061537e-05,1.202929773586864002e-05,1.213265197308891142e-05,1.152060684268251068e-05,1.076463420610935367e-05,1.044663848247855890e-05,1.095843778914221741e-05,1.236764857912650533e-05,1.440935311958213899e-05,1.661136968113118372e-05,1.850210143364790214e-05,1.981107190062365264e-05,2.057287007497868439e-05,2.108699681878812771e-05,2.175100623565137813e-05,2.284248950361813667e-05,2.434924783451589668e-05,2.592473931750033850e-05,2.698797116745738414e-05,2.692130570409997911e-05,2.527788718219920112e-05,2.191229425099450089e-05,1.699118635886543634e-05,1.090173783650745552e-05,4.122201368708512553e-06,-2.873212393244243045e-06,-9.636777586090154385e-06,-1.571381917942522792e-05,-2.061368518966102880e-05,-2.384961623853840308e-05,-2.507085881321290295e-05,-2.424439207608070188e-05,-2.179047532545579706e-05,-1.857074736179846841e-05,-1.568174670956610522e-05,-1.410007037657414689e-05,-1.431271756631471654e-05,-1.609925391101163099e-05,-1.858577142371184500e-05,-2.057754809192554357e-05,-2.104715189922324480e-05,-1.957076953698024107e-05,-1.651376744880224084e-05,-1.287067266972463174e-05,-9.821139153422916689e-06,-8.199314977267767456e-06,-8.122126391794277448e-06,-8.954505941153331430e-06,-9.634079847481894052e-06,-9.206346171511887568e-06,-7.316746736555167304e-06,-4.421276764364059330e-06,-1.608258070790566412e-06,-1.095309578719019333e-07,-7.301221037848205291e-07,-3.467145610832364750e-06,-7.499366659186950345e-06,-1.155082289338728924e-05,-1.445180286964427993e-05,-1.562686401533974561e-05,-1.527881940486398019e-05,-1.419040622209744143e-05,-1.325571464916067122e-05,-1.298641735922656930e-05,-1.324686393499578294e-05,-1.335267052346950865e-05,-1.247961809097835280e-05,-1.016822668956654227e-05,-6.656207820323617299e-06,-2.853914730753074305e-06,4.359152574459496138e-08,1.128906326868491656e-06,2.606599684234736943e-07,-1.793637735940909240e-06,-3.635489444712775260e-06,-3.819070986718456722e-06,-1.478611669388786636e-06,3.285968860206561772e-06,9.440109724191330935e-06,1.544673911896383506e-05,1.990396215994201328e-05,2.210648534654883416e-05,2.229246322063156005e-05,2.148507552380274897e-05,2.101755973486571171e-05,2.195926466831238673e-05,2.468516187225273532e-05,2.875024279147968105e-05,3.308927483218910550e-05,3.642939135039543553e-05,3.773416743152852953e-05,3.651332407901851157e-05,3.291171725636320036e-05,2.758952345013777416e-05,2.147739017398028416e-05,1.551183456165263188e-05,1.043165727586762403e-05,6.669843765132415298e-06,4.334740585941470689e-06,3.254865945923564475e-06,3.062271643857561185e-06,3.297452591120780815e-06,3.522016646309529918e-06,3.420334601578793008e-06,2.865035908914530796e-06,1.923988442378667268e-06,8.033089886421642578e-07,-2.535876144251246286e-07,-1.070492141523646286e-06,-1.603698709651819669e-06,-1.944404134336202552e-06,-2.265525446388061722e-06,-2.745956784426009278e-06,-3.511134278979277424e-06,-4.612210106750307389e-06,-6.038589934523807923e-06,-7.738496985449670387e-06,-9.623110128298149380e-06,-1.155097072296107865e-05,-1.331542268683440363e-05,-1.466832720961647031e-05,-1.539639553881051249e-05,-1.542869807890149314e-05,-1.491836286685300024e-05,-1.423483979031461280e-05,-1.383812262741595134e-05,-1.407068667653517847e-05,-1.496251863866226664e-05,-1.616120283141399429e-05,-1.705316001317511152e-05,-1.704836947998156300e-05,-1.590471240238742635e-05,-1.392397343834160373e-05,-1.189286132541402323e-05,-1.075926959712878902e-05,-1.117310773114970121e-05,-1.310996966468817691e-05,-1.578080809163177179e-05,-1.790779307137109006e-05,-1.826900024927554942e-05,-1.626984368428927713e-05,-1.226503354813010302e-05,-7.457610876466993439e-06,-3.398487763527630294e-06,-1.306745064545524912e-06,-1.528096156715574344e-06,-3.392678339046795632e-06,-5.545789167755293879e-06,-6.596124365906252851e-06,-5.769312046664260860e-06,-3.250306868443730875e-06,-5.115810329861431571e-08,2.524187631621620575e-06,3.546727215780406188e-06,2.926164969586964521e-06,1.441887845137787876e-06,3.314557983289170104e-07,6.500239208868825375e-07,2.727191632671299070e-06,5.994442423923703818e-06,9.265577213190290284e-06,1.132314500972227787e-05,1.151297360563194121e-05,1.005157927740533294e-05,7.902601027117726532e-06,6.297648870397233986e-06,6.150630179473353695e-06,7.655972793719313863e-06,1.025425297883158531e-05,1.295454898048267709e-05,1.482510722707999952e-05,1.539352324119951692e-05,1.476551105581685009e-05,1.343436548184338319e-05,1.191992221843046037e-05,1.045684433784048346e-05,8.907956246935599541e-06,6.939012587537090883e-06,4.337464793642596522e-06,1.275512870521974101e-06,-1.648856293385321384e-06,-3.631012532835045082e-06,-4.027495877308276111e-06,-2.673839681028524232e-06,2.244641700685085396e-08,3.267340248549527375e-06,6.246539823080275399e-06,8.477135996773132114e-06,9.959163155268223723e-06,1.105314173293046175e-05,1.216179158153268549e-05,1.340291954908966406e-05,1.446610337745858464e-05,1.474457209706052573e-05,1.368021051265617178e-05,1.113706200651846218e-05,7.593894196535655120e-06,4.033933758263870554e-06,1.564510922368061896e-06,9.403046753263081541e-07,2.217787067180504372e-06,4.707793696304615129e-06,7.249819957953062732e-06,8.679236990560977621e-06,8.273291989999043708e-06,5.983014736371142122e-06,2.370067079509096962e-06,-1.690507731021676780e-06,-5.380712291454969993e-06,-8.209965602567922578e-06,-1.008519201943834334e-05,-1.119299443957561148e-05,-1.179646978722291052e-05,-1.207273091334996464e-05,-1.206958847305342113e-05,-1.177570326854874963e-05,-1.122940494767440579e-05,-1.057588289869194401e-05,-1.002533086054708089e-05,-9.736065287035236378e-06,-9.701242216770980618e-06,-9.721670390434256829e-06,-9.497558460630315338e-06,-8.798316140158942133e-06,-7.616022164251706794e-06,-6.208092115309184173e-06,-4.990776067109195504e-06,-4.327650654237840095e-06,-4.320418146221792754e-06,-4.716728923348738792e-06,-4.994933153703387710e-06,-4.596062027825656725e-06,-3.195688657793342913e-06,-8.836455671767702848e-07,1.838689320068719655e-06,4.246781645203406445e-06,5.682055228446753122e-06,5.811307762609932911e-06,4.744229153213069884e-06,2.966950082474798927e-06,1.134507876672044712e-06,-1.771686441560996179e-07,-6.540323265431603615e-07,-3.001001497609193477e-07,6.280710705067816674e-07,1.751345004939777819e-06,2.690915202729352777e-06,3.137795585134589537e-06,2.866697319169366491e-06,1.726942608775152158e-06,-3.510981682305067145e-07,-3.319058212003282830e-06,-6.963083124649235152e-06,-1.088778195733597038e-05,-1.456680808166507672e-05,-1.746187268239092122e-05,-1.917106613004298680e-05,-1.954355284649073680e-05,-1.870675623898932437e-05,-1.699142408878710176e-05,-1.478944940585539971e-05,-1.241252323203346093e-05,-1.001828598332208083e-05,-7.634679932472724411e-06,-5.261281691670300899e-06,-2.985695946483175511e-06,-1.044867068800334026e-06,2.104711196262471001e-07,4.399431387030068615e-07,-5.279792573265598928e-07,-2.576417857460458432e-06,-5.276292109798856950e-06,-7.972810479134740633e-06,-9.950259369226884277e-06,-1.061430520485105041e-05,-9.631049250058488814e-06,-6.986707903272359985e-06,-2.965524851282314244e-06,1.930840104955292655e-06,7.091106157217169040e-06,1.190520184937886788e-05,1.586583778883744460e-05,1.865415846207498226e-05,2.019864869577379612e-05,2.068859292669723810e-05,2.052306901018594585e-05,2.019176091714565150e-05,2.011258145254690079e-05,2.047981422392336969e-05,2.118713364452311362e-05,2.187035362156450433e-05,2.206779825931848990e-05,2.144066641789973027e-05,1.995891558200701472e-05,1.796193259408273161e-05,1.605161257793010906e-05,1.485011376710319401e-05,1.472172213112583176e-05,1.558435985029927291e-05,1.690488202365142534e-05,1.789384532353027299e-05,1.782405907482304385e-05,1.633569705272380833e-05,1.359006494056180053e-05,1.019783303992483473e-05,6.948626248541637104e-06,4.461272271095379150e-06,2.913926448499287780e-06,1.980099632306569432e-06,1.003513425168351716e-06,-6.664398146140175626e-07,-3.334424221789386725e-06,-6.776502349851490235e-06,-1.030804164556483503e-05,-1.307979504282049469e-05,-1.447101985957851605e-05,-1.439718073245792970e-05,-1.338154879312099610e-05,-1.234295266404265197e-05,-1.218119586297583105e-05,-1.333913307179132371e-05,-1.554080190440903269e-05,-1.783650894759623219e-05,-1.895596274034911586e-05,-1.783491653543024918e-05,-1.409869129706027178e-05,-8.294654476978150260e-06,-1.763840149651067224e-06,3.810536595418195052e-06,7.004649854988407437e-06,7.167087558427408940e-06,4.637281120248647121e-06,5.814913882806468508e-07,-3.486253446625136447e-06,-6.302900217425777713e-06,-7.331892020996564238e-06,-6.925245728091575337e-06,-6.112928849565757333e-06,-6.114986007956658982e-06,-7.785843653533039440e-06,-1.122596467687958013e-05,-1.572290009296656684e-05,-2.004264317818984793e-05,-2.294264870904591080e-05,-2.368341963028558771e-05,-2.231673765749826697e-05,-1.962557865334022957e-05,-1.674265156389928341e-05,-1.461628976523040584e-05,-1.356236025403027802e-05,-1.310715468797537888e-05,-1.220145322591289233e-05,-9.722614384683950697e-06,-5.050234155235787572e-06,1.539998143413810124e-06,8.849807260371319795e-06,1.513177865322819499e-05,1.872372182679697686e-05,1.868883406922147321e-05,1.519733500302233052e-05,9.488565795763566105e-06,3.425147491806292826e-06,-1.181085338414760244e-06,-3.200071277974085733e-06,-2.523701869981179226e-06,5.560040868427066549e-09,3.024660528809332771e-06,5.241032269785435380e-06,5.933071145613721785e-06,5.163949897034367374e-06,3.648468185437096092e-06,2.364635840786520253e-06,2.102059619869874791e-06,3.147138455006194520e-06,5.224112501248344996e-06,7.684981410673541346e-06,9.831532763384050842e-06,1.120814954664555287e-05,1.173895000365876439e-05,1.167242773127609224e-05,1.139233355909642585e-05,1.120805696152524041e-05,1.122915097800717759e-05,1.136881199717155181e-05,1.144702352369375274e-05,1.131637187898087647e-05,1.093479234998756671e-05,1.035338477714423615e-05,9.644345269023427161e-06,8.829254306679814617e-06,7.861738376447420510e-06,6.677046791655492318e-06,5.271941986345475862e-06,3.753556864238612737e-06,2.312519701303297178e-06,1.124876952345587172e-06,2.390954031687811787e-07,-4.750700787299655262e-07,-1.266652853836008869e-06,-2.347322065898282521e-06,-3.718775768047066715e-06,-5.089310140365744235e-06,-5.950904602979733815e-06,-5.805942226904066471e-06,-4.444200580936149850e-06,-2.125996846902826848e-06,4.430037636140282404e-07,2.363607111753379667e-06,2.922467295443813525e-06,1.922692116785639595e-06,-2.028496821421006604e-07,-2.568114392138374408e-06,-4.232404824544998836e-06,-4.637697322466706581e-06,-3.872892039775421643e-06,-2.630171201535047699e-06,-1.866978213973722324e-06,-2.333771065756274602e-06,-4.197761722601262654e-06,-6.948405556912567542e-06,-9.631453487159975267e-06,-1.129416869072141620e-05,-1.141862410458079314e-05,-1.012789141820064775e-05,-8.068407226112986856e-06,-6.040201317375364142e-06,-4.577344549964959331e-06,-3.704794065475870361e-06,-3.000943147976511526e-06,-1.927502866668133436e-06,-2.384553500506940211e-07,1.770981159040425086e-06,3.335474384735444314e-06,3.599840961984843585e-06,2.122576167992221023e-06,-7.682302731367973317e-07,-3.982342578372715724e-06,-6.079935198706135797e-06,-5.922390670403433822e-06,-3.257217464299543625e-06,1.058948156204643502e-06,5.338605491507852712e-06,7.748227765122615236e-06,7.105638393639415040e-06,3.429334064247820495e-06,-2.019011563892700917e-06,-7.232502361208305929e-06,-1.028706890412958080e-05,-1.013996000969920663e-05,-7.052929274765306073e-06,-2.462988172513481796e-06,1.632913892968974204e-06,3.506373738991305347e-06,2.387241046317619796e-06,-1.260535796395961731e-06,-5.962771456713144684e-06,-9.833678599564436870e-06,-1.128507819022633698e-05,-9.566805271095135980e-06,-4.959756501730411760e-06,1.398618989423520707e-06,7.936653462715995811e-06,1.313334993669499730e-05,1.590218278123498651e-05,1.578942434169315932e-05,1.298941762898716405e-05,8.231857425096925925e-06,2.601449342360377195e-06,-2.674715510242982971e-06,-6.460605703606863177e-06,-7.953076124900628459e-06,-6.893317622076887196e-06,-3.679900501245102676e-06,6.867874667698735303e-07,4.856976266222360045e-06,7.532712832490149023e-06,7.893236557676080127e-06,5.885252914884433989e-06,2.252153262834407796e-06,-1.728332365698738464e-06,-4.709299252298934229e-06,-5.764537905926637314e-06,-4.708759617863647571e-06,-2.121567252763150370e-06,9.277362985694383192e-07,3.332255434572079874e-06,4.383326764086515228e-06,4.010947324837087232e-06,2.740766908103780069e-06,1.405148836399610681e-06,7.491541356317107393e-07,1.108904035276238629e-06,2.296849458000406387e-06,3.729292360156953771e-06,4.723035404135910277e-06,4.818583651395868473e-06,3.984909062704211127e-06,2.622054366550480478e-06,1.371695639383887922e-06,8.290327204749452697e-07,1.286583395785712319e-06,2.618735386587409568e-06,4.348752692374063830e-06,5.859325092966237511e-06,6.649023093439464424e-06,6.523592684171029326e-06,5.645465738830249418e-06,4.429456563359496651e-06,3.338302861408734879e-06,2.670971817378843183e-06,2.434748873208444117e-06,2.352271267784522733e-06,1.995542643873336701e-06,9.861229659648613190e-07,-8.243213098264645481e-07,-3.267202765743784718e-06,-5.896390726801312246e-06,-8.133607028949648465e-06,-9.458592508125836790e-06,-9.569713576296954666e-06,-8.459103551149979784e-06,-6.386020463975583475e-06,-3.773889807654806405e-06,-1.081928857246691289e-06,1.298252500294847707e-06,3.093618569900815550e-06,4.151994754693582385e-06,4.421740319370433541e-06,3.937221116600514297e-06,2.821701938929615758e-06,1.295406483119806277e-06,-3.380597621083750941e-07,-1.747842686132233981e-06,-2.670312730262989639e-06,-3.007092077251964700e-06,-2.875207911978178656e-06,-2.569094619707363314e-06,-2.432429926696937994e-06,-2.686249428464305715e-06,-3.292730558267608132e-06,-3.930310185426760904e-06,-4.111255206653470947e-06,-3.404890561400975406e-06,-1.670772787795121921e-06,8.120151470014006876e-07,3.396220906251780555e-06,5.295496632137556473e-06,5.901541438029122606e-06,5.048644597983252074e-06,3.098236252343292333e-06,7.924436632536258250e-07,-1.067563679835729521e-06,-1.975694194228732670e-06,-1.941529900899690871e-06,-1.467258477304957648e-06,-1.283241086361386624e-06,-1.962020695095139821e-06,-3.596256613752642387e-06,-5.705163984374147827e-06,-7.431920762604591449e-06,-7.956044214034436353e-06,-6.934518259345065669e-06,-4.757719531842193009e-06,-2.478578914109918441e-06,-1.417119264712306167e-06,-2.594033787467284275e-06,-6.236510501009572533e-06,-1.158308151029568243e-05,-1.709474604235837957e-05,-2.100670910304035653e-05,-2.200403690986105695e-05,-1.974283938670923639e-05,-1.499568660962659800e-05,-9.353573536837249969e-06,-4.602023641988998889e-06,-2.026455449647090460e-06,-1.932283917814317686e-06,-3.574838354951831740e-06,-5.521390290427571555e-06,-6.286134937376883753e-06,-4.966214782393586175e-06,-1.610524393439445933e-06,2.829259994170755591e-06,6.935454964120922029e-06,9.453522565051691672e-06,9.838717026238520306e-06,8.485269043178207614e-06,6.544034604544184046e-06,5.414303612717956941e-06,6.135553733267397239e-06,8.944640114580447451e-06,1.318694816971544007e-05,1.761159650022573733e-05,2.091181919084290005e-05,2.226725451457212945e-05,2.165063323052544367e-05,1.977304470708068064e-05,1.770755092948459079e-05,1.637448913388868575e-05,1.612834247417878572e-05,1.663131621182413082e-05,1.706021314166758041e-05,1.653689699097002499e-05,1.457192844506843596e-05,1.131190946875174523e-05,7.480856881661304452e-06,4.054708445961380218e-06,1.833431081087006884e-06,1.117384249021574378e-06,1.635338794782944896e-06,2.742507521964500819e-06,3.773447815189437296e-06,4.363051333298753769e-06,4.573337060326038312e-06,4.769946098759328609e-06,5.324683984517105519e-06,6.311191547797093330e-06,7.363854024293884016e-06,7.784556257399063487e-06,6.852285699707088201e-06,4.183574750617417719e-06,-3.787664119953396022e-08,-5.081407182498924607e-06,-9.935701824182569756e-06,-1.369714971784218998e-05,-1.589885566709106849e-05,-1.663228343584686452e-05,-1.641886368797181332e-05,-1.591138645586543423e-05,-1.558243407542197670e-05,-1.555200103853939829e-05,-1.562465953064403815e-05,-1.549326881195886333e-05,-1.498126696345049251e-05,-1.418232849456494806e-05,-1.341912351179704385e-05,-1.304641206202178067e-05,-1.321159549447620682e-05,-1.371143704324426433e-05,-1.403405720642651752e-05,-1.357745428139613495e-05,-1.194155001883084774e-05,-9.149253627036407416e-06,-5.684206675005921930e-06,-2.321333635596046761e-06,1.745280662988838215e-07,1.346298893003209024e-06,1.209448985521633109e-06,2.212513478313853256e-07,-9.176096247800810098e-07,-1.531833011862798867e-06,-1.196138309145731829e-06,1.621664771126573218e-07,2.295184629247465863e-06,4.755787893310871552e-06,7.040318814835201611e-06,8.701057582999903843e-06,9.414300404023496691e-06,9.020657573773205583e-06,7.558830648255199755e-06,5.293058089452472394e-06,2.706747011889426335e-06,4.254975547956832288e-07,-9.442237280370606472e-07,-1.026563423024752663e-06,1.426066657017256398e-07,2.059135732441332042e-06,3.876917577628533826e-06,4.699334791662411683e-06,3.935442189994639543e-06,1.573510498806278400e-06,-1.757986137678757514e-06,-4.990871318178499778e-06,-7.016374407577673380e-06,-7.127575515315129680e-06,-5.321076955098137361e-06,-2.324934869627671036e-06,6.689000596566140808e-07,2.465793547740422583e-06,2.339283472958542679e-06,3.223508449230113946e-07,-2.796769255287940400e-06,-5.770342761140247530e-06,-7.359218699045792245e-06,-6.790010934497136618e-06,-4.028970673744680567e-06,2.225063804615039122e-07,4.796218856786903484e-06,8.477483170863975596e-06,1.041662833371254244e-05,1.038493591473182199e-05,8.795164919236104074e-06,6.497671833782275009e-06,4.443115396135386589e-06,3.343846618062841357e-06,3.456384512655866710e-06,4.553699367853596658e-06,6.080332514007879139e-06,7.414483857859537806e-06,8.124589246305112549e-06,8.116779746839811096e-06,7.619876532844589770e-06,7.025836672268914085e-06,6.666356098498290867e-06,6.633602428328581254e-06,6.731800402154526812e-06,6.584471091479009492e-06,5.846380361691642064e-06,4.414754938713759382e-06,2.528565922598272996e-06,6.937497932796786509e-07,-5.440052052433853178e-07,-8.776218579515960472e-07,-4.312117850312390230e-07,2.403722713274649561e-07,3.665890860441647434e-07,-6.913080348134467969e-07,-3.114659492265315312e-06,-6.480727706208735150e-06,-9.879215490274046785e-06,-1.225819022554404865e-05,-1.285653937318883335e-05,-1.153259289645178533e-05,-8.838022745179336935e-06,-5.797171575306143189e-06,-3.484448999730849268e-06,-2.584717213969201013e-06,-3.129921012041539213e-06,-4.525042079856059510e-06,-5.844975215308857361e-06,-6.262476572690410524e-06,-5.412101580469476101e-06,-3.530354098459897221e-06,-1.319468022577687343e-06,3.905471101187460370e-07,1.019376923356641074e-06,4.820379790220815350e-07,-7.989781227697701374e-07,-2.104811055709694735e-06,-2.744679734190975144e-06,-2.341714010610439450e-06,-9.590095955215739004e-07,9.718921509332745266e-07,2.865576852160708015e-06,4.228763216951490363e-06,4.827552607054315862e-06,4.718451663363465550e-06,4.158124329805170568e-06,3.460884043793926529e-06,2.883792143765795084e-06,2.586814009659553478e-06,2.662423798647719583e-06,3.186959495960683876e-06,4.238004673137241601e-06,5.850697864874731382e-06,7.932780769969640652e-06,1.019489984444581575e-05,1.215649586366964426e-05,1.325418223189718207e-05,1.302528237125143002e-05,1.129285369922363595e-05,8.265896507256319855e-06,4.498795725901396026e-06,7.148195883585886773e-07,-2.438839149438212789e-06,-4.603002400150562689e-06,-5.796060625332318208e-06,-6.345504806599401515e-06,-6.696597946224224376e-06,-7.188199003200814507e-06,-7.898897193239835015e-06,-8.631834934431808053e-06,-9.040228105489486849e-06,-8.828844698088684568e-06,-7.930976511119887336e-06,-6.572533238913464727e-06,-5.189099173909166489e-06,-4.232567273304999739e-06,-3.957891300380217880e-06,-4.291992339832445347e-06,-4.850207389840924328e-06,-5.097774170586418518e-06,-4.586331976657884967e-06,-3.159798787419172629e-06,-1.036861072215673441e-06,1.267405759342272633e-06,3.146395718399452256e-06,4.143692192245066404e-06,4.128360210957868497e-06,3.333359986098793728e-06,2.249086594213697159e-06,1.426049603977276787e-06,1.273919346391181915e-06,1.935590460865321511e-06,3.272498920840120213e-06,4.944943293428474265e-06,6.535190343340231043e-06,7.657164405372844933e-06,8.021429086863364407e-06,7.459214955826249958e-06,5.931593994304704976e-06,3.546315296469151899e-06,5.796208562075908146e-07,-2.527088462041729275e-06,-5.233047535282731845e-06,-7.039503864797932715e-06,-7.673230240121529824e-06,-7.235890586903418222e-06,-6.233176345773735742e-06,-5.435660352603896868e-06,-5.598094745957704284e-06,-7.140818329808787068e-06,-9.934253236713826951e-06,-1.329871133845846895e-05,-1.624247671336008942e-05,-1.784990056441958784e-05,-1.765248623644440814e-05,-1.581268794010384635e-05,-1.303025805844453104e-05,-1.021007665246726857e-05,-8.046597741482691387e-06,-6.724231342238368106e-06,-5.879584033902494543e-06,-4.843561902575617928e-06,-3.041059828274389500e-06,-3.442040527131478025e-07,2.804795761802669171e-06,5.570822429355836034e-06,7.120460221248555323e-06,7.038516323965378333e-06,5.556016027311486676e-06,3.471606248707332800e-06,1.801979575018875692e-06,1.333546452215037916e-06,2.296662029776929722e-06,4.319520181725871810e-06,6.674322623355006117e-06,8.678525350651009886e-06,1.003695346563936658e-05,1.094653152909388985e-05,1.191514519599109483e-05,1.340099356429525880e-05,1.547645219801308623e-05,1.770866762937766886e-05,1.933346538075739467e-05,1.964056618615312195e-05,1.837073890333746081e-05,1.591228010371461589e-05,1.318325641274079926e-05,1.124612611999429744e-05,1.083910083278814443e-05,1.205204243560311611e-05,1.430154150040759604e-05,1.660895023343639129e-05,1.803563486247294529e-05,1.805879136087605886e-05,1.671343553347990767e-05,1.445594891495895663e-05,1.185055567940412232e-05,9.264338097647344922e-06,6.736152099641462254e-06,4.075016728736989457e-06,1.107694744898874531e-06,-2.090176839519170913e-06,-5.132546945212541663e-06,-7.481638558715733498e-06,-8.743577443690929053e-06,-8.929098838401890032e-06,-8.516418344242171747e-06,-8.257874887511894429e-06,-8.816065627625428060e-06,-1.041887463377797614e-05,-1.272582729287747922e-05,-1.499402681490074585e-05,-1.647288602197139208e-05,-1.682740529116796648e-05,-1.636156545034556827e-05,-1.590638471429208672e-05,-1.640719782040332188e-05,-1.840525263911473784e-05,-2.167544842923696535e-05,-2.521699727503704720e-05,-2.762606802753083283e-05,-2.769133420234895436e-05,-2.493879715722926529e-05,-1.986937023524784735e-05,-1.377422176403059477e-05,-8.209941150950152787e-06,-4.372523206908030930e-06,-2.651134869213667956e-06,-2.552104936346977942e-06,-3.007460130876553323e-06,-2.907054846390702395e-06,-1.601401259431551687e-06,8.475024162610127936e-07,3.759154022122327459e-06,6.199479676137586175e-06,7.428271804344231956e-06,7.219383839910255698e-06,5.921986328051225766e-06,4.262137972862428959e-06,3.001608269205139114e-06,2.622027525811514582e-06,3.170785487464989503e-06,4.315182909466762101e-06,5.552057133266602769e-06,6.458391420135974702e-06,6.867151364393698635e-06,6.903094187550321763e-06,6.884264353112561427e-06,7.150969117696823839e-06,7.903314133343912018e-06,9.110196269499109455e-06,1.051335512108731061e-05,1.171127345288972155e-05,1.228453180933324431e-05,1.192000376768266453e-05,1.050005717094493039e-05,8.136379647436028109e-06,5.141468798952433838e-06,1.944290069271586332e-06,-1.028566284838219435e-06,-3.470748035864174716e-06,-5.270916195649787131e-06,-6.511230757707681726e-06,-7.383313643499468796e-06,-8.052649181009433605e-06,-8.532763055144612440e-06,-8.635819628215788440e-06,-8.037919384772683527e-06,-6.443883353362859076e-06,-3.781841898971577804e-06,-3.313687358545541224e-07,3.291614887361245858e-06,6.308466658334579498e-06,8.048725045259221537e-06,8.203212407385169052e-06,6.942820885644134776e-06,4.842418710573641105e-06,2.638481297543225991e-06,9.286091202944115389e-07,-4.928104681252083910e-08,-4.574150899888983153e-07,-7.049446997028669441e-07,-1.182704831522290439e-06,-2.022514569013673574e-06,-3.004098417825664253e-06,-3.656846111420389605e-06,-3.503467494417519090e-06,-2.319181797689956298e-06,-2.713044241567894065e-07,2.135048147851999259e-06,4.279822911195220636e-06,5.707026781199424809e-06,6.317962391816805684e-06,6.380739878759440192e-06,6.353203222987358825e-06,6.613689690744654158e-06,7.242864390419040258e-06,7.974208513946819880e-06,8.342933080739307216e-06,7.957919765819119069e-06,6.753226940987390422e-06,5.080929159110722800e-06,3.584603256686344348e-06,2.904471330530470339e-06,3.354697559794568973e-06,4.734502317186427701e-06,6.375247196762655828e-06,7.413473689277243199e-06,7.169754940583585341e-06,5.459408875732959516e-06,2.690449009573860917e-06,-2.973225763921665588e-07,-2.578194719117944413e-06,-3.513945015162936805e-06,-2.989591425074187227e-06,-1.416368779179618671e-06,4.814129106497463630e-07,1.980869004006075942e-06,2.624285024796334536e-06,2.318896622935239326e-06,1.251608910062540822e-06,-3.062548384561329659e-07,-2.178568571255749115e-06,-4.342794195792442907e-06,-6.839561522091591039e-06,-9.598614452499562461e-06,-1.230252766677746670e-05,-1.439688083350482105e-05,-1.527791140205512357e-05,-1.458536572984601039e-05,-1.245447818014542283e-05,-9.579386535526533569e-06,-7.018117481519802072e-06,-5.792832105173651638e-06,-6.448685314444254876e-06,-8.773783378953637355e-06,-1.182631677470616357e-05,-1.428372552389378798e-05,-1.498119322870609791e-05,-1.341222749814802039e-05,-9.969687609009851703e-06,-5.812813345805250592e-06,-2.408278962776572944e-06,-9.377107935970948213e-07,-1.824156539226356680e-06,-4.577611794040661204e-06,-8.018520841457289449e-06,-1.077263002578267280e-05,-1.181587135025426856e-05,-1.083498761826371545e-05,-8.261641347663500366e-06,-4.989724060796664437e-06,-1.926131644658987488e-06,4.093880983472425044e-07,2.056280332137428052e-06,3.494980684286510819e-06,5.315559211503827833e-06,7.846109804255929022e-06,1.092379193976520025e-05,1.391547417966060400e-05,1.597302097407271636e-05,1.639966615706172989e-05,1.495819242938139411e-05,1.198595852919189946e-05,8.275016630476941326e-06,4.780745934475038733e-06,2.290885401940721820e-06,1.191006205025537057e-06,1.406912283691892735e-06,2.520701955366825257e-06,3.986133114883319303e-06,5.340519674998388367e-06,6.331011729604978581e-06,6.925594279522381652e-06,7.234232909247543650e-06,7.397794959562811631e-06,7.501615063110664431e-06,7.544453878817240384e-06,7.460345629430893909e-06,7.168025037042139783e-06,6.618316533017370485e-06,5.820483857368505707e-06,4.843632531205718089e-06,3.799254860310791566e-06,2.812828395811017288e-06,1.989792251194394847e-06,1.380402387828894825e-06,9.518054514240440827e-07,5.810510063412803491e-07,8.273635624364709647e-08,-7.255694605556838465e-07,-1.936174470232164658e-06,-3.476689609338213476e-06,-5.087203897203936973e-06,-6.372545140387767689e-06,-6.920351432693327654e-06,-6.441396011568919735e-06,-4.871746779439278752e-06,-2.389138393247186196e-06,6.645721772334857274e-07,3.915428237672779284e-06,7.074386679509726684e-06,9.976035557346545733e-06,1.251852356884927549e-05,1.454321972780191662e-05,1.573592712677955482e-05,1.563226063633833308e-05,1.376189983443688301e-05,9.890026865440727875e-06,4.247694577760929640e-06,-2.376196618501378306e-06,-8.763451192766503846e-06,-1.360342660468392109e-05,-1.592438190871236272e-05,-1.544648135175840371e-05,-1.269992910787969281e-05,-8.841837629341849590e-06,-5.232028979314322314e-06,-2.934262837653707616e-06,-2.345697515672755316e-06,-3.105098170803407002e-06,-4.311409378083783263e-06,-4.951713895967639072e-06,-4.350633326854155948e-06,-2.450099037618463492e-06,1.911994713204370687e-07,2.663534012788767798e-06,4.107939717184477062e-06,4.072941206024398124e-06,2.674917220007576499e-06,5.051387847067635683e-07,-1.659954327217698278e-06,-3.206975286493734116e-06,-3.937801383885952686e-06,-4.122925693929285644e-06,-4.345239811932380007e-06,-5.213398054154592684e-06,-7.073451850044573151e-06,-9.839355673537839462e-06,-1.300592703497372693e-05,-1.582998840800435919e-05,-1.760015455418127581e-05,-1.788738887813502948e-05,-1.668376458997669550e-05,-1.438498475508311616e-05,-1.163173867585998721e-05,-9.073673605675234245e-06,-7.142524344108186454e-06,-5.913327595412658394e-06,-5.100022706260501038e-06,-4.185797934197712879e-06,-2.643291400260713244e-06,-1.682506643354296936e-07,3.157899008919188801e-06,6.841911952548472289e-06,1.011116554629175798e-05,1.217124243110703353e-05,1.250501975127312650e-05,1.110412350884028660e-05,8.536216336926623206e-06,5.803154306256136652e-06,4.020810698542079230e-06,4.024266786250307722e-06,6.042211751435278688e-06,9.571441295089202670e-06,1.351562779273880993e-05,1.655386310717945253e-05,1.761136666291036564e-05,1.625599233996552283e-05,1.286331453506481839e-05,8.477055898281693952e-06,4.409955862231521529e-06,1.736007896132179104e-06,8.739513392396139747e-07,1.431122954306597540e-06,2.375729582030720533e-06,2.473637926372592490e-06,8.166693251891498221e-07,-2.770940157990916207e-06,-7.614520820933904048e-06,-1.241014903522406741e-05,-1.569823712617755769e-05,-1.640074356551183480e-05,-1.420946290541645781e-05,-9.677003814124371034e-06,-3.986289386572025588e-06,1.494657280812690524e-06,5.683927973734537285e-06,8.094881449562893347e-06,8.875406059628447448e-06,8.591449987950736653e-06,7.877501813477669066e-06,7.124343436925180351e-06,6.342787131964917569e-06,5.249551476667939954e-06,3.513417535784474776e-06,1.027081154565772388e-06,-1.935186327873766336e-06,-4.752752392804603095e-06,-6.669947188707884860e-06,-7.083998063494558530e-06,-5.778552845004189401e-06,-3.003314698864042917e-06,6.242548811936085630e-07,4.339009108227942377e-06,7.467443765203696292e-06,9.590136980230980573e-06,1.058134722358284899e-05,1.054364239090530879e-05,9.698758767915512420e-06,8.298986081055230240e-06,6.590506580979332280e-06,4.815454626871327801e-06,3.212057449479860935e-06,1.978709957946855162e-06,1.202803448560453919e-06,7.945322408744996127e-07,4.817087785888331160e-07,-1.008083620547317764e-07,-1.245368310361745747e-06,-3.000519779000476214e-06,-5.086616594337188129e-06,-6.961052629491762918e-06,-8.026842260462537106e-06,-7.902003911878746923e-06,-6.624955552105142845e-06,-4.689164894294585202e-06,-2.874621274312027308e-06,-1.940099022950903659e-06,-2.310668751062999346e-06,-3.902401550930151458e-06,-6.164508469525147861e-06,-8.317326496426723711e-06,-9.672845784231257798e-06,-9.888734417787866521e-06,-9.044766995049690359e-06,-7.522356138949054778e-06,-5.766222059669776511e-06,-4.061832668854431925e-06,-2.445902927719569611e-06,-7.898109129658665106e-07,1.001229772030264745e-06,2.795734504247454310e-06,4.172107031146597717e-06,4.538956391105461497e-06,3.397473583607115175e-06,6.248764647791240979e-07,-3.362109659894280824e-06,-7.655943120173458344e-06,-1.111777746278594691e-05,-1.275311581456286515e-05,-1.205861089669105922e-05,-9.207854406083298447e-06,-5.009865450837722274e-06,-6.603558612897217294e-07,2.624290825371208038e-06,3.970946567268807183e-06,3.105702631341115505e-06,4.376076757905343102e-07,-3.044723496647463877e-06,-6.035705094902057615e-06,-7.274317732519535616e-06,-5.920565456852817927e-06,-1.848222702625133102e-06,4.242228178467834248e-06,1.095500943533204852e-05,1.657361769305483240e-05,1.958973256534891585e-05,1.921984314744426127e-05,1.571499912200454717e-05,1.031856385775970496e-05,4.849456673746832090e-06,1.041828494716247826e-06,-1.099534296545682414e-07,1.269671227476174411e-06,4.007928107713292995e-06,6.392905846129294128e-06,6.916921752731159611e-06,4.935941628930515094e-06,9.523892001726541965e-07,-3.610471182365993470e-06,-7.046799057589877441e-06,-8.133120111967406392e-06,-6.671984311598168077e-06,-3.565305811189554531e-06,-3.848782723146960013e-07,1.358895084483004636e-06,9.088867766817932164e-07,-1.407144582991758887e-06,-4.354780401341768220e-06,-6.389903557063386542e-06,-6.388039512006881133e-06,-4.162173583657825408e-06,-5.307980689017793812e-07,3.086038650461776520e-06,5.343089277583525756e-06,5.596486541088165013e-06,4.190113932933252484e-06,2.277679948063183914e-06,1.274601205737756666e-06,2.199942528422532224e-06,5.207992818320038629e-06,9.509988408633616102e-06,1.370265654553588421e-05,1.634119275162991891e-05,1.650086862555723912e-05,1.409849214469759185e-05,9.868635391714424858e-06,5.044103036478572045e-06,9.029277267510866227e-07,-1.629120940164283669e-06,-2.189375506057238289e-06,-9.729310037853621225e-07,1.427786765972399614e-06,4.237506648349098761e-06,6.683233594934095564e-06,8.117576641987879569e-06,8.094826968876727783e-06,6.429595004398714830e-06,3.248179690816254205e-06,-9.911557400027070061e-07,-5.551606354426278114e-06,-9.571794748191511179e-06,-1.230034162691470560e-05,-1.333829404938346173e-05,-1.279026463749165488e-05,-1.124599593083261374e-05,-9.578562560021648255e-06,-8.625682023704611944e-06,-8.877970512101588188e-06,-1.030266947839909321e-05,-1.237801208951957681e-05,-1.432446161311299272e-05,-1.543442426968226114e-05,-1.536010464547940066e-05,-1.423876060194074916e-05,-1.260650598015805170e-05,-1.114351774188780572e-05,-1.036458380245160001e-05,-1.038925755474890563e-05,-1.088846291165625217e-05,-1.122726067978354131e-05,-1.074066410934908056e-05,-9.025570266047168683e-06,-6.127919376562608815e-06,-2.549460506812260970e-06,9.274665679596693441e-07,3.526674234007471645e-06,4.764085684225066818e-06,4.623825293473077904e-06,3.560328848527088766e-06,2.329951793412024005e-06,1.718997996299472638e-06,2.270522002549303925e-06,4.107596994874250832e-06,6.909786023916669341e-06,1.003989757726508002e-05,1.276378608105730887e-05,1.447772552917518427e-05,1.486494055282331211e-05,1.393946837343880166e-05,1.198389393217328362e-05,9.426057287460215883e-06,6.712957304245576087e-06,4.225096411437961144e-06,2.242468010830666494e-06,9.430591220876609949e-07,4.027443863508701043e-07,5.773744360231905833e-07,1.275120032880645447e-06,2.151460790208863426e-06,2.762830946182950926e-06,2.691139983138618888e-06,1.709672995103471527e-06,-7.663023118587751185e-08,-2.193199943837172984e-06,-3.906824808791220898e-06,-4.470666413105328819e-06,-3.421648836353834994e-06,-8.098252685610529520e-07,2.748198141454091119e-06,6.235542469171838904e-06,8.573782425261530804e-06,9.008988105172030698e-06,7.392020010008696563e-06,4.237652788323380603e-06,5.362100346553721812e-07,-2.606382942797498779e-06,-4.354164228760915960e-06,-4.399629876129557650e-06,-3.001473903552471594e-06,-8.051324969939694057e-07,1.459206468345755779e-06,3.261940194987195685e-06,4.423429667683731786e-06,5.080039542276656352e-06,5.507642618629293617e-06,5.906236342607947096e-06,6.259072547575843038e-06,6.334819221826400127e-06,5.825900244516640997e-06,4.547581015485378404e-06,2.592895535132887810e-06,3.606066324123237897e-07,-1.565175681074977497e-06,-2.634365140689827335e-06,-2.553004380863452427e-06,-1.409646579886120028e-06,3.501975453991504467e-07,2.091276359564477682e-06,3.226659252711370829e-06,3.427521764420777562e-06,2.720614765700549962e-06,1.439749029107448283e-06,6.034517361365175355e-08,-1.006161834633583437e-06,-1.568455380096148007e-06,-1.698866454458722359e-06,-1.654289860351446934e-06,-1.720331163949631438e-06,-2.058172806324629481e-06,-2.629911380820744644e-06,-3.238378834427134439e-06,-3.659547042088587827e-06,-3.796528456380769983e-06,-3.768290734278847950e-06,-3.873717451959194250e-06,-4.432623445839243579e-06,-5.572495024437558757e-06,-7.069848884697598054e-06,-8.344569425294290647e-06,-8.643120754414172001e-06,-7.356560934464112181e-06,-4.343002019192660592e-06,-1.011512400648987784e-07,4.310006461715255650e-06,7.605287317960845692e-06,8.743654669221805341e-06,7.342642671971697673e-06,3.852552854669183604e-06,-5.998114220159801159e-07,-4.645571900820181332e-06,-7.207073433032718845e-06,-7.900280644932490174e-06,-7.130375600681817432e-06,-5.841909153327534495e-06,-5.043221196025889213e-06,-5.329294494520039783e-06,-6.626332244118666832e-06,-8.273649608380464576e-06,-9.394778947077226747e-06,-9.369447335538228346e-06,-8.170434761638570455e-06,-6.398266678494645051e-06,-4.998225035604171799e-06,-4.802551938343848277e-06,-6.126406877974363782e-06,-8.616192120175989713e-06,-1.141921138533783145e-05,-1.358119133872227538e-05,-1.446652103675058975e-05,-1.399202067855790659e-05,-1.256913635547569405e-05,-1.080551329921799768e-05,-9.141712998434425413e-06,-7.626293892011170263e-06,-5.948896227101687037e-06,-3.702661493519156770e-06,-7.158881214541235857e-07,2.748829441546381794e-06,6.057315210664461263e-06,8.509578133265164511e-06,9.727076982165764503e-06,9.902764519323227789e-06,9.758741072809453659e-06,1.021009727233469335e-05,1.189613654792592986e-05,1.482249807270994549e-05,1.831131009371074746e-05,2.130137649145538042e-05,2.285624790143411775e-05,2.262293205763085530e-05,2.100192941086032310e-05,1.893465131283182844e-05,1.741308587025842803e-05,1.696441020746371244e-05,1.738050672069734327e-05,1.783733604040886679e-05,1.734564021251120658e-05,1.529906539907703694e-05,1.183172490185316648e-05,7.794485623644213152e-06,4.357885193657249492e-06,2.445351675693936034e-06,2.289796916170648247e-06,3.341999814266007205e-06,4.574361367093049034e-06,5.016395529358733840e-06,4.238546750558578123e-06,2.531901603204546438e-06,6.960070814173738397e-07,-4.430550372149894502e-07,-5.193144476553981429e-07,1.464533319768258746e-07,7.023171006226272582e-07,2.178164069132903130e-07,-1.811843926266017742e-06,-5.182423275658148381e-06,-9.070065497615067342e-06,-1.244338848977395795e-05,-1.457408356799464298e-05,-1.537016845478533501e-05,-1.535447243698956623e-05,-1.530575666298787481e-05,-1.576499128117760234e-05,-1.668385658053914757e-05,-1.741563623778424389e-05,-1.706169531862491021e-05,-1.499093053092130282e-05,-1.125123026050595398e-05,-6.644844307266931629e-06,-2.415766956168127789e-06,2.976167917498102346e-07,9.671543068335389490e-07,-1.178573763902888354e-07,-2.038817012796274659e-06,-3.723328015084963838e-06,-4.455015828061419145e-06,-4.156514408683564585e-06,-3.314817725274301706e-06,-2.613991480101965712e-06,-2.494628102669145747e-06,-2.889982915578964629e-06,-3.281809850866691750e-06,-3.035974482633740098e-06,-1.820811539599867921e-06,1.341163190478025695e-07,2.091444869058356361e-06,3.150654900301451031e-06,2.702211531214378265e-06,7.496435493043396701e-07,-2.069556831710422047e-06,-4.770564177756679600e-06,-6.459517022892067854e-06,-6.694752268553795976e-06,-5.596180339858157699e-06,-3.674830530895618706e-06,-1.509160843372413741e-06,5.306651578363975830e-07,2.355141688202907735e-06,4.005718439341840588e-06,5.409486066431058989e-06,6.230547046334082163e-06,5.954781723062623706e-06,4.196834339116169236e-06,1.063434420127501097e-06,-2.660316626079688573e-06,-5.666984090517419188e-06,-6.614380602004545476e-06,-4.741639933961612327e-06,-3.099132803731250414e-07,5.381445959629798016e-06,1.045923826977362777e-05,1.323909105926324670e-05,1.294324067084256861e-05,1.003392268091005800e-05,5.996230367937853528e-06,2.664834307755179768e-06,1.407667055257388235e-06,2.546931686254219659e-06,5.279774473686687792e-06,8.117150313245647647e-06,9.611964498218918427e-06,9.018714799694327883e-06,6.576925259929428837e-06,3.308855391613524023e-06,4.642689533193900530e-07,-1.090912641672445921e-06,-1.237566684804748082e-06,-5.580206611260795627e-07,6.144639535129849414e-08,-5.046292928792127602e-08,-9.873608902272657897e-07,-2.239079412193218533e-06,-2.998780556080962554e-06,-2.628142962928394351e-06,-1.032497737269892448e-06,1.245273027823455416e-06,3.253128107562921821e-06,4.059763752177256345e-06,3.173310714886643888e-06,7.544084223694741670e-07,-2.460443416077273259e-06,-5.469294819067562139e-06,-7.393936311493271918e-06,-7.777536439363067346e-06,-6.684815258479367296e-06,-4.600365908215604222e-06,-2.204888483997562662e-06,-1.393504909117526878e-07,1.159015039050244792e-06,1.520393438794315101e-06,1.025703722395730122e-06,-5.240003736929030571e-08,-1.324131051234126087e-06,-2.367038448909016787e-06,-2.823058880830309170e-06,-2.498646152732618504e-06,-1.436738711906071642e-06,8.019857444233628067e-08,1.618460900521218849e-06,2.752368974130620533e-06,3.230097488154392923e-06,3.065564423133996946e-06,2.504092846237373333e-06,1.872606394675346337e-06,1.390233095248845501e-06,1.043891945457111468e-06,6.045729301803288220e-07,-2.155337051880415441e-07,-1.547573529111720916e-06,-3.217035142501114081e-06,-4.759738989265069023e-06,-5.615551511468081461e-06,-5.411420381105362116e-06,-4.185148734435206301e-06,-2.419446778297445931e-06,-8.480834587066170184e-07,-1.164972086602259992e-07,-4.634916195379638330e-07,-1.590323441360689132e-06,-2.794014319314160086e-06,-3.306872079875389587e-06,-2.674347601293088800e-06,-9.781932678640702131e-07,1.212228180456560670e-06,3.137972861013143817e-06,4.244321459849913901e-06,4.463993440404774047e-06,4.238436172682163355e-06,4.261723486642064594e-06,5.078061614833076825e-06,6.744064224787212274e-06,8.737800506250096159e-06,1.017195563738929643e-05,1.021206361393483051e-05,8.493318278007812273e-06,5.326489228352731675e-06,1.586713442381526553e-06,-1.664224749350385956e-06,-3.640522832563796082e-06,-4.158467581315116697e-06,-3.674164615478853962e-06,-3.023083216452590888e-06,-2.994232525689976726e-06,-3.945351947103594482e-06,-5.637280178150677945e-06,-7.354347793656329496e-06,-8.241311153846399675e-06,-7.692503976157754445e-06,-5.617218484005335364e-06,-2.475254168043335494e-06,9.123001232013282497e-07,3.675524667249686693e-06,5.190644288063168800e-06,5.245037181855094854e-06,4.032382726551118542e-06,2.014497886786851363e-06,-2.687367366189497665e-07,-2.360457266107104653e-06,-3.972934994375084186e-06,-4.996858778025303137e-06,-5.461561236827189434e-06,-5.479438441844717588e-06,-5.195338507749082133e-06,-4.745999143308502875e-06,-4.227742510122515299e-06,-3.674508610863710000e-06,-3.055224795402364195e-06,-2.299335335306382524e-06,-1.347920638205086318e-06,-2.108461190327401684e-07,1.000276674675311906e-06,2.087933986777858932e-06,2.835738751668435920e-06,3.100900192701716069e-06,2.888509966298128391e-06,2.368161960904541946e-06,1.819336913989682040e-06,1.526726692666283506e-06,1.671645078276027129e-06,2.267286361099062042e-06,3.163215093439216718e-06,4.110770456701306086e-06,4.854534285521504236e-06,5.209101876639090859e-06,5.095914821325484341e-06,4.540197526284837576e-06,3.646739009324203668e-06,2.574831249187522996e-06,1.518911166823460690e-06,6.849150097412840819e-07,2.475847741025471594e-07,2.871029839396218983e-07,7.270505018100878116e-07,1.312650242986591018e-06,1.662705775927750599e-06,1.397369024837215655e-06,3.007170549685862675e-07,-1.553318930766258904e-06,-3.779573631525578383e-06,-5.791025928727621784e-06,-7.003214228320390714e-06,-7.047777524037923241e-06,-5.899552780120729766e-06,-3.861075635315247025e-06,-1.418435669586928770e-06,9.535964133601013144e-07,2.936848254998205786e-06,4.397901601673575050e-06,5.302339514343249953e-06,5.587141120177338550e-06,5.089618131621508056e-06,3.597400788306929547e-06,1.006745332738703726e-06,-2.500387251249044460e-06,-6.379640084196006822e-06,-9.826864851828645098e-06,-1.204534316666360944e-05,-1.256513902041469618e-05,-1.145602333672628929e-05,-9.312436699578821887e-06,-6.996278943534757941e-06,-5.248002085136706276e-06,-4.352205934244593628e-06,-4.026693758423095009e-06,-3.597413410399200493e-06,-2.377688003921011865e-06,-6.278501661247092371e-08,3.062245148216061551e-06,6.212770213835921030e-06,8.454270329975966544e-06,9.140709468514472181e-06,8.224636041484071467e-06,6.286207627313045465e-06,4.269479763686565857e-06,3.059256811631824545e-06,3.106190609101794867e-06,4.275230510224372342e-06,5.973157893089039553e-06,7.469697042890656727e-06,8.237683143063902994e-06,8.144540647572950313e-06,7.420596742508925329e-06,6.454343843705542117e-06,5.551360733174568070e-06,4.797320756311020455e-06,4.089777264935518991e-06,3.296170630926162623e-06,2.420544527036837256e-06,1.661511802503639364e-06,1.316660919838317862e-06,1.588637891319201867e-06,2.414650831045289141e-06,3.433437231715550226e-06,4.125343001737225867e-06,4.057915073035199808e-06,3.102664835216995845e-06,1.499202922647852080e-06,-2.734210989150982734e-07,-1.749093016314257041e-06,-2.710340820016617905e-06,-3.276142348878861640e-06,-3.796165276071546333e-06,-4.618559267033387359e-06,-5.872135395623147564e-06,-7.393857063176342355e-06,-8.843298993621993812e-06,-9.929168889783722169e-06,-1.059952776087303328e-05,-1.106420854425115073e-05,-1.161965423559318057e-05,-1.237532087414757604e-05,-1.305870058712686661e-05,-1.304983501541178554e-05,-1.167158364216147999e-05,-8.604428665394421160e-06,-4.195616099153630775e-06,5.424258890889679836e-07,4.300733409585991504e-06,6.065552950564590448e-06,5.645562217958852571e-06,3.846137151275805035e-06,2.158481478042411473e-06,2.073673286159473455e-06,4.336651779495533768e-06,8.511068171794659604e-06,1.309345032110254242e-05,1.615246506433220912e-05,1.620569938164222111e-05,1.291775564255733417e-05,7.279963650209090751e-06,1.180137607466474259e-06,-3.432085405292605021e-06,-5.382509694959471849e-06,-4.714673073244425744e-06,-2.541790715956125971e-06,-4.091266077734695504e-07,4.939691916261161657e-07,-1.271455669831551981e-07,-1.637359887072834728e-06,-2.924657901015610600e-06,-3.072540717015264821e-06,-1.880478804896573804e-06,4.285060730785141300e-08,1.648932619941914461e-06,2.064285442356078887e-06,1.103826716339876474e-06,-6.040330272986109952e-07,-1.952151158537542552e-06,-1.968460398513647132e-06,-3.747359224705907627e-07,2.216182272966951762e-06,4.578666093330856601e-06,5.488454551619414058e-06,4.353971297439592004e-06,1.535970215384609968e-06,-1.810685576544313605e-06,-4.291509942852638797e-06,-4.939658209120442821e-06,-3.660903904042749904e-06,-1.243151864195857413e-06,1.055657277154397841e-06,2.116526404184617229e-06,1.454505713380881579e-06,-6.329929961898204220e-07,-3.304651298485177969e-06,-5.639826062732081762e-06,-7.066724760079995976e-06,-7.536910245279347652e-06,-7.387990394644320939e-06,-7.015613529677032227e-06,-6.574729800948718850e-06,-5.896655304308174602e-06,-4.666897780862436394e-06,-2.743591350086467286e-06,-4.042232591395183097e-07,1.656962235744937197e-06,2.615583546276545059e-06,1.951898061230738507e-06,-2.029498648785398834e-07,-3.017049705877151185e-06,-5.264779483747709211e-06,-5.862624534188924610e-06,-4.376716367710629867e-06,-1.246947418731286884e-06,2.392733852978750339e-06,5.218876873419513803e-06,6.307479180834443107e-06,5.526058724888227656e-06,3.547369672207957397e-06,1.491259384227767440e-06,3.808781772876391121e-07,6.811220719401794090e-07,2.133575565368244163e-06,3.945939512175345096e-06,5.218074417530527136e-06,5.380288775029652520e-06,4.431386596383992770e-06,2.880396466704602745e-06,1.450729588211905312e-06,7.175062207205725397e-07,8.644024546725034422e-07,1.665656526215350131e-06,2.671811189821918228e-06,3.474649035207971836e-06,3.899812681689194356e-06,4.032555845952371621e-06,4.085214026380919323e-06,4.204391617490954179e-06,4.343183020058590123e-06,4.277692496683759326e-06,3.757459770496009355e-06,2.698490362592531795e-06,1.300632098453804526e-06,1.172861986887289571e-08,-6.545858243190243512e-07,-3.593987293538939097e-07,8.848434609824283899e-07,2.693515704098162994e-06,4.459374905884669109e-06,5.603641807075710081e-06,5.812589135961024229e-06,5.154331582529325645e-06,4.030301681192833655e-06,2.992353869031130350e-06,2.511921666925452599e-06,2.798677406085090367e-06,3.733520332942987357e-06,4.926020026095671044e-06,5.858150436866395561e-06,6.054109957646211384e-06,5.222832866989056440e-06,3.343013241802480787e-06,6.829418577030888689e-07,-2.241271739064366153e-06,-4.763921615278348143e-06,-6.217227353258422096e-06,-6.109499066885739297e-06,-4.294658659765002680e-06,-1.075968175083115548e-06,2.811597521924320162e-06,6.364860741597317927e-06,8.591686967835305026e-06,8.819661690530455409e-06,6.919138596357742876e-06,3.344586513502231474e-06,-1.036074803721490268e-06,-5.266873749220995011e-06,-8.656256672999152423e-06,-1.101052547700721488e-05,-1.264834622799652216e-05,-1.418995851715393623e-05,-1.621473355634992129e-05,-1.894136412046216902e-05,-2.207703245929182469e-05,-2.490731520791554198e-05,-2.659027685417307199e-05,-2.652525337049239042e-05,-2.463176006275965004e-05,-2.141295581368654426e-05,-1.777347846009210675e-05,-1.466993269516187356e-05,-1.274498915593220009e-05,-1.210087211184256379e-05,-1.230402556383490761e-05,-1.260994109648245150e-05,-1.230216685272716949e-05,-1.099425267224245490e-05,-8.766195999727646637e-06,-6.085242642379169305e-06,-3.557848903216588968e-06,-1.631585163319292078e-06,-3.820839894460442762e-07,5.237391333180181312e-07,1.678622088560950093e-06,3.671866797442352466e-06,6.829317531569075857e-06,1.106500133181756870e-05,1.589818533785650802e-05,2.061609516216860179e-05,2.450441768854051138e-05,2.704942946475259036e-05,2.804135974236179955e-05,2.756185863182705216e-05,2.589119663752932523e-05,2.339790588036986223e-05,2.046476106071012523e-05,1.746912075120339014e-05,1.479498013569474432e-05,1.283211970255386895e-05,1.192670567890482446e-05,1.228223522578208171e-05,1.384983809813084358e-05,1.626881009649999357e-05,1.890711995161255374e-05,2.101022182147879838e-05,2.191432521149284067e-05,2.124402004911689606e-05,1.901396374022099487e-05,1.559290357891169405e-05,1.154861712648260330e-05,7.445500895448092794e-06,3.685968195667629974e-06,4.619117674622540323e-07,-2.175430953049705490e-06,-4.181422311906259651e-06,-5.409391107630671370e-06,-5.605963215463583947e-06,-4.534689676113954941e-06,-2.180233230974343640e-06,1.068940903321369047e-06,4.369099627801212532e-06,6.564024040515041905e-06,6.502049723648784694e-06,3.424459375578851844e-06,-2.722164405219469105e-06,-1.118051106741556321e-05,-2.054143672099479845e-05,-2.912354615761072638e-05,-3.544343206034554202e-05,-3.861125560861838473e-05,-3.851697332642771085e-05,-3.575579188020702937e-05,-3.134203095980415710e-05,-2.633659021258694390e-05,-2.153430290572127870e-05,-1.731760858044397762e-05,-1.370246138525855310e-05,-1.051822167603248520e-05,-7.612529773656400418e-06,-4.975559764040392887e-06,-2.731069016329484210e-06,-1.017001284713886105e-06,1.612053752346276271e-07,1.005875405569297844e-06,1.869702598518401284e-06,3.077403254591120696e-06,4.710434400768990819e-06,6.472947075873717960e-06,7.732200640971139419e-06,7.749650175033228990e-06,6.023357473725687011e-06,2.593956248171158429e-06,-1.838272837549087497e-06,-6.069548745474486871e-06,-8.790529976712244012e-06,-9.081247647142767529e-06,-6.800270278592612097e-06,-2.693906156481900382e-06,1.840573316841453099e-06,5.259942051653078917e-06,6.453754999236742180e-06,5.165492004229640092e-06,2.086332815286041295e-06,-1.413893841233068024e-06,-3.805540781775718963e-06,-3.956926060815789559e-06,-1.514491475299585979e-06,3.026040280871094103e-06,8.554717448151467486e-06,1.376470139315968347e-05,1.757200263868856759e-05,1.938500838871254047e-05,1.915946437740356965e-05,1.727493753062818839e-05,1.433218329540018902e-05,1.097284288873993065e-05,7.774078649985315077e-06,5.207712999661577158e-06,3.616110041716574087e-06,3.165403145449821170e-06,3.779973928426649748e-06,5.106595159278433563e-06,6.567254360563021351e-06,7.522624639422179748e-06,7.501287222878725631e-06,6.393654257954412861e-06,4.503618178118715100e-06,2.408757945262709745e-06,6.774558456355349564e-07,-4.229480082464916028e-07,-1.070347014615514722e-06,-1.789994519077958515e-06,-3.142627450385799829e-06,-5.348153595370982862e-06,-8.047706165565121181e-06,-1.035539028492946270e-05,-1.121219916035853582e-05,-9.894704898413441950e-06,-6.433612307620545205e-06,-1.718989848725910829e-06,2.791931603591301291e-06,5.655686632129572020e-06,6.052651463258598621e-06,4.137290772106207085e-06,9.528906959325748423e-07,-2.059652619481013197e-06,-3.731702091517209599e-06,-3.696979264603458973e-06,-2.526992891379354138e-06,-1.406560204164066750e-06,-1.507805013914194258e-06,-3.368351435206627679e-06,-6.577479519224769565e-06,-9.923812901899607293e-06,-1.193419485056505629e-05,-1.154615472387976639e-05,-8.596592883088479905e-06,-3.903374072137622253e-06,1.085475216121098090e-06,4.897738218467961208e-06,6.611949707054023086e-06,6.147837398321930287e-06,4.169578474038319256e-06,1.687686192998699329e-06,-4.225833859875306859e-07,-1.752946691963126698e-06,-2.409852393222222900e-06,-2.799265994022526972e-06,-3.297880079246569236e-06,-3.999590750280536793e-06,-4.664648982694575702e-06,-4.877485410923960170e-06,-4.306347360520840159e-06,-2.911986085322620083e-06,-9.922054736596384005e-07,9.539279057525131660e-07,2.460275309193478507e-06,3.297480118444554511e-06,3.543340280930001121e-06,3.495249264470761422e-06,3.485764363344654475e-06,3.708229350673045052e-06,4.143980736331051019e-06,4.619025220403542333e-06,4.944296080143499667e-06,5.050476196402304879e-06,5.037213882778014147e-06,5.109122735163693267e-06,5.436096618417218512e-06,6.017484201929012350e-06,6.627604158653484989e-06,6.877554353996436775e-06,6.369422075609124353e-06,4.874157922572769923e-06,2.454041232632034167e-06,-5.234704634633200873e-07,-3.487016862411235553e-06,-5.839124364090004450e-06,-7.146162569745564683e-06,-7.276048224499650234e-06,-6.440017524224177226e-06,-5.125941569489240977e-06,-3.942375689883527310e-06,-3.418299825210202718e-06,-3.819110510615613171e-06,-5.040722218659685136e-06,-6.626530805381650005e-06,-7.915822571923074815e-06,-8.284283713927721444e-06,-7.394192079457882331e-06,-5.354584770234393465e-06,-2.714971334422591341e-06,-2.780422909611255479e-07,1.205095495317640083e-06,1.334729078654087450e-06,2.269513135430441803e-07,-1.534732075046190707e-06,-3.143987210088465678e-06,-3.904286227413571620e-06,-3.498610473228130147e-06,-2.075503329169448493e-06,-1.217554089310650660e-07,1.801443442352993630e-06,3.315632421155658654e-06,4.342340674630078025e-06,5.029966509082929261e-06,5.550596104312682326e-06,5.904102634346953973e-06,5.864358554012513562e-06,5.117870168111365293e-06,3.523481929538358689e-06,1.332730321496168974e-06,-7.897147339444799705e-07,-2.007809353480227883e-06,-1.730432432857175424e-06,5.806198311341231371e-09,2.413149646478069332e-06,4.207168296333598327e-06,4.169526479765055908e-06,1.774177537506610652e-06,-2.434514883826038003e-06,-6.934612809537274528e-06,-9.800743057169038815e-06,-9.532041021268401030e-06,-5.762295452678704520e-06,4.904997427142338731e-07,7.179837779810909737e-06,1.205754179280281968e-05,1.361118041507920861e-05,1.168930925979007153e-05,7.528691565070951098e-06,3.171898003643269566e-06,5.456598900908929898e-07,6.252864094410178746e-07,3.064342718534408533e-06,6.444617905220120289e-06,9.007772223843832119e-06,9.507824949349624310e-06,7.777440717893801514e-06,4.749146035100656527e-06,1.940025885805579833e-06,6.646944167453498544e-07,1.364662342795063682e-06,3.377584096596124823e-06,5.253113524523623994e-06,5.459956906459795301e-06,3.145804637327904458e-06,-1.408639741419258657e-06,-6.853755286501046388e-06,-1.132466785772200490e-05,-1.323402850769660923e-05,-1.195019472599119857e-05,-8.064425842000348728e-06,-3.137047445909698396e-06,9.590005991370207085e-07,2.809139314327771701e-06,2.014025899523409335e-06,-6.959776121725600755e-07,-3.824072449535955710e-06,-5.781974338282930768e-06,-5.584290471245609802e-06,-3.268259647857863912e-06,1.354988372250286546e-07,3.065727413983792296e-06,4.129221083404837416e-06,2.737351985924646190e-06,-5.957544756830968189e-07,-4.432489402379848334e-06,-7.008817870589991005e-06,-7.008920571157744756e-06,-4.190507471767138727e-06,4.183283269592283674e-07,4.860715373140585945e-06,7.015721913855401411e-06,5.482649630274494226e-06,2.138649445426335242e-07,-7.385193177303883401e-06,-1.495364562955697551e-05,-2.008039452072125499e-05,-2.124467554362044483e-05,-1.839458633910456508e-05,-1.291581169835542513e-05,-7.005783463328021720e-06,-2.729294932354057761e-06,-1.171486704403876504e-06,-2.057023694076674837e-06,-3.989588490097386191e-06,-5.181730273171053959e-06,-4.323804888996464755e-06,-1.185815819667489320e-06,3.317716593682346410e-06,7.608791461912134358e-06,1.022256923564102317e-05,1.049640791720816747e-05,8.843430621252997638e-06,6.495489666842393216e-06,4.862774204823556870e-06,4.839016707782119203e-06,6.394607834421542869e-06,8.643159441167811880e-06,1.032376538824975229e-05,1.043656071963077747e-05,8.705514949967028542e-06,5.647438636043217626e-06,2.240321193991322124e-06,-6.071021110244879455e-07,-2.488136796657491976e-06,-3.603309392040487389e-06,-4.496491511023125985e-06,-5.588136799947948550e-06,-6.786507673344171869e-06,-7.417705765872152335e-06,-6.541253340429860848e-06,-3.502185306467698521e-06,1.571702930739213236e-06,7.610028534701480864e-06,1.290084358492693264e-05,1.574546391948136156e-05,1.517511266551101273e-05,1.139277963201419566e-05,5.723974726402807120e-06,8.732140082631595072e-08,-3.780554777688908862e-06,-4.999608769331581530e-06,-3.826170625516914091e-06,-1.431298185972667037e-06,6.980632923019968612e-07,1.446421944872795258e-06,5.326898832190098313e-07,-1.443835291699355990e-06,-3.365839062411127830e-06,-4.175493347029562920e-06,-3.389278627495992393e-06,-1.319110081079351357e-06,1.084118467652067026e-06,2.674957019955369154e-06,2.635441716578610242e-06,8.445243422952663901e-07,-2.055458991258196027e-06,-4.909898523299831910e-06,-6.505848321108742815e-06,-6.042474955317769549e-06,-3.438907745684755675e-06,6.265036684143098836e-07,4.947905528756560753e-06,8.203081678407065502e-06,9.397974739955986383e-06,8.195554869738840175e-06,5.023726073983347543e-06,9.309167259305505601e-07,-2.760181366633436453e-06,-4.884186181744860789e-06,-4.803531864109458057e-06,-2.590035803028653582e-06,1.045435815745423069e-06,5.045962060575949862e-06,8.408533890352764610e-06,1.053058215827814645e-05,1.136277174377570384e-05,1.130974197256049579e-05,1.093236670025012591e-05,1.059738053756103183e-05,1.024789134119282916e-05,9.413826753450510074e-06,7.466178565367273320e-06,3.996153293697481485e-06,-8.694562389470401851e-07,-6.384453867737673446e-06,-1.139291050631679498e-05,-1.475242202011031528e-05,-1.578270243903787736e-05,-1.453190156723946385e-05,-1.173526851249988690e-05,-8.486229543028246298e-06,-5.777207060058998515e-06,-4.127747093750741325e-06,-3.469801101063253328e-06,-3.327903021153408455e-06,-3.182422834529265409e-06,-2.813521664334623395e-06,-2.438552525266469242e-06,-2.568857887966592389e-06,-3.664707677264452621e-06,-5.779860894755300281e-06,-8.400205006047879603e-06,-1.058548452078927661e-05,-1.136672080882651700e-05,-1.021422303622896539e-05,-7.343401743403999076e-06,-3.694361230436152845e-06,-5.743192720454512353e-07,8.854397592935585831e-07,2.140029750506080771e-07,-2.194210255044129282e-06,-5.247380952146946115e-06,-7.620403365200104918e-06,-8.306490021114026006e-06,-7.014312681102403384e-06,-4.246111275623082752e-06,-1.039941655940388262e-06,1.493581880923095554e-06,2.629476333626404155e-06,2.288888078746975453e-06,1.009543917610476332e-06,-3.352071552359038093e-07,-9.287035004478612479e-07,-3.433328776931672403e-07,1.314557347147161226e-06,3.484303119260608980e-06,5.399460352721134943e-06,6.392493278861130714e-06,6.137817342790260920e-06,4.754341876578968431e-06,2.748087933528156971e-06,8.300980633828256094e-07,-3.216422557733175105e-07,-2.794076284037728339e-07,1.001950704885188401e-06,3.174793549598942369e-06,5.613257297258060976e-06,7.618698782236613179e-06,8.651327457378481047e-06,8.508803013402755256e-06,7.384042619401484791e-06,5.774254819544767160e-06,4.270860855319790553e-06,3.313063121228893754e-06,3.010611035234271029e-06,3.117927459746038683e-06,3.176997948598912011e-06,2.767063514420524480e-06,1.743183573000204678e-06,3.437203874170743490e-07,-8.952586157156863434e-07,-1.387230372315050610e-06,-7.888191504654179022e-07,8.061187796868153279e-07,2.875807548784949158e-06,4.689703254156893707e-06,5.638027465723253539e-06,5.511911945950323675e-06,4.592876538655171427e-06,3.501628898769711196e-06,2.876261133104877749e-06,3.038262649956952119e-06,3.815083338537248036e-06,4.612775970399235409e-06,4.707864155731941448e-06,3.616489241648592880e-06,1.357917880085227832e-06,-1.519654033600004944e-06,-4.165518776185920027e-06,-5.794850945460653388e-06,-6.020186113480689820e-06,-4.989017757415251065e-06,-3.270795497099683241e-06,-1.562712645411191835e-06,-3.704459422502739717e-07,1.763446111980431060e-07,2.931079203676501848e-07,3.315689352891973754e-07,5.238370228410390323e-07,8.294273151128193200e-07,9.710387529158332689e-07,6.338113744457551551e-07,-2.935445286168551659e-07,-1.585040784493062321e-06,-2.742936109702285224e-06,-3.241923173193585916e-06,-2.825443902754160755e-06,-1.687595052366248359e-06,-4.253154715370882742e-07,2.357213373351230023e-07,-1.866831134263265231e-07,-1.652538108943950052e-06,-3.570619571487180435e-06,-5.054515613651688774e-06,-5.352291871782236022e-06,-4.240778429650647206e-06,-2.180338710585653542e-06,-1.355742532582438928e-07,8.694389543025828792e-07,2.563332383215183671e-07,-1.787318909568443076e-06,-4.338852698928066277e-06,-6.125102984345605371e-06,-6.093427882934946599e-06,-3.907781265390511199e-06,-1.370477454451356385e-07,3.957914852711096786e-06,6.947517336324903384e-06,7.833196235114210347e-06,6.456006824473738624e-06,3.536324164842521135e-06,3.371043985088648237e-07,-1.887133394084593301e-06,-2.403031030410466048e-06,-1.248792844082540920e-06,8.715281162615985730e-07,2.976157777875979900e-06,4.277345883961027704e-06,4.511919561746439388e-06,3.986575580255969136e-06,3.338168318888840508e-06,3.145658096422701039e-06,3.594230585896351992e-06,4.356249276041903066e-06,4.740042843999391326e-06,4.024481777541975338e-06,1.810192900340602665e-06,-1.782570188435644662e-06,-6.157268471486414583e-06,-1.049222671979324057e-05,-1.406714480542173873e-05,-1.650390001061704604e-05,-1.781390268873180114e-05,-1.824970477358155355e-05,-1.806074269339690133e-05,-1.729947618208618171e-05,-1.579154362430786025e-05,-1.328955608842232697e-05,-9.724246248552939774e-06,-5.404968971736372451e-06,-1.038109171829913544e-06,2.478931495639914016e-06,4.412302755268877082e-06,4.531765959068201650e-06,3.263669813326709354e-06,1.561705683344393839e-06,5.306261854656642630e-07,9.593935690659166792e-07,2.972481436032297704e-06,5.962881180530461194e-06,8.845851339509245594e-06,1.052567416918747600e-05,1.036797852628185436e-05,8.465824310455252890e-06,5.582197465036974801e-06,2.801102422689746400e-06,1.053539905993579357e-06,7.396799999221952229e-07,1.618418171635718336e-06,3.004543829758521236e-06,4.165150030488243926e-06,4.712356915774583325e-06,4.794455702413683307e-06,4.989518619153003088e-06,5.954683905564142881e-06,8.008064705508243284e-06,1.085808616948793711e-05,1.362800840278643408e-05,1.518305428519909978e-05,1.462090103395423926e-05,1.170341346122738267e-05,7.028090477564415077e-06,1.852339348915389822e-06,-2.361231512726895201e-06,-4.486741637850319345e-06,-4.136524004912749526e-06,-1.760693285388112856e-06,1.581330141929110408e-06,4.662514360291512569e-06,6.545330870915254886e-06,6.865686800209642081e-06,5.846730044030275921e-06,4.072816613685367616e-06,2.156404024823575639e-06,4.633824780311874884e-07,-9.841984473062100501e-07,-2.406828381091370625e-06,-4.045342697705941215e-06,-5.948320258457083416e-06,-7.884275842769554294e-06,-9.422483541255649266e-06,-1.013703396932528561e-05,-9.826288797821435786e-06,-8.633618947535711102e-06,-7.006007426662349238e-06,-5.508021400763584268e-06,-4.579543917674213568e-06,-4.352475496914370679e-06,-4.612495659624871365e-06,-4.922018272042309987e-06,-4.843744683713098703e-06,-4.157164942889082916e-06,-2.964712073762362930e-06,-1.637307669533400102e-06,-6.253859584961466560e-07,-2.253369077083045493e-07,-4.130869611889441878e-07,-8.263784644505182484e-07,-9.093271447920704814e-07,-1.583715250116874477e-07,1.638166032362777293e-06,4.272832602277552668e-06,7.160714134845370780e-06,9.532766627038328011e-06,1.069899840066641301e-05,1.027339520266665298e-05,8.275094099736647255e-06,5.079432023322344988e-06,1.258904360307041466e-06,-2.603914024774372569e-06,-6.050412171402183016e-06,-8.786315256677669895e-06,-1.064404590627085016e-05,-1.152364064064824715e-05,-1.137202644049691602e-05,-1.022496387137456332e-05,-8.283009880777048955e-06,-5.954979505111265648e-06,-3.805380820439766281e-06,-2.389762614314217975e-06,-2.031121036280236184e-06,-2.642786201348628331e-06,-3.704369472132779469e-06,-4.437760895264732755e-06,-4.133230315101828228e-06,-2.488929686795423983e-06,2.010581259847539165e-07,3.121467769792879979e-06,5.267207097052323725e-06,5.896974345175710250e-06,4.900662904265937478e-06,2.895093859033077789e-06,9.799603597153964307e-07,2.463698221063879649e-07,1.257026224775642510e-06,3.744599909761642809e-06,6.683587178241426964e-06,8.719704250664292881e-06,8.770134171557782710e-06,6.521405568845661407e-06,2.594123718318680614e-06,-1.702680147927876632e-06,-4.913431916600335012e-06,-6.023777326063408833e-06,-4.829143767813698928e-06,-1.931685063673293989e-06,1.604460763000395482e-06,4.749663667710959694e-06,6.908669013473957030e-06,8.044466298407001184e-06,8.502919104325822440e-06,8.673504278703662144e-06,8.698564416905284796e-06,8.400270263981171712e-06,7.457885827068926178e-06,5.715513064574133876e-06,3.418268170659187617e-06,1.210136985320110139e-06,-1.381922790772961542e-07,-1.424172816199382898e-07,1.066590068302564039e-06,2.697639180261501991e-06,3.597485875500818369e-06,2.770268557006438453e-06,-1.313253675068812454e-07,-4.593871740132955956e-06,-9.430183519017392102e-06,-1.328761638931750151e-05,-1.523617148704836678e-05,-1.515139484533859903e-05,-1.370816242814232014e-05,-1.199617683599392069e-05,-1.095639912718140708e-05,-1.092292332043193509e-05,-1.149416170201938455e-05,-1.178403146874835908e-05,-1.090960073971848378e-05,-8.457248988457478616e-06,-4.691894457660876740e-06,-4.171583535968945018e-07,3.420797638154503085e-06,6.165545918125681484e-06,7.693795434703859908e-06,8.360354906981041327e-06,8.703387268533521859e-06,9.095936768527779443e-06,9.547348196427681306e-06,9.760204320108273424e-06,9.393450290441667360e-06,8.360062998676291051e-06,6.967865936739214883e-06,5.805802208410785493e-06,5.431036151608287949e-06,6.036060842490067584e-06,7.296651840034744184e-06,8.505578874754477398e-06,8.935246379556452593e-06,8.235836941040382351e-06,6.643523021135644254e-06,4.868555844704996301e-06,3.707013853390144646e-06,3.578107986687449455e-06,4.242019310681959946e-06,4.867327938524851565e-06,4.433946894196031460e-06,2.273821115547014919e-06,-1.532347472110407325e-06,-6.119478701159614202e-06,-1.019771780494687568e-05,-1.263485331745069088e-05,-1.296879730448121275e-05,-1.158901861934133926e-05,-9.495257906231333955e-06,-7.761288696797263189e-06,-6.985430264804776751e-06,-7.016011418930741778e-06,-7.094509374977458998e-06,-6.337546710934452807e-06,-4.297895978925993769e-06,-1.299863347307515906e-06,1.639810608544248420e-06,3.278158557342432683e-06,2.768053200668389333e-06,1.196671106471809868e-07,-3.737510387557514004e-06,-7.331000122936305144e-06,-9.280041462553723157e-06,-8.882732909824564912e-06,-6.378818639060787511e-06,-2.777245905549509487e-06,6.473797979089166670e-07,2.931086893402778965e-06,3.792621926280521676e-06,3.644015993954304653e-06,3.272175292323170106e-06,3.383642511637500540e-06,4.254707703977262350e-06,5.651447859027709705e-06,7.028428452725686790e-06,7.867907658265221391e-06,7.960301342718793683e-06,7.477652137019608723e-06,6.819371408185307015e-06,6.338841657451737921e-06,6.119271567397373538e-06,5.928384560060114526e-06,5.371140728394985498e-06,4.143431903212772354e-06,2.233749030141279248e-06,-4.609302121231375605e-08,-2.218190599493566616e-06,-3.891142561488047275e-06,-4.961125261678823927e-06,-5.645965892212230212e-06,-6.334685714070430946e-06,-7.342517094863719463e-06,-8.716341696843074273e-06,-1.020590721126418702e-05,-1.141850934103022884e-05,-1.206479765645498126e-05,-1.214469259914999079e-05,-1.195080507861565827e-05,-1.186926986688136549e-05,-1.207908250412650030e-05,-1.232276644563787778e-05,-1.190010647896332442e-05,-9.928640022627754566e-06,-5.773040867425248391e-06,5.558067390863480488e-07,8.236859922770661024e-06,1.581701650675025253e-05,2.168167390198048167e-05,2.462849042967161717e-05,2.430056395036896564e-05,2.129305344045027423e-05,1.689040389012658359e-05,1.255244574930004122e-05,9.372277337260501899e-06,7.731068739374990565e-06,7.277868493764975121e-06,7.214570128283363421e-06,6.736231015265507922e-06,5.421316983662599533e-06,3.404383531316381674e-06,1.271531200295934799e-06,-2.556027772743389906e-07,-6.937606580011867373e-07,-6.012245122475871898e-08,1.091301110070658471e-06,1.873677718483341366e-06,1.427445883382462039e-06,-7.085404287514787183e-07,-4.362497658884057527e-06,-8.727352324893612910e-06,-1.260074340548456057e-05,-1.478961464643715265e-05,-1.454014107967012034e-05,-1.183872090274551992e-05,-7.467252908616770766e-06,-2.776260982870819030e-06,7.613047461255782247e-07,2.067488858234533821e-06,8.610982623552549850e-07,-2.215188425014681016e-06,-5.809382292753064330e-06,-8.355898389523932116e-06,-8.676209067578944482e-06,-6.453258675428397740e-06,-2.383450755746693329e-06,2.071171815059817576e-06,5.248435746260371449e-06,5.951809004877402013e-06,3.947487714366585707e-06,8.321712421920275294e-08,-4.030394750115598185e-06,-6.654854465614870436e-06,-6.619847207888991950e-06,-3.796378561778200753e-06,8.465171676457305706e-07,5.622887981130827106e-06,8.789818185922301463e-06,9.215457888382772313e-06,6.787556883337795477e-06,2.409206351374618118e-06,-2.397609200341552110e-06,-6.101788151304801070e-06,-7.730386133622222058e-06,-7.170074141383887482e-06,-5.102001935568387434e-06,-2.625676572564334692e-06,-7.508512884098661047e-07,2.195941982791821234e-08,-1.364727250080852361e-07,-5.305161922191831347e-07,-3.141693854759865178e-07,1.077850139970806862e-06,3.630354887694159533e-06,6.706608289951181769e-06,9.283280373619299218e-06,1.036469625798619996e-05,9.406121117037924078e-06,6.570671949685257526e-06,2.709032941393447843e-06,-9.393973629613493813e-07,-3.212927673310302567e-06,-3.479172531943898009e-06,-1.888640319249683127e-06,6.796582762320075973e-07,2.969111533952203408e-06,3.858759629762992240e-06,2.831603863161067399e-06,2.008859848999795585e-07,-3.008362549840268392e-06,-5.482153188489936372e-06,-6.172148687294748683e-06,-4.746809595716405425e-06,-1.742322788968340244e-06,1.656261826058426575e-06,4.111101374312376031e-06,4.687785145201279634e-06,3.226419875873324352e-06,3.660814406293331868e-07,-2.779602987062246298e-06,-5.136995659457521178e-06,-6.132286095964340861e-06,-5.882851455774545367e-06,-5.040509799909219493e-06,-4.379273049603120183e-06,-4.345563911607567001e-06,-4.804475261928791380e-06,-5.112941028204592298e-06,-4.480881802560975950e-06,-2.430670300621894683e-06,8.886275431449676951e-07,4.703675996931763476e-06,7.944758012120589844e-06,9.737800678658128814e-06,9.810102348340517348e-06,8.599277915263564909e-06,7.005615820872762101e-06,5.912900615640940482e-06,5.725788817592741664e-06,6.167342162189543596e-06,6.447962278747402914e-06,5.723290614941330534e-06,3.603709667290629210e-06,4.438730752252373908e-07,-2.752132772209793290e-06,-4.778482886738166381e-06,-4.811930190225881741e-06,-2.839041534291235281e-06,2.953514353446274498e-07,3.253104988036336994e-06,4.807832107893151826e-06,4.394265151429382084e-06,2.332375124255476438e-06,-3.805320213289019992e-07,-2.599587818433557334e-06,-3.613031593384907133e-06,-3.479873120155134329e-06,-2.956884011893453036e-06,-3.057805010263088791e-06,-4.474931393022107540e-06,-7.162173391400967129e-06,-1.029522682364063189e-05,-1.263242399872329962e-05,-1.309762911394441105e-05,-1.129646826234576185e-05,-7.713232748034138715e-06,-3.497099834445704053e-06,5.072785339259485973e-08,2.035251875326010530e-06,2.305278984841574006e-06,1.423466839502764342e-06,3.078253664625552125e-07,-2.590089231700260869e-07,-4.675945643025796266e-09,7.478550121748196984e-07,1.303549608113203681e-06,9.912347328566735874e-07,-4.787269824350847303e-07,-2.869710309719784294e-06,-5.540399942277595072e-06,-7.747756233084268464e-06,-8.963490590305286541e-06,-9.046862416923737475e-06,-8.207692429758063737e-06,-6.810378253916773236e-06,-5.148148058865328377e-06,-3.317756557440575382e-06,-1.253828167851109895e-06,1.116589026383883202e-06,3.708240462750869243e-06,6.212643459202679550e-06,8.183679095197716306e-06,9.233904539572031274e-06,9.235658801009710692e-06,8.414936138264106683e-06,7.281708834296856837e-06,6.425878795820695320e-06,6.276431750335794283e-06,6.937106263997108122e-06,8.169438752358494884e-06,9.519125734143132068e-06,1.051531177135314282e-05,1.084776087945809045e-05,1.045174747476480497e-05,9.485494993637995392e-06,8.236803802672122853e-06,7.017099623482596304e-06,6.086512634779738685e-06,5.619028937220585325e-06,5.688453415206282102e-06,6.252482120674541678e-06,7.132840488545263948e-06,8.015400771189337161e-06,8.501958829299520722e-06,8.223515885562288465e-06,6.983423568469345899e-06,4.864253269192160386e-06,2.231655802583515206e-06,-3.893958301716927251e-07,-2.523613995284645333e-06,-3.942430836270337541e-06,-4.744524182054940151e-06,-5.267266379663915081e-06,-5.865562686980153245e-06,-6.673582097576299727e-06,-7.486913644317689231e-06,-7.848296402268523173e-06,-7.311724074216957005e-06,-5.753190814561377184e-06,-3.552260597544666287e-06,-1.518653898741074011e-06,-5.642852576878185259e-07,-1.261709279346544279e-06,-3.509119887837376169e-06,-6.490957081948143101e-06,-8.988363689213464255e-06,-9.917956757577589544e-06,-8.849970119433776263e-06,-6.247903099014425237e-06,-3.293966883118958972e-06,-1.362965423118229443e-06,-1.384521884111965279e-06,-3.398660248282779376e-06,-6.525119378007318570e-06,-9.369799211297008982e-06,-1.067806615515770868e-05,-9.920969554547781985e-06,-7.530353316316858502e-06,-4.669687802022647922e-06,-2.655387331287132221e-06,-2.315059431025262314e-06,-3.598709873221755851e-06,-5.631587512098820812e-06,-7.176957260090306873e-06,-7.273960925717438356e-06,-5.730985806686971912e-06,-3.229767674435383645e-06,-9.908828271145840502e-07,-1.687580455331131527e-07,-1.275783971295311590e-06,-3.917119873736190780e-06,-6.962203357561764342e-06,-9.065336452130779278e-06,-9.281903728793476738e-06,-7.487898723709354990e-06,-4.412757225631965850e-06,-1.283994154566545060e-06,7.374355715212987963e-07,1.065206948887995024e-06,-8.472746812333207865e-08,-1.828572125993697920e-06,-3.024922518437166607e-06,-2.761344819740094389e-06,-7.063933039127880936e-07,2.799919142219037061e-06,6.915954081758792569e-06,1.062050944915670541e-05,1.303959679181492231e-05,1.366418286888166863e-05,1.242042259906762546e-05,9.623639517254686451e-06,5.876751791426065550e-06,1.958134547437131683e-06,-1.293408769540014547e-06,-3.113936106943611067e-06,-2.978705096476059430e-06,-7.671125515774608281e-07,3.138150384479251125e-06,7.890006170434730334e-06,1.238447008835885111e-05,1.559161747131553364e-05,1.689371055906908867e-05,1.628935734032849303e-05,1.436576431254195443e-05,1.203870117534089705e-05,1.016710080240645191e-05,9.212336628616938321e-06,9.096087854675010954e-06,9.318835361692076195e-06,9.275817183621613292e-06,8.609935520438561927e-06,7.421134926050684588e-06,6.221374004439333532e-06,5.651181473049679561e-06,6.096214574592291919e-06,7.399302421854240169e-06,8.825270898156357320e-06,9.318744542580391458e-06,7.954191724924938013e-06,4.380077744950730479e-06,-9.477274807040106873e-07,-6.859805986384032309e-06,-1.186777377317163995e-05,-1.470087837337587547e-05,-1.476445530631243416e-05,-1.233575373226420736e-05,-8.427065241166434962e-06,-4.386052528296337000e-06,-1.406268421985453478e-06,-1.443039730541989129e-07,-5.790390820512136046e-07,-2.136218395663730678e-06,-3.991488834838625902e-06,-5.405035765700963764e-06,-5.951895825246313927e-06,-5.580321122226522792e-06,-4.517590922104755587e-06,-3.105315375146898509e-06,-1.658149990840203240e-06,-4.026577730370002010e-07,5.067001794487673382e-07,9.441923829828170912e-07,8.002026527920037217e-07,2.566345734873236121e-08,-1.290631585472695513e-06,-2.872529370935834239e-06,-4.293259997757826495e-06,-5.113215709163752368e-06,-5.070891725953864519e-06,-4.233429786922203140e-06,-3.014663501651766195e-06,-2.023733422646541628e-06,-1.793059968417827039e-06,-2.507504282743312700e-06,-3.875115147439962001e-06,-5.226418217005654754e-06,-5.822590485921916649e-06,-5.242291180322714853e-06,-3.659382023188427318e-06,-1.855154073989081422e-06,-9.230573303978560448e-07,-1.772456647240736231e-06,-4.649637640309046408e-06,-8.909934448877850169e-06,-1.317776241646638174e-05,-1.585922522229670287e-05,-1.580243991211837925e-05,-1.281585396546440801e-05,-7.801088851495621051e-06,-2.420139323316854641e-06,1.574153896152107578e-06,3.057281530359504138e-06,1.984128994216655063e-06,-6.304717439794030508e-07,-3.193017236604843801e-06,-4.256008679187870456e-06,-3.157447185597008726e-06,-2.882941712382096320e-07,3.124689090190007216e-06,5.608777354873749423e-06,6.126964751336687645e-06,4.536072312997205121e-06,1.619287586464518766e-06,-1.304449094507686515e-06,-2.995643592258734164e-06,-2.840211311039254032e-06,-1.079435280884864258e-06,1.361936520850905748e-06,3.342687996367271223e-06,4.029944971246632197e-06,3.235211715563192839e-06,1.423884126931638463e-06,-5.731842653643149729e-07,-1.978806794180872331e-06,-2.406795372773834609e-06,-1.967897827477193896e-06,-1.125052568619356768e-06,-4.047327377347998384e-07,-1.291666040603166874e-07,-3.008151539958856038e-07,-6.721527565081353151e-07,-9.294154326980579771e-07,-8.660550729604683720e-07,-4.451052877629668296e-07,2.699358926413983033e-07,1.249467091417501494e-06,2.590222311006883765e-06,4.486920755028773059e-06,7.084058709359017988e-06,1.029191269421798666e-05,1.368670684453841694e-05,1.657971255026609354e-05,1.825076652448949434e-05,1.824704079534794147e-05,1.660134566698170784e-05,1.385407735643319432e-05,1.085602967310137573e-05,8.437729860553464900e-06,7.097703371893753043e-06,6.851835215529753605e-06,7.304258025736350500e-06,7.890110444310886759e-06,8.159494158555134129e-06,7.960898997068333480e-06,7.444191687765466045e-06,6.902381356629466499e-06,6.553864312427198713e-06,6.390014290645085655e-06,6.167923347006652539e-06,5.543173270915721762e-06,4.261305891890789455e-06,2.300385743688670486e-06,-1.079502654789969916e-07,-2.578878837838927886e-06,-4.729496177105183063e-06,-6.299399211313232768e-06,-7.179632002693529069e-06,-7.357309901842539517e-06,-6.838587296092713393e-06,-5.623657204628407200e-06,-3.766510639187422144e-06,-1.484419989511963985e-06,7.688781049025206376e-07,2.350599465100951990e-06,2.621083258923094628e-06,1.216501122631321569e-06,-1.727989320200540369e-06,-5.535349279293699254e-06,-9.180978881645929330e-06,-1.166575661226747175e-05,-1.241130324568313873e-05,-1.149496758845571030e-05,-9.607506657169309847e-06,-7.745076852137974959e-06,-6.775593286920377928e-06,-7.081671014969763352e-06,-8.444527297381305031e-06,-1.021295781517701830e-05,-1.165967249122912389e-05,-1.233681538268229381e-05,-1.225009215426740317e-05,-1.177208904338480418e-05,-1.135633973931496101e-05,-1.121966145135954129e-05,-1.117500489199483491e-05,-1.071292922453527112e-05,-9.292077153605592099e-06,-6.681810356321399031e-06,-3.166880624524493951e-06,5.066785015430890411e-07,3.429627924879502923e-06,4.926827565050836304e-06,4.854139767443438454e-06,3.645026258020425777e-06,2.085226141010252297e-06,9.330039829596971656e-07,5.791089681449181431e-07,9.150980856560392700e-07,1.465871937677065379e-06,1.703119875589753932e-06,1.364939678454858375e-06,6.105553410258935024e-07,-6.656009836395543941e-08,-1.116840616756816155e-07,7.853442504961187660e-07,2.516505202705248935e-06,4.601081290056623707e-06,6.414916427307378689e-06,7.470655269730735905e-06,7.596930580269805007e-06,6.931778994717769042e-06,5.758361229686496135e-06,4.302634478349846656e-06,2.629027268697446049e-06,7.016294832076979785e-07,-1.434275732048985853e-06,-3.483796151139589880e-06,-4.887809118508236988e-06,-5.018395609801753687e-06,-3.508864848920507919e-06,-5.403336433510895466e-07,3.100809723641224943e-06,6.277169455714787031e-06,7.982666847785943603e-06,7.828402039679261732e-06,6.274882136158724918e-06,4.458774381673029205e-06,3.661457183086627135e-06,4.659968085481486157e-06,7.283888752964268775e-06,1.042112255230066336e-05,1.250192043367903032e-05,1.224711714988935778e-05,9.318727345503548186e-06,4.541186009357953791e-06,-4.367419716508341579e-07,-3.892080870677865890e-06,-4.829259510416796487e-06,-3.435597830824591388e-06,-9.572786679066940718e-07,9.498759935747800966e-07,1.073253372472760224e-06,-7.309882890340287514e-07,-3.462217195072149715e-06,-5.496755683638324775e-06,-5.448993833338844326e-06,-2.935936628390355995e-06,1.150447772781628133e-06,5.015974924368369557e-06,6.810919627546942331e-06,5.537638982980352003e-06,1.569674621521234780e-06,-3.478802107186051808e-06,-7.475532241008586586e-06,-8.737851402838746760e-06,-6.783295170044608118e-06,-2.514440031694628918e-06,2.229253876550480318e-06,5.514710659884922135e-06,6.139438395318758487e-06,4.057778624752340481e-06,2.497683599251734527e-07,-3.843408497631331061e-06,-6.993735387517802456e-06,-8.628294217394021651e-06,-8.857196617659341873e-06,-8.148576740745743172e-06,-6.900044008301155343e-06,-5.188950177149888198e-06,-2.849984553518207140e-06,1.895300939406634104e-07,3.559663208778979286e-06,6.351981605649594224e-06,7.405818928849425332e-06,5.874544428175839013e-06,1.780563707464684079e-06,-3.767821196387291809e-06,-8.876129329534475680e-06,-1.159682376775267263e-05,-1.077451504504975659e-05,-6.597186996530208708e-06,-5.688438318556517495e-07,5.108280837428435742e-06,8.465823768270874509e-06,8.583348454014952942e-06,5.908654623984616615e-06,1.950493264995582541e-06,-1.485555094540044451e-06,-3.133642827175810561e-06,-2.774981427624941093e-06,-1.196645696520237329e-06,3.340598477020648887e-07,7.787444313650819768e-07,-1.519615328700597671e-07,-1.917188466404558524e-06,-3.509200389960710948e-06,-4.034653216571675460e-06,-3.187722442514017157e-06,-1.368640114984066939e-06,5.917490053019881886e-07,1.923688850297899687e-06,2.339669386445892896e-06,2.152064622545111759e-06,2.034984756323484181e-06,2.581275097739053126e-06,3.917733293529440647e-06,5.602685762652206446e-06,6.865366527744961845e-06,7.050752072276406439e-06,6.016761653945731191e-06,4.257197075079552655e-06,2.676803846397941283e-06,2.137497126889309447e-06,3.019479914640840817e-06,5.029609349039390438e-06,7.350794639249373832e-06,9.040090340424306083e-06,9.454197210205351158e-06,8.479777282309388175e-06,6.469181627880643415e-06,3.955775463843792122e-06,1.345044148157141438e-06,-1.222792426328334341e-06,-3.764314024184233215e-06,-6.192847382507849994e-06,-8.113181460226951224e-06,-8.859823375394830063e-06,-7.822371335823530904e-06,-4.908509680545302932e-06,-8.690185100498663950e-07,2.765105458271625788e-06,4.202381320786301312e-06,2.186342507812171047e-06,-3.299719985520061615e-06,-1.079585138655277443e-05,-1.778477121170679164e-05,-2.164869901452760661e-05,-2.076871629692970053e-05,-1.526982149196493658e-05,-7.049464421098639122e-06,9.560382630123855560e-07,5.961993262192621393e-06,6.461647773576249718e-06,2.792617073593335725e-06,-3.095925363154353620e-06,-8.549545789309200087e-06,-1.136272807330744093e-05,-1.066070699161880744e-05,-7.137693772377305039e-06,-2.593274434328754263e-06,9.690923539953794024e-07,2.238592149367496940e-06,1.085613082902714830e-06,-1.535754675452938999e-06,-4.160379787822992098e-06,-5.539231275467206747e-06,-5.163772273582769800e-06,-3.368891861000002184e-06,-1.024863192480707945e-06,9.730965396988833811e-07,2.137234988959470982e-06,2.538242786060304608e-06,2.642187756627098232e-06,2.967473015172992941e-06,3.772239466044936240e-06,4.938085859233132950e-06,6.086965370734391829e-06,6.833093133740907587e-06,7.005614839682129648e-06,6.711683280574101949e-06,6.216687579462060776e-06,5.732525301458857172e-06,5.259404776218412904e-06,4.591813543038272676e-06,3.496997386356828915e-06,1.964492473653436058e-06,3.714587280589933141e-07,-5.573305928163080498e-07,-1.070456799151687587e-08,2.531458824719514208e-06,6.981690227482829764e-06,1.255111211974602216e-05,1.794372722342361812e-05,2.177380862565311413e-05,2.304009955935943044e-05,2.146537651124165718e-05,1.756981223157046135e-05,1.246029578876039198e-05,7.431810698412490849e-06,3.542050496527332573e-06,1.314211055492027915e-06,6.565836036621471624e-07,9.965274863040427707e-07,1.550711425225308304e-06,1.619654495218374333e-06,8.067455863103215550e-07,-8.947665089789108384e-07,-3.151550188491161128e-06,-5.440167038364652863e-06,-7.238757955174410115e-06,-8.199111723571792396e-06,-8.249425742316999273e-06,-7.599727183214147171e-06,-6.650235557352506738e-06,-5.833433670936933930e-06,-5.445432234865238466e-06,-5.531106761399023389e-06,-5.872637428657930443e-06,-6.093256628677276923e-06,-5.839556096444801505e-06,-4.967229137112543345e-06,-3.646276072074829170e-06,-2.330531542679057241e-06,-1.593307143804188781e-06,-1.891549052543359429e-06,-3.356923121095668889e-06,-5.705548285132235792e-06,-8.310306312028950635e-06,-1.041188434379494112e-05,-1.138743456859001229e-05,-1.097389567177957201e-05,-9.364196640489416215e-06,-7.146396640259291584e-06,-5.113615627126969907e-06,-4.012538211088276005e-06,-4.308604682512280833e-06,-6.030501661174405035e-06,-8.728892636704124459e-06,-1.155781148302761238e-05,-1.346679550759554153e-05,-1.347377194457547624e-05,-1.096698208508694911e-05,-5.959917037428784350e-06,7.913206077260730949e-07,7.885129881102844601e-06,1.360900499469703502e-05,1.644794081033395218e-05,1.561425894737858137e-05,1.139956302560428358e-05,5.180054485226061794e-06,-9.805411650855368893e-07,-5.026324833452121869e-06,-5.658352764524045807e-06,-2.840765261035136681e-06,2.160364903030944603e-06,7.250572836229406821e-06,1.032305037279993481e-05,1.009140708245005542e-05,6.591886314557821651e-06,1.138881923324972428e-06,-4.250548216215077542e-06,-7.716129869763303260e-06,-8.325046606485037953e-06,-6.420583336369999763e-06,-3.404504619755546294e-06,-1.062317702356913877e-06,-7.425507566816662597e-07,-2.759585256715047955e-06,-6.279292415354541178e-06,-9.721285128687539020e-06,-1.147734452137808272e-05,-1.061079005627687521e-05,-7.225326357765122202e-06,-2.357370847732057430e-06,2.529636661936204125e-06,6.194102775999111068e-06,8.105192889849232544e-06,8.564056965166966652e-06,8.435518543861850931e-06,8.651358699090957023e-06,9.739754297927271561e-06,1.160078412393357014e-05,1.361080009499366103e-05,1.497249350790744383e-05,1.511555552725954603e-05,1.394588898255038064e-05,1.183519005838823155e-05,9.383421927419622921e-06,7.100277005604618826e-06,5.182295168290811575e-06,3.499117819561334278e-06,1.782809094769391005e-06,-9.742726171820330900e-08,-1.938907907500408609e-06,-3.209757776942476510e-06,-3.269916096755184262e-06,-1.709052982394690234e-06,1.365594209959226017e-06,5.243761322910464462e-06,8.792123436901052428e-06,1.084169536500772824e-05,1.062838497975414943e-05,8.104262608382014772e-06,3.988144297875021509e-06,-4.700548136250018347e-07,-3.922761296571052830e-06,-5.392625059192692582e-06,-4.603303476965367629e-06,-2.058762342519068638e-06,1.147562793472668373e-06,3.716685341610482907e-06,4.582478106766241834e-06,3.256482561068174532e-06,-2.870451458009270947e-08,-4.413493040552947687e-06,-8.701211497746677651e-06,-1.174299970002602871e-05,-1.279208459914862339e-05,-1.171675741263478712e-05,-9.009814768336830176e-06,-5.598919963577970790e-06,-2.526680806484529874e-06,-6.107036872939378662e-07,-1.982808178885857880e-07,-1.095250522854826926e-06,-2.685418726291245614e-06,-4.188281956456414778e-06,-4.954396831668271295e-06,-4.688332637777150385e-06,-3.522208647940333257e-06,-1.924431401169377401e-06,-4.925989185387134272e-07,2.799008780501319828e-07,1.727707188241575141e-07,-7.120364547273184092e-07,-2.021996652847353978e-06,-3.300411927508075296e-06,-4.140840146717169205e-06,-4.294258327932317981e-06,-3.706371036494109219e-06,-2.496811639499868809e-06,-9.103056081260370264e-07,7.340972211745573636e-07,2.088287664128291310e-06,2.824938495567240001e-06,2.704405017059966317e-06,1.655362471409278893e-06,-1.580510055582258227e-07,-2.324286200477482050e-06,-4.260147777571228085e-06,-5.372689005527087493e-06,-5.260956947155803138e-06,-3.879556928459277059e-06,-1.587499087431784803e-06,9.543185511314575775e-07,3.010023404634738290e-06,4.034577556361641341e-06,3.868722966061683052e-06,2.777942369231858722e-06,1.315509559238900978e-06,6.697336852745929961e-08,-6.127645837550304959e-07,-7.538199102147643574e-07,-7.484765898655918666e-07,-1.160679556751718995e-06,-2.451157517550021988e-06,-4.737712551573474207e-06,-7.693735703824915376e-06,-1.062778589067257675e-05,-1.271117857440299027e-05,-1.326234727016408448e-05,-1.197952573838426435e-05,-9.040586170205825527e-06,-5.044789050362378747e-06,-8.297064470067717755e-07,2.765705357094439833e-06,5.114781709905513972e-06,5.937587897048942570e-06,5.334002522185505008e-06,3.724226015962449538e-06,1.724098257385945550e-06,-1.144706162322367603e-08,-9.445948549433962812e-07,-7.808298107240597877e-07,4.620139205183578243e-07,2.462657513894869644e-06,4.689441053466509428e-06,6.560253715641990438e-06,7.626169629493150820e-06,7.719165332441769778e-06,7.008325615549406479e-06,5.936917005859970980e-06,5.056630172228730844e-06,4.817783943306459639e-06,5.396043152513281137e-06,6.625404441393796243e-06,8.066040803394893785e-06,9.180373392238535760e-06,9.545097050079352151e-06,9.011165678123105673e-06,7.745537036839619596e-06,6.138889365271413987e-06,4.620951702350832387e-06,3.464772523873810003e-06,2.666136558079114603e-06,1.952399621130393457e-06,9.198566996478501018e-07,-7.564551418270991799e-07,-3.129061967479304635e-06,-5.885499010046624322e-06,-8.403889400184426814e-06,-9.946036709508723127e-06,-9.922493196375165887e-06,-8.132763163026979455e-06,-4.888037335730713355e-06,-9.625020035604957395e-07,2.621148754374349409e-06,4.906779683668545599e-06,5.316763269336827863e-06,3.853816449148950014e-06,1.119723736364879318e-06,-1.861609652554779647e-06,-3.962846647557718580e-06,-4.310357114811016602e-06,-2.562046560638727757e-06,9.856748030960898696e-07,5.495204845489527470e-06,9.853252972833384114e-06,1.301247100235930712e-05,1.429471128220107013e-05,1.355991016349141389e-05,1.119601565919934432e-05,7.949559828731679394e-06,4.669187891322518306e-06,2.056961365596568156e-06,5.083990189989565758e-07,8.019380741181569085e-08,5.727790779618283163e-07,1.674139314442322598e-06,3.096167123439281407e-06,4.648840855535035919e-06,6.232219064364556982e-06,7.765916397926209060e-06,9.103782114009138746e-06,9.987045512623339357e-06,1.007075381845652045e-05,9.023931300587445880e-06,6.667750722325974382e-06,3.093198205436741236e-06,-1.299432101885527929e-06,-5.870839248784689461e-06,-9.911742423475778990e-06,-1.285643806570019361e-05,-1.446146567300945357e-05,-1.487573245657503768e-05,-1.456665964907937744e-05,-1.412483330635762172e-05,-1.402378152295599440e-05,-1.443671035886236327e-05,-1.519310788038043051e-05,-1.589871118180358496e-05,-1.616611073224146503e-05,-1.584535638623582490e-05,-1.513505866861897074e-05,-1.450486371306405412e-05,-1.445140487552955254e-05,-1.520027461018646327e-05,-1.650960952688012093e-05,-1.769832114434541587e-05,-1.792101630300615918e-05,-1.658565544047223655e-05,-1.372073983899517612e-05,-1.009670089175543924e-05,-7.002905768206491458e-06,-5.739883229465880751e-06,-7.033262789303021459e-06,-1.063688075942710445e-05,-1.532880685871667689e-05,-1.933583266718589031e-05,-2.102323353927285595e-05,-1.955231542239130912e-05,-1.520816434689959683e-05,-9.242014501840674026e-06,-3.294882985251400652e-06,1.333078092235836562e-06,4.227040502665931479e-06,5.962055387806230636e-06,7.725266805010430510e-06,1.064781665121606401e-05,1.518052619448899435e-05,2.082493500235504995e-05,2.635316442023484968e-05,3.040386306427005553e-05,3.215065037088757924e-05,3.170137151900949266e-05,3.002223934450387691e-05,2.842327036840326933e-05,2.786756102261115552e-05,2.846073864724049489e-05,2.938855829182917975e-05,2.934320521253023370e-05,2.722749033528683752e-05,2.277954133317817347e-05,1.679512689813569752e-05,1.082454346652325566e-05,6.485371159066213280e-06,4.727046562958599828e-06,5.408927659325436477e-06,7.397260721211566405e-06,9.127918939092491421e-06,9.352404224651741552e-06,7.699939156443121808e-06,4.789113831160064989e-06,1.854109325345767118e-06,9.280665787674575628e-08,7.391343604255232951e-08,1.494874171211029028e-06,3.390644558329611698e-06,4.658888620471024216e-06,4.612392535950914558e-06,3.271823527625913369e-06,1.264189797764895154e-06,-5.912997719159932585e-07,-1.764876939128827490e-06,-2.295301949989532313e-06,-2.719007752314382516e-06,-3.701811449220341851e-06,-5.592244422587127664e-06,-8.158146235481003732e-06,-1.066480483929106363e-05,-1.226121289210293503e-05,-1.246624255155504380e-05,-1.148444016884082136e-05,-1.016625809542497814e-05,-9.614944751934647777e-06,-1.063204531746471020e-05,-1.328424392033047571e-05,-1.681749787362879378e-05,-1.996962169910772335e-05,-2.153110937565740367e-05,-2.088054024729623983e-05,-1.823792942139956853e-05,-1.452539494522753726e-05,-1.092154701103451566e-05,-8.341810402293244235e-06,-7.098903192293375425e-06,-6.889966694274418967e-06,-7.080957989747967802e-06,-7.109395809090887064e-06,-6.780059747625174994e-06,-6.303938038296869831e-06,-6.082318762301101010e-06,-6.380672635303805839e-06,-7.094089728534705203e-06,-7.749291128783608468e-06,-7.751466236912905162e-06,-6.743337009790055774e-06,-4.875367938781356870e-06,-2.826293678571847705e-06,-1.540275723714028891e-06,-1.793989215245494550e-06,-3.797747383451640204e-06,-7.023891847877076744e-06,-1.035031135619747973e-05,-1.246117044067509430e-05,-1.233231334848345019e-05,-9.597946705905363400e-06,-4.657118491817710473e-06,1.502387901693265396e-06,7.667903240402849498e-06,1.279513456799562903e-05,1.628353557760778237e-05,1.805597558953822747e-05,1.845302841973930395e-05,1.801811744705727699e-05,1.727104678335757441e-05,1.654684071811720079e-05,1.593478497868748309e-05,1.531251697315589894e-05,1.444564130995594873e-05,1.311499056441338752e-05,1.123387511982989766e-05,8.920449137145473688e-06,6.496617954674905998e-06,4.400669209428000316e-06,3.029300428590112414e-06,2.559440598775605729e-06,2.824614588473198773e-06,3.316076415010864042e-06,3.337621866994404760e-06,2.276301252825161720e-06,-1.117650200085547300e-07,-3.526994225663051865e-06,-7.158406058225326535e-06,-9.935505769069346652e-06,-1.091545860571043069e-05,-9.652940551087907381e-06,-6.397012916969409477e-06,-2.026943912276492803e-06,2.251568560611778918e-06,5.326734556429227762e-06,6.547759037195901538e-06,5.897591012373867726e-06,3.919025614926859912e-06,1.447482398923608331e-06,-7.225800775035552808e-07,-2.099413181951117655e-06,-2.595234206347128862e-06,-2.458514507696377180e-06,-2.098677019353114572e-06,-1.893977295712989670e-06,-2.056818438040054616e-06,-2.586702710114555308e-06,-3.298098100923445181e-06,-3.890025778259266770e-06,-4.029141127716427135e-06,-3.434594259071255102e-06,-1.962253325793260149e-06,3.214648194991378071e-07,3.102977315163423318e-06,5.857402034343270683e-06,7.975932848413155448e-06,8.962478110799059286e-06,8.630376645297016628e-06,7.207067727242422022e-06
-9.274868055501409386e-06,-7.741360517784493897e-06,-5.679022651363263071e-06,-3.629246231804154455e-06,-2.119504573677822193e-06,-1.449605485341005884e-06,-1.593014524303466701e-06,-2.250970135135733541e-06,-3.017596562145449260e-06,-3.562693179076146706e-06,-3.741749516815110124e-06,-3.594595835906436737e-06,-3.261721852325525887e-06,-2.889683352311163279e-06,-2.589846922285732507e-06,-2.464882568974384117e-06,-2.658891716247771628e-06,-3.360263089682719649e-06,-4.712771488432435649e-06,-6.657772970244563836e-06,-8.797635519467025215e-06,-1.039139075737150397e-05,-1.054479823437017836e-05,-8.555758263140877040e-06,-4.274424053817362238e-06,1.704268414625065758e-06,8.145581631936619764e-06,1.357603531169128306e-05,1.682977812499413382e-05,1.750012105989676883e-05,1.608019032889584435e-05,1.371213590707123324e-05,1.164996247269230933e-05,1.068484318112401029e-05,1.080771445894241862e-05,1.127303774543195495e-05,1.103088311581902620e-05,9.309548670008462837e-06,6.052853726264809773e-06,1.987792873019613187e-06,-1.714211585115305564e-06,-4.010355880679477769e-06,-4.499359020944232164e-06,-3.608830656295697402e-06,-2.359090003370218879e-06,-1.825486459632281550e-06,-2.579433864051058138e-06,-4.400907355661215279e-06,-6.413808914232565861e-06,-7.573111179979983627e-06,-7.245545851615573475e-06,-5.573160354399972588e-06,-3.420744170910189474e-06,-1.926923931002295689e-06,-1.890267077732315076e-06,-3.314059616364724977e-06,-5.356229983758335559e-06,-6.722783479578210238e-06,-6.312078135964691836e-06,-3.784269148852768443e-06,2.345161144358596730e-07,4.418054940118515704e-06,7.341407315077016563e-06,8.115011249410856569e-06,6.738560417537785494e-06,4.013021946756000771e-06,1.080235019368091217e-06,-1.152432764542420654e-06,-2.398266877255053050e-06,-3.000453026659802213e-06,-3.589726952010863256e-06,-4.608099718628468813e-06,-5.983035177990150340e-06,-7.142456050927473375e-06,-7.360059161588413920e-06,-6.225810878060749663e-06,-3.958412425027319085e-06,-1.361005279528129658e-06,5.763005733311406018e-07,1.215560949941531081e-06,6.452709589966392826e-07,-3.400524374161298469e-07,-6.721008958895175330e-07,3.652313627157778462e-07,2.660555114703447317e-06,5.235648310599821741e-06,6.704692111859685310e-06,6.022028689882648454e-06,3.132269163041610610e-06,-8.414631894732427005e-07,-4.015780609821638069e-06,-4.605722139392461448e-06,-1.816140463209386751e-06,3.684140981411859942e-06,9.967070581156599183e-06,1.466038887549307635e-05,1.599710329176738462e-05,1.359738776215284700e-05,8.604197313033083862e-06,3.108584350060831323e-06,-8.501852859137285473e-07,-2.217355874853379725e-06,-1.335595455558610287e-06,3.483538632488449422e-07,1.113090663138282886e-06,-1.074876657424809890e-07,-3.169179526781128418e-06,-6.810070675630623501e-06,-9.325080545586977664e-06,-9.459006573974275512e-06,-7.050125026390373341e-06,-3.096088781170936917e-06,7.787895298863372741e-07,3.163396355065652759e-06,3.560911078776640513e-06,2.586960867674988267e-06,1.572084428758408738e-06,1.791533028111894615e-06,3.738866404271363098e-06,6.830691054293191601e-06,9.696550113193609950e-06,1.089619454273902509e-05,9.681890216198931279e-06,6.403586569644975637e-06,2.347521087652516826e-06,-9.005932516541593964e-07,-2.228765135746343599e-06,-1.504534411938128746e-06,4.405033313938369886e-07,2.319945314982212908e-06,3.107157199091193197e-06,2.565285002949721973e-06,1.312688346381742522e-06,4.027772003717740549e-07,6.636123372940025469e-07,2.172025319376993362e-06,4.160224781006320981e-06,5.412724299912532333e-06,4.939191031307115770e-06,2.552905895565904876e-06,-9.697017626020170671e-07,-4.249356748403071366e-06,-6.003698690490636125e-06,-5.718960061911317317e-06,-3.934620038934662360e-06,-1.983142576347838298e-06,-1.313784886390443270e-06,-2.749359933773209492e-06,-6.060629911716283058e-06,-1.007589358412158647e-05,-1.326267407204604223e-05,-1.447363880751595706e-05,-1.346937926088337563e-05,-1.095678409817765710e-05,-8.143764499527095826e-06,-6.067408784386837640e-06,-5.066146028268910273e-06,-4.678150748831790601e-06,-4.008216770736835301e-06,-2.345294660897172555e-06,3.256140909917769305e-07,3.215482637912412431e-06,5.102748578830577750e-06,4.993522003990164584e-06,2.714719992198420138e-06,-8.892291738404167136e-07,-4.280512545078937555e-06,-5.922902977206100663e-06,-5.000223020096427997e-06,-1.795778155074505741e-06,2.455043101591484131e-06,6.155583425299114754e-06,8.074931970582098939e-06,7.844752969121616794e-06,5.993130978125546998e-06,3.534083889847015660e-06,1.364140947394857093e-06,-1.927068736158077713e-07,-1.448427728904058776e-06,-3.008284411319148411e-06,-5.239753133716787584e-06,-7.878269771734630993e-06,-1.001919681340843412e-05,-1.052787402784596266e-05,-8.659756393381122660e-06,-4.552493948141544815e-06,6.954685153331672606e-07,5.434957647941339741e-06,8.182695116558040647e-06,8.294561463686143943e-06,6.257143370457640229e-06,3.445779822595343008e-06,1.462964713786929834e-06,1.379084711230659116e-06,3.242494184207934257e-06,6.087575396254591067e-06,8.421456345521615702e-06,8.939877678988237018e-06,7.124344939114649493e-06,3.448922559516587515e-06,-8.715215469542106279e-07,-4.437962598381119686e-06,-6.246111843521803722e-06,-6.025243669533556477e-06,-4.220500153008244700e-06,-1.687588123996953497e-06,7.049657489115283388e-07,2.362053879987046111e-06,3.031742392404920457e-06,2.693329955842154924e-06,1.396102317051842547e-06,-8.150730356706424158e-07,-3.834735757404983293e-06,-7.353255882965311165e-06,-1.076618143660631247e-05,-1.325090186634518143e-05,-1.402847662666903590e-05,-1.270845616627400074e-05,-9.542041334068745710e-06,-5.429503244656850944e-06,-1.635787337916222609e-06,6.900333372878987436e-07,9.927780198405597498e-07,-4.236670378317859106e-07,-2.468535068378294976e-06,-3.656676699525970549e-06,-2.672989110267667238e-06,1.104297006135509073e-06,7.311553875871514829e-06,1.463770097427237868e-05,2.117560090186821465e-05,2.497524609126621460e-05,2.463729525432281647e-05,1.978278613074487317e-05,1.126723007513971663e-05,1.062898143913923730e-06,-8.193279841512729380e-06,-1.390072998015078337e-05,-1.427049873328330833e-05,-8.939203833372640851e-06,8.086978803125981655e-07,1.234467452414823083e-05,2.248519576947211128e-05,2.852844457965236056e-05,2.916796063078063467e-05,2.491885787609690275e-05,1.785989916836003500e-05,1.076936837650004783e-05,5.998678456137358717e-06,4.558299171695135910e-06,5.811699592006033399e-06,7.906717124496543319e-06,8.736662427593180460e-06,6.975220857003752672e-06,2.694495710698881058e-06,-2.721637115487278547e-06,-7.310658218106392419e-06,-9.533472411836757854e-06,-9.036523923974633661e-06,-6.790988531712514668e-06,-4.547828620698833473e-06,-3.901277643563164815e-06,-5.455837157855386737e-06,-8.535884358369863812e-06,-1.158930175547607556e-05,-1.306656215424599796e-05,-1.229979623667123535e-05,-9.901052910249585480e-06,-7.452100538350608350e-06,-6.638677776953914448e-06,-8.288368653601878557e-06,-1.183720964458645912e-05,-1.553486182335243624e-05,-1.731039027934943189e-05,-1.586359775219796635e-05,-1.141161556475667344e-05,-5.684032026157056896e-06,-1.141992644938132856e-06,2.000191582245955538e-07,-2.241685501191619489e-06,-7.329489915539426823e-06,-1.275578685313978455e-05,-1.615536379831920152e-05,-1.621496106606605902e-05,-1.322605832627883828e-05,-8.823115804642618919e-06,-5.074423562386060455e-06,-3.421911595072446340e-06,-4.027520036997036791e-06,-5.848478594127167656e-06,-7.361896280895112904e-06,-7.508493024417889933e-06,-6.315096471864659186e-06,-4.843824400469070434e-06,-4.498607934389473998e-06,-6.086691788409197340e-06,-9.181327984100357687e-06,-1.217716265884770711e-05,-1.305191386987777658e-05,-1.045031545240282289e-05,-4.506951815254339874e-06,3.061902784148458408e-06,9.693535205953034186e-06,1.319740455865159435e-05,1.284171941578742642e-05,9.738640878555865875e-06,6.306327019948402406e-06,5.059022039579994990e-06,7.329527647399015942e-06,1.257530249472478201e-05,1.863099290824162134e-05,2.279121829124702611e-05,2.318264873371747781e-05,1.973219304860420546e-05,1.423766207899960046e-05,9.497818460603546956e-06,7.931600786049936507e-06,1.037239824052087398e-05,1.563484435949972432e-05,2.106607307927561696e-05,2.380689708162143564e-05,2.214450207145505904e-05,1.630460981186170763e-05,8.317057731915107759e-06,1.045082531314758086e-06,-3.133559901519591259e-06,-3.358186126996098205e-06,-5.587796285339800043e-07,3.116173390851297069e-06,5.400050772250181258e-06,4.987866951064946462e-06,2.090297346972356161e-06,-1.763023990909320668e-06,-4.528964780364774632e-06,-4.649985762760201240e-06,-1.773895804851957062e-06,3.112550474708541559e-06,8.151224254648125982e-06,1.142670202772407177e-05,1.174605304528815542e-05,9.061045616347691384e-06,4.400475888448782024e-06,-5.996511547217421664e-07,-4.332584682920760335e-06,-5.763741786958261225e-06,-4.703792552886290226e-06,-1.768322883120404010e-06,1.904622054604442398e-06,5.050337560646891385e-06,6.658839446824774441e-06,6.248306261677370250e-06,3.976835528433551172e-06,5.721529618023157939e-07,-2.908586745917216481e-06,-5.435696651804650096e-06,-6.380735623580231020e-06,-5.776454005626421101e-06,-4.345457889687163281e-06,-3.251792969195932009e-06,-3.642466978970744360e-06,-6.151871650460485854e-06,-1.058394576488935240e-05,-1.593074405244761617e-05,-2.074529667613744512e-05,-2.372223363500325832e-05,-2.423271884122037186e-05,-2.256995869991088748e-05,-1.979102228700350160e-05,-1.723078674957724570e-05,-1.592054934919534830e-05,-1.618657926023807714e-05,-1.760875362405590268e-05,-1.933412413831985763e-05,-2.056075076447359248e-05,-2.092755408101370070e-05,-2.060811108471033884e-05,-2.007637843394981169e-05,-1.969782752018312300e-05,-1.939868917859379106e-05,-1.862319737843949773e-05,-1.662537030792523448e-05,-1.294634418541441480e-05,-7.808814703360735413e-06,-2.186045155992743702e-06,2.534236519119303147e-06,5.154355393644141891e-06,5.248154839332359818e-06,3.420268538588099321e-06,1.092900614305231343e-06,-9.798120616277617619e-08,9.820536929138454584e-07,4.478432790343709787e-06,9.518445775228034746e-06,1.464762875345459217e-05,1.851392892045160046e-05,2.046793658780691238e-05,2.079899831380081752e-05,2.051382463274540466e-05,2.078885178213914033e-05,2.237721582242138601e-05,2.525542156609252156e-05,2.865982845968406849e-05,3.146471893937490000e-05,3.269484290452835684e-05,3.192165083662917992e-05,2.937544130554738171e-05,2.576140948072539567e-05,2.190984326792308655e-05,1.844876401479382359e-05,1.564199254734097955e-05,1.342481939980833069e-05,1.156208781005156340e-05,9.808409636905920150e-06,7.983902338952162151e-06,5.959561979322974419e-06,3.616866771656824817e-06,8.599520699613151706e-07,-2.291588841997447231e-06,-5.579971033056177129e-06,-8.458746691792761929e-06,-1.020050814147190386e-05,-1.016582806343241538e-05,-8.131781217115812018e-06,-4.515186518993755990e-06,-3.487628521033854833e-07,3.024385151084738266e-06,4.432267622372372174e-06,3.326563149536991881e-06,-3.976976106846485887e-10,-4.538289297481775247e-06,-8.967284808491766626e-06,-1.216514593043670495e-05,-1.358501518335850338e-05,-1.334834489110330674e-05,-1.204371541009323819e-05,-1.036535577240499014e-05,-8.791054610924824329e-06,-7.456774173744141027e-06,-6.262396089887566082e-06,-5.109964712954003989e-06,-4.106242759331431668e-06,-3.591898434447766928e-06,-3.970109488268996503e-06,-5.433148403599364802e-06,-7.754056528959179126e-06,-1.028208698974553671e-05,-1.217038597850270997e-05,-1.273384460492399391e-05,-1.175746203216218479e-05,-9.595060508766078768e-06,-7.005169715668576458e-06,-4.807298458767758954e-06,-3.533365125202720751e-06,-3.246396310799539295e-06,-3.604400348089486649e-06,-4.114449401390750590e-06,-4.423859096142187999e-06,-4.485006326138574290e-06,-4.511257288700412788e-06,-4.766156819319148838e-06,-5.324990054572397307e-06,-5.962011636278669724e-06,-6.240402309311719361e-06,-5.759409817439506555e-06,-4.415051390129543887e-06,-2.514803337324312585e-06,-6.642823865352329091e-07,5.269419619234190653e-07,7.651019192130688763e-07,2.377687969845982357e-07,-4.780718001006112188e-07,-7.299715885328909341e-07,-1.645986521710397073e-07,1.041419395648702558e-06,2.231812266493836923e-06,2.594930897792228309e-06,1.607509873620771378e-06,-6.280223640334620173e-07,-3.334693344882323746e-06,-5.343635398213356422e-06,-5.587425217743145586e-06,-3.577761141861232012e-06,3.532358058378394979e-07,5.156363175241715483e-06,9.460543948740040044e-06,1.207815838781166738e-05,1.240288391313297386e-05,1.055064161096664099e-05,7.224596285472625972e-06,3.407644150994870324e-06,4.076639632696976875e-08,-2.185714089254845809e-06,-2.889614660814297733e-06,-1.953782139064512934e-06,5.286305375840938351e-07,4.260301563951851108e-06,8.707132757629994476e-06,1.309727659556864018e-05,1.652908299041499975e-05,1.820836285292006280e-05,1.774570205610034803e-05,1.537709435784375862e-05,1.197281675218580658e-05,8.780529968325867458e-06,6.974034050562810315e-06,7.185401265187117720e-06,9.226819558146197374e-06,1.213808328997441795e-05,1.455527692682871983e-05,1.525175872652729306e-05,1.362379805413108665e-05,9.918212236894273764e-06,5.115366297972776053e-06,5.315091065199412343e-07,-2.681380989008636593e-06,-3.932284551893108147e-06,-3.342628713548965287e-06,-1.628522239924955369e-06,1.992316095493091295e-07,1.175549289779387179e-06,6.372265719075450319e-07,-1.663202222016976053e-06,-5.571331891010453324e-06,-1.061759800495290588e-05,-1.612635672256018673e-05,-2.132893382109518767e-05,-2.548986251112437382e-05,-2.805413846621327361e-05,-2.879265819970741242e-05,-2.788751048661048496e-05,-2.589138170521153293e-05,-2.353448553819938689e-05,-2.142685207054469362e-05,-1.977506337329095899e-05,-1.825534048989995066e-05,-1.613440828494135264e-05,-1.261957937127772863e-05,-7.300042531390919048e-06,-4.750604595086974860e-07,6.806363322377366203e-06,1.304959984103997076e-05,1.685792753311777720e-05,1.748877633188329609e-05,1.517431746905800257e-05,1.105371804190128483e-05,6.736378074189158843e-06,3.683311393297275202e-06,2.676684053082824359e-06,3.604542907784017368e-06,5.639107874459536880e-06,7.704404493754432316e-06,9.000420643662366920e-06,9.336967411086002829e-06,9.134554801712716827e-06,9.117500935671618413e-06,9.872067205214652802e-06,1.149831811820904049e-05,1.352524755242106710e-05,1.511916138002232027e-05,1.546863785864599001e-05,1.414912327254641620e-05,1.129294700507011406e-05,7.498899042333728460e-06,3.549433490657329325e-06,9.302230501778535465e-08,-2.549163765139340563e-06,-4.374554877664215407e-06,-5.527238857297925228e-06,-6.088560114124455798e-06,-5.967711938457543854e-06,-4.962667123065071825e-06,-2.955530531481541847e-06,-1.212129457496401466e-07,2.987931149272274116e-06,5.556483272149399208e-06,6.786700057943240073e-06,6.218270148796080483e-06,3.929732981259356338e-06,5.163903747888613322e-07,-3.152061357034700580e-06,-6.282116590486910748e-06,-8.450128151358484612e-06,-9.703869040534586095e-06,-1.043409183128681074e-05,-1.109273332816180054e-05,-1.190793914950846750e-05,-1.274222948157263097e-05,-1.316266100896387542e-05,-1.268185388232211972e-05,-1.104273298883371757e-05,-8.400405146777855661e-06,-5.309233167865951067e-06,-2.521620553765668701e-06,-6.961608647295361555e-07,-1.515732752557207242e-07,-7.729423205734547881e-07,-2.097547588842387472e-06,-3.522111666182704887e-06,-4.524860600053167292e-06,-4.805315717596432023e-06,-4.301338218204589952e-06,-3.111829811677110768e-06,-1.396233455372556208e-06,6.822562589924101130e-07,2.946795905964478477e-06,5.161140570724575714e-06,7.008256013213872312e-06,8.139889275175574620e-06,8.295007061884110419e-06,7.431223088875588968e-06,5.788983732118726741e-06,3.832037869517853021e-06,2.070508074541907729e-06,8.415733053054286021e-07,1.578418220300339430e-07,-2.887905639204171402e-07,-9.530898782361343105e-07,-2.166203993707541537e-06,-3.900952847722271087e-06,-5.698364464069138423e-06,-6.809706332594826231e-06,-6.504315707780219878e-06,-4.408329778144049835e-06,-7.167817641576151331e-07,3.825001897510036030e-06,8.169673727323715649e-06,1.133884001531324100e-05,1.275467497663379145e-05,1.239233590407579053e-05,1.070083100991949517e-05,8.348511798876442363e-06,5.925251374134420579e-06,3.740885236496004983e-06,1.798550539733085487e-06,-7.319664482420003191e-08,-2.023749514410412487e-06,-4.035647463806748766e-06,-5.905912275366357231e-06,-7.348379302307428395e-06,-8.141105941367927527e-06,-8.220760200893172280e-06,-7.664017612318218162e-06,-6.571478247545117443e-06,-4.937542432933661047e-06,-2.608265917269904515e-06,6.162867000380169184e-07,4.766373048771105201e-06,9.486617793250505339e-06,1.395999243892494140e-05,1.706207660368203646e-05,1.772719618712108856e-05,1.539230272885585283e-05,1.032208530387747910e-05,3.647455738777110771e-06,-2.936728579194865640e-06,-7.719122877313044112e-06,-9.553033612068023746e-06,-8.234422040220721329e-06,-4.520745666440285218e-06,2.130013799085641082e-07,4.529618960304362619e-06,7.458063131290125715e-06,8.776889551003845197e-06,8.951541734087218726e-06,8.781863054086569054e-06,8.941604766569113602e-06,9.628739210222808165e-06,1.048077058116029717e-05,1.077736062018402576e-05,9.817684463602874119e-06,7.284749284948150420e-06,3.425306057727361487e-06,-1.030614162594150253e-06,-5.161067898445694161e-06,-8.210001673795214638e-06,-9.845368903331027424e-06,-1.020915289478585687e-05,-9.756199480081803574e-06,-8.979130136476835695e-06,-8.164586599770231543e-06,-7.301416969007700508e-06,-6.179266467751218994e-06,-4.618019371393111111e-06,-2.702059196649364401e-06,-8.891963133193055477e-07,7.697304302013666737e-08,-5.708863460403759747e-07,-3.293851325950898522e-06,-7.992072044498468639e-06,-1.394190345146412175e-05,-1.996323761253371906e-05,-2.476057274067789270e-05,-2.731052786461752677e-05,-2.715117520905089264e-05,-2.447067558811888291e-05,-1.997505531147289825e-05,-1.460212570318913831e-05,-9.204245746820339163e-06,-4.324955795245193106e-06,-1.446889425664721903e-07,3.407947187194134638e-06,6.455449688170725306e-06,8.992335911012740014e-06,1.082141764308610514e-05,1.163819167295769874e-05,1.121979853677588674e-05,9.618863769748294847e-06,7.253491507433290271e-06,4.828628449025052686e-06,3.102447131258997383e-06,2.588951670549481630e-06,3.328049459467566947e-06,4.835786265838192441e-06,6.275256463049526035e-06,6.792776663825684482e-06,5.886504043075452680e-06,3.651591716382637315e-06,7.900138915854550359e-07,-1.632369976933473047e-06,-2.593628432208215357e-06,-1.529453688977856615e-06,1.412462638700194727e-06,5.381089338906665866e-06,9.094357580301531426e-06,1.127400909853928866e-05,1.108253607301446994e-05,8.406265352787535639e-06,3.891253385768598660e-06,-1.269110980716044882e-06,-5.711297854779005938e-06,-8.312932286710375272e-06,-8.509125994122764339e-06,-6.426865122671827296e-06,-2.812248465401159347e-06,1.215390192324204442e-06,4.506721193561192883e-06,6.228196113662099946e-06,6.117524715505269824e-06,4.575896581478572641e-06,2.559923155653661333e-06,1.286148018079245407e-06,1.817964944647358372e-06,4.654214311525867890e-06,9.460240492563076585e-06,1.505813494058904788e-05,1.971942190456192111e-05,2.169797984186828634e-05,1.984024914524620207e-05,1.405695455316023835e-05,5.466146469252554695e-06,-3.877627757550202683e-06,-1.160242916021546568e-05,-1.578192694966126832e-05,-1.556976868036730598e-05,-1.146876041356044493e-05,-5.129813641402309555e-06,1.246866186429986987e-06,5.683418869422027628e-06,7.079126845908888784e-06,5.508771430649792439e-06,2.069261187257671399e-06,-1.641877582294985470e-06,-4.192418721742356108e-06,-4.856448105081449108e-06,-3.825399106333643501e-06,-2.027657153465214617e-06,-6.564188936779230365e-07,-6.178893389034896157e-07,-2.132418942645268858e-06,-4.646329155079280458e-06,-7.077329275773742134e-06,-8.279215059575159048e-06,-7.527258109595216294e-06,-4.825329982142120175e-06,-9.152279494752523941e-07,3.007572818088259228e-06,5.750468004956017097e-06,6.566871359063798250e-06,5.411734402163246397e-06,2.915356188565947992e-06,9.644867695556296931e-08,-2.061073382457753815e-06,-2.992062142243343468e-06,-2.740347413267627031e-06,-1.884416446997488505e-06,-1.239690276324884834e-06,-1.472263195775851976e-06,-2.795157925112406024e-06,-4.880792672549976398e-06,-7.027368437941573268e-06,-8.502886612375872220e-06,-8.908331719283860519e-06,-8.388817896743765824e-06,-7.586340327170137543e-06,-7.343776768151904667e-06,-8.286214652852086097e-06,-1.046936518769846687e-05,-1.326433472818144375e-05,-1.554907347689243714e-05,-1.614126986957502421e-05,-1.429551044860515206e-05,-1.005071693528781279e-05,-4.271138669709913611e-06,1.647693994080669660e-06,6.293297645578757482e-06,8.760712004896077597e-06,8.971751370333972179e-06,7.660619069564584313e-06,6.037967353686843865e-06,5.278041083694556181e-06,6.041781261181451407e-06,8.226160834388950883e-06,1.103027913672345486e-05,1.329763059419081384e-05,1.398742800371291899e-05,1.258718710549192420e-05,9.314351081510977733e-06,5.044907366649694185e-06,1.010944518517290065e-06,-1.613616070565839347e-06,-2.093306656428609194e-06,-3.568584719522906541e-07,2.992366324313548469e-06,6.872383628137828307e-06,1.005794260834725583e-05,1.155360934829775774e-05,1.089587006547296656e-05,8.294690565378057850e-06,4.566865095412493576e-06,8.717895993394814095e-07,-1.676807363431856474e-06,-2.400376495606802858e-06,-1.308537115348142512e-06,8.887871359946148756e-07,3.035038570436551568e-06,3.969791633586223160e-06,2.999337713296408729e-06,2.059816357540594054e-07,-3.543503417195232671e-06,-6.914686004364753242e-06,-8.635004979927307821e-06,-8.023824059885485146e-06,-5.296803174357814373e-06,-1.503385226652538153e-06,1.890885273571579757e-06,3.609336433383305944e-06,3.099536845498449101e-06,7.638788366783602006e-07,-2.222242816620321585e-06,-4.432372562279275557e-06,-4.825928520242787536e-06,-3.218940450848542983e-06,-3.759081879114775666e-07,2.324743131541831544e-06,3.509450889066915673e-06,2.440657571484574548e-06,-6.224145349723330047e-07,-4.501371646760885106e-06,-7.591493561145472733e-06,-8.562480315476259129e-06,-6.963646280856545844e-06,-3.465200126309804961e-06,3.802116566984224060e-07,2.766349790590348584e-06,2.393421262790548210e-06,-9.610680568836973556e-07,-6.306244066547264857e-06,-1.180191083266877480e-05,-1.547787794273818360e-05,-1.601257151777949787e-05,-1.324751303125138768e-05,-8.223533862723660407e-06,-2.725648314514646131e-06,1.468294908091698877e-06,3.313733736100215129e-06,2.889821691483208862e-06,1.289267942956680359e-06,6.159705019955451863e-08,4.613046630097797454e-07,2.840655930101762730e-06,6.464274920949987010e-06,9.833877873299753608e-06,1.137892928893124068e-05,1.019769217574516950e-05,6.503645709837204379e-06,1.562430288306351734e-06,-2.861425764580346007e-06,-5.297286459104792576e-06,-5.230523263273352294e-06,-3.316811089647689294e-06,-1.037578443276782065e-06,4.863516978766033430e-08,-8.954701834882794344e-07,-3.527008253446793830e-06,-6.439623418397732969e-06,-7.819299091260683730e-06,-6.338428308183023428e-06,-1.860661382256004614e-06,4.393704280972176378e-06,1.032210263684666582e-05,1.384832321729501891e-05,1.384572921812953691e-05,1.063965189915360865e-05,5.848110176725086068e-06,1.633854531795140805e-06,-2.775538148827407448e-07,6.525741954566904099e-07,3.610037533102482777e-06,6.910878264865131616e-06,8.882369998739197693e-06,8.699482817156453044e-06,6.763719277583537597e-06,4.445708565860670283e-06,3.334639399336330629e-06,4.384539364852896296e-06,7.395296852656773428e-06,1.109167974004899813e-05,1.375595554377099001e-05,1.408631646227232017e-05,1.183905063432134751e-05,7.925645027266221550e-06,3.918441837497700123e-06,1.224693205682833621e-06,3.608523720588616235e-07,7.073898658213239853e-07,8.750370812540957279e-07,-5.058477557976643754e-07,-3.985288171787318140e-06,-8.907870130870274413e-06,-1.365787223761344679e-05,-1.642875137612547856e-05,-1.613671936546883767e-05,-1.301496803747142540e-05,-8.576799997454397258e-06,-4.947524274112949541e-06,-3.880104998173314000e-06,-5.929797429583330684e-06,-1.018806999385094520e-05,-1.470392578985947692e-05,-1.738747477174035935e-05,-1.696132298003379964e-05,-1.351100530165570045e-05,-8.388755556129810529e-06,-3.540465055194926210e-06,-5.963744184296450462e-07,-1.618377266096101234e-07,-1.626331383325688846e-06,-3.544590561473105463e-06,-4.369825695580256323e-06,-3.169390063970004499e-06,7.171242688967575127e-09,4.242084386904956780e-06,8.236431808723355770e-06,1.089511524283370330e-05,1.172133020737453584e-05,1.086464132815833430e-05,8.862991134179422668e-06,6.270854776576800453e-06,3.397412727911063952e-06,2.844789487672392267e-07,-3.103074609048114538e-06,-6.628618016197243979e-06,-9.857785415061300635e-06,-1.215301463846056770e-05,-1.294637590796523999e-05,-1.203526359285099437e-05,-9.724963460074955714e-06,-6.725292255101413745e-06,-3.846714471241128712e-06,-1.654757863293893704e-06,-2.651311326732974066e-07,6.176489663459978015e-07,1.452428260592158276e-06,2.554873994312711213e-06,3.911497363463619688e-06,5.218416394453825695e-06,6.113265144251250474e-06,6.450906040162884681e-06,6.443338320696946212e-06,6.561533301112983372e-06,7.239912596497551683e-06,8.551171433927322774e-06,1.005435793781679728e-05,1.093626048987714575e-05,1.040548206071797422e-05,8.147023118943037665e-06,4.589539324339228845e-06,8.157351182183159623e-07,-1.875562700258903768e-06,-2.560179009948075982e-06,-1.141531527389383917e-06,1.572404674138298867e-06,4.226467695096802654e-06,5.550209147505060405e-06,4.960240696531133481e-06,2.835550778068435993e-06,3.261722590760973379e-07,-1.213365822804087957e-06,-8.871775859677118043e-07,1.308519186453531912e-06,4.491463736308613767e-06,7.327886547856153985e-06,8.672048309507823306e-06,8.091073291320909566e-06,6.022201320119913863e-06,3.501997114397869591e-06,1.623749481582822448e-06,1.008731701728753779e-06,1.555519998372570077e-06,2.575493192763956830e-06,3.217818949385472356e-06,2.942297272454007575e-06,1.787028966706535000e-06,3.007376555960252107e-07,-8.038297009131823979e-07,-1.070860248483904623e-06,-5.608057685606917171e-07,1.897227101826418675e-07,4.752777284627003454e-07,-1.827362925201224372e-07,-1.774197324786041201e-06,-3.813328468604533677e-06,-5.610407016101205758e-06,-6.641654195114602971e-06,-6.806425035926581237e-06,-6.430960313539219751e-06,-6.027177387506111397e-06,-5.957259839213422042e-06,-6.208336909521605723e-06,-6.415126279956267938e-06,-6.119596644695007402e-06,-5.111181247271546616e-06,-3.634476727857702660e-06,-2.320193739783518695e-06,-1.854424332169240302e-06,-2.562230867173389825e-06,-4.150129036308400629e-06,-5.782347283741371719e-06,-6.488293016150148728e-06,-5.706903005870216389e-06,-3.674799882528084543e-06,-1.421610335275942350e-06,-3.278009417451146965e-07,-1.432996052447523246e-06,-4.833380789634416504e-06,-9.489878621163716044e-06,-1.358307216248803502e-05,-1.528358465454870128e-05,-1.359124146503550630e-05,-8.844426092590117444e-06,-2.644288921692698647e-06,2.789480647442498408e-06,5.545911995073387906e-06,4.814043177988238650e-06,1.185727690360759169e-06,-3.650216361563621400e-06,-7.659845743755138700e-06,-9.303547493261219207e-06,-8.087010956948455156e-06,-4.607996724698409314e-06,-1.342250359635223912e-07,4.038270899178362634e-06,7.121921329885838200e-06,9.035119248354604892e-06,1.022229404992044133e-05,1.125230903007568215e-05,1.244312679021407097e-05,1.371230359721015333e-05,1.470222521724477211e-05,1.506648990497824628e-05,1.472027957392652596e-05,1.389468252613800503e-05,1.296485643573757659e-05,1.216554343579687583e-05,1.138045428009747135e-05,1.015242993028278314e-05,7.932196021978921816e-06,4.439245313296570946e-06,-6.792418587721170152e-08,-4.778090677739516514e-06,-8.603888800054693698e-06,-1.062648100231828548e-05,-1.049147878529299279e-05,-8.558283017376617518e-06,-5.728409371971398853e-06,-3.040559066207502860e-06,-1.235138045716790709e-06,-4.987666976051723189e-07,-4.982948099626683746e-07,-6.602603040075462713e-07,-5.285496000407302506e-07,-4.504004997554405053e-09,6.487876535411189890e-07,1.019111661761595660e-06,8.362013406114740644e-07,1.658944158138979313e-07,-6.047641794585674272e-07,-9.789115945824884451e-07,-6.310475820843866032e-07,4.076529761019437204e-07,1.768216156274544785e-06,2.955346919659250346e-06,3.626577538339709951e-06,3.772738127798947550e-06,3.688576819732204516e-06,3.743980545997472468e-06,4.085929983349746837e-06,4.450488311711818164e-06,4.212447953342801318e-06,2.673183105211962054e-06,-5.472189586267750305e-07,-5.215590310622087557e-06,-1.045365723054472481e-05,-1.500695750506026551e-05,-1.770346135316317823e-05,-1.789478116587737063e-05,-1.568047543445161984e-05,-1.182222655336911085e-05,-7.403581457292993471e-06,-3.405742485381422447e-06,-3.940422210401271369e-07,1.563885422794283573e-06,2.754288180209264086e-06,3.564279455012546701e-06,4.272676497059991486e-06,4.986856290791836155e-06,5.724785566210740277e-06,6.549094087887178866e-06,7.632445352108124765e-06,9.185068750273411102e-06,1.127361376585517696e-05,1.364504822754247584e-05,1.568694225674722501e-05,1.659126517618515268e-05,1.567567986242644521e-05,1.271729928420296406e-05,8.127052262366989225e-06,2.858236363171102659e-06,-1.929922822781653788e-06,-5.309362585102106914e-06,-6.922320098871852330e-06,-7.068838325471943027e-06,-6.510770058262329497e-06,-6.096208994429828969e-06,-6.388277462846730641e-06,-7.467054869669760517e-06,-8.974866908406631781e-06,-1.034868883514895663e-05,-1.109730415772012727e-05,-1.097854556181459201e-05,-1.000878569870788343e-05,-8.343963584673599673e-06,-6.144410853084100496e-06,-3.531957992037403597e-06,-6.712402578327603890e-07,2.093615694971967898e-06,4.175534596181720554e-06,4.858674576314208413e-06,3.592656146699223031e-06,3.444512510327402345e-07,-4.187222388985814865e-06,-8.658698953616366935e-06,-1.150019699288647897e-05,-1.152458667798704623e-05,-8.461545434113208140e-06,-3.152856490333576242e-06,2.719368779713715145e-06,7.285857241638138732e-06,9.250225802507779489e-06,8.414654969405899570e-06,5.725525951134380375e-06,2.811506859965913276e-06,1.224325400505282571e-06,1.733858656639534212e-06,4.003381808767793590e-06,6.788712773262924499e-06,8.554865896767524495e-06,8.207904454510224769e-06,5.593097724335686434e-06,1.533767517298114352e-06,-2.585571126325818362e-06,-5.468518015415873749e-06,-6.463612818560510452e-06,-5.766897228997434136e-06,-4.199188033542835955e-06,-2.704676140634508963e-06,-1.850422796281415050e-06,-1.589421915074503495e-06,-1.396787940083662497e-06,-6.830698426705616239e-07,7.601724028146717242e-07,2.542109345089676328e-06,3.815831161410501620e-06,3.719018544189473460e-06,1.882387895918720096e-06,-1.269711137918875477e-06,-4.603528867322241670e-06,-6.729009850674650115e-06,-6.617141209033452313e-06,-4.088600929470568729e-06,6.286520632728456444e-08,4.376623066194712734e-06,7.323145228928886380e-06,7.923277841535747066e-06,6.116703766944215289e-06,2.732883624656273942e-06,-8.959112414964598626e-07,-3.484512158057348053e-06,-4.259611899721950656e-06,-3.156964030413029545e-06,-7.107173356799315794e-07,2.262862390445052831e-06,5.010763394003546885e-06,7.062726771981732329e-06,8.263382463161661283e-06,8.662848586930409098e-06,8.374290094275950924e-06,7.497308444421220080e-06,6.139483232365175802e-06,4.491059035367631598e-06,2.868148352952395132e-06,1.660692961140052475e-06,1.187885662495418948e-06,1.533293170131071359e-06,2.460130914892089251e-06,3.474026044348648644e-06,4.022520177655344154e-06,3.741163732232537235e-06,2.621541440551956093e-06,1.009266008833201914e-06,-5.749111753284269453e-07,-1.704702533340743291e-06,-2.271701012803568363e-06,-2.545747133702361644e-06,-3.037130597399410797e-06,-4.226878392635057551e-06,-6.299559831236024334e-06,-9.012562417837488842e-06,-1.176723305124877474e-05,-1.384662895385643503e-05,-1.470393158792254452e-05,-1.416541096069128126e-05,-1.246033126684990150e-05,-1.007972417594981060e-05,-7.548713369013290729e-06,-5.230876387252683661e-06,-3.253443334345900216e-06,-1.568665308836816516e-06,-9.150311001118913071e-08,1.182153261759224699e-06,2.151485441676690476e-06,2.692083284721151944e-06,2.785208719825784281e-06,2.603898871598147136e-06,2.485727445216543663e-06,2.786517362659438449e-06,3.681690834765330944e-06,5.021493069436210391e-06,6.329391575496568356e-06,6.966001532714806802e-06,6.397374772348080047e-06,4.449399823671077111e-06,1.429455138702015330e-06,-1.946144568165409211e-06,-4.792712403838880330e-06,-6.364347385962470449e-06,-6.299418448811696630e-06,-4.708974764954161945e-06,-2.087109900723955474e-06,8.992897171755772050e-07,3.639103617566090661e-06,5.728927691614755420e-06,7.004771550675976094e-06,7.475231097040060064e-06,7.222581547213176355e-06,6.340777318986097563e-06,4.942030593275467592e-06,3.210382309096070361e-06,1.443427876279653777e-06,2.456901142359922812e-08,-6.915031441447501364e-07,-5.397041423826399198e-07,3.307000230793444819e-07,1.450123172187887032e-06,2.176683419621197388e-06,1.958426560170174805e-06,6.038145272321615818e-07,-1.567284193236020390e-06,-3.781146496188390498e-06,-5.078597528782096325e-06,-4.699051544095199750e-06,-2.422212593967932201e-06,1.286060926865253037e-06,5.402394262718949581e-06,8.712090185552865456e-06,1.026979487205260958e-05,9.763548528501913239e-06,7.625700977060261467e-06,4.839145269946476060e-06,2.518029466500519204e-06,1.440716630985951860e-06,1.734435438645535118e-06,2.844930457724928398e-06,3.799371832076918098e-06,3.642873102659039846e-06,1.855848216205374228e-06,-1.426407269014591643e-06,-5.477068422085415280e-06,-9.281110018855863778e-06,-1.193290709118699790e-05,-1.295166261887704136e-05,-1.239050123092792609e-05,-1.072103341483682177e-05,-8.580410687904232612e-06,-6.520542259921656295e-06,-4.876201310067081505e-06,-3.787206372077265668e-06,-3.317077834589635972e-06,-3.558623114739997522e-06,-4.634338396383481233e-06,-6.575534185148705739e-06,-9.154012581435035006e-06,-1.178967792424909622e-05,-1.363325275507559877e-05,-1.383286370700593760e-05,-1.188335059341385632e-05,-7.889730947830366471e-06,-2.594795476789704297e-06,2.875464894831201649e-06,7.454048332132746690e-06,1.056281767690564600e-05,1.231971072171842815e-05,1.341078051071974446e-05,1.467748561021444309e-05,1.661722167839334091e-05,1.904984588878068204e-05,2.113127377579186725e-05,2.172725485858464909e-05,1.997750093394840378e-05,1.577516928298711052e-05,9.916007855604229920e-06,3.825463779094224846e-06,-1.022736019322256302e-06,-3.728094467326926214e-06,-4.330414367032376348e-06,-3.745970005247243137e-06,-3.301923783402842174e-06,-4.090452338986882912e-06,-6.448543092170498631e-06,-9.805284025187192509e-06,-1.295883695066095073e-05,-1.463996668344696231e-05,-1.408872851555554910e-05,-1.137676910105770804e-05,-7.341540065930176747e-06,-3.189409188475407607e-06,2.404182724157943356e-08,1.788167071649440033e-06,2.240916578587349804e-06,1.973448108833333088e-06,1.672270345930012278e-06,1.796809586212278461e-06,2.443784129362519228e-06,3.429677100066031623e-06,4.499720897952205832e-06,5.513411422702401805e-06,6.490100741621989802e-06,7.498274747308679813e-06,8.476926603747313602e-06,9.124764565529127472e-06,8.955277985465623031e-06,7.514935101903381809e-06,4.656538892628884121e-06,7.118129019580512338e-07,-3.553132886593616347e-06,-7.207107580471406833e-06,-9.534998622907345564e-06,-1.035045530093357462e-05,-1.008314800589122735e-05,-9.587887746998992721e-06,-9.755870729043445238e-06,-1.110340117023838141e-05,-1.352411450475049398e-05,-1.631371990009759085e-05,-1.845158613352842496e-05,-1.901213369240756460e-05,-1.753144022192154356e-05,-1.418662687045555475e-05,-9.734315482306872585e-06,-5.253228809527626727e-06,-1.800787268898789158e-06,-1.039029970130738375e-07,-3.690540813930745527e-07,-2.243711805530042462e-06,-4.917431271438395626e-06,-7.328086910909438454e-06,-8.430683393489796614e-06,-7.479100401442538473e-06,-4.258204827726479817e-06,8.067010144067608017e-07,6.725310816960786153e-06,1.221843636046028147e-05,1.613427610122545504e-05,1.786799162405502153e-05,1.761394453791263493e-05,1.631989173224527310e-05,1.532412163243961187e-05,1.579803926494794539e-05,1.822188665128898047e-05,2.213173177814776752e-05,2.627356782979172549e-05,2.912261392952200659e-05,2.955227970402119278e-05,2.735294514823056255e-05,2.335356783977125169e-05,1.907258617017043632e-05,1.604167859540646786e-05,1.510429660213795765e-05,1.601229652647850362e-05,1.751389581295967964e-05,1.790277178877666534e-05,1.578558511414482411e-05,1.072375317413168176e-05,3.462617032316309683e-06,-4.350568089736128464e-06,-1.082851380133596052e-05,-1.459008914154302834e-05,-1.527006187928921349e-05,-1.359121698819436081e-05,-1.099992259592383113e-05,-9.053787141343184162e-06,-8.838552784609946940e-06,-1.064864232853533521e-05,-1.402359094672868112e-05,-1.806653325900139188e-05,-2.186039714861645722e-05,-2.478704504889705528e-05,-2.663575119493153019e-05,-2.750814620016648685e-05,-2.762222014283828564e-05,-2.714441186623577432e-05,-2.613350111710403882e-05,-2.459795381790634249e-05,-2.259955566082710914e-05,-2.031721733017110068e-05,-1.802046393082146008e-05,-1.596568344388847198e-05,-1.427942385125555264e-05,-1.290190759701514708e-05,-1.162721654804268509e-05,-1.021805690182456020e-05,-8.528344474633827466e-06,-6.562526373506889199e-06,-4.438764176544498433e-06,-2.281084448105460661e-06,-1.092305498358867868e-07,2.201514746086247789e-06,4.857518942228188952e-06,8.008231273944133505e-06,1.160635814113304944e-05,1.534845267985540890e-05,1.873944772800398531e-05,2.126087150034137161e-05,2.256692658289436595e-05,2.261511515363546013e-05,2.166847555804111731e-05,2.016941121006156592e-05,1.854821985527124902e-05,1.706044547280362330e-05,1.573044716536498150e-05,1.442295939834469425e-05,1.299835088721037351e-05,1.146413072930574506e-05,1.003650487665569230e-05,9.070727759771543504e-06,8.885535362726606931e-06,9.562838353583796971e-06,1.082231759367492464e-05,1.204265450561502337e-05,1.243925290529285593e-05,1.133984255841066767e-05,8.453960679109949171e-06,4.029064864249731270e-06,-1.174022979607252035e-06,-6.086922578972682305e-06,-9.654133378956141997e-06,-1.115920238474090479e-05,-1.044536821250366047e-05,-7.956836659880995463e-06,-4.589629396606588646e-06,-1.406312679142060265e-06,6.861470737755388764e-07,1.186996413870265194e-06,1.015940452407221123e-07,-2.132006367348874654e-06,-4.849362648883975156e-06,-7.412402895779752678e-06,-9.410570076946948561e-06,-1.073934355109283898e-05,-1.153979954032977582e-05,-1.204246739416597567e-05,-1.239790646142901452e-05,-1.257797729361961329e-05,-1.239471659617638673e-05,-1.162455453194671938e-05,-1.017168230976687954e-05,-8.181690521714064630e-06,-6.037442617134375749e-06,-4.225455322766341158e-06,-3.127109715364417158e-06,-2.832830542535232757e-06,-3.075815813662891719e-06,-3.332430938613688768e-06,-3.059509523556465516e-06,-1.969573422889504555e-06,-2.170368269272732425e-07,1.602051495587192884e-06,2.657108716035994032e-06,2.225230903799676468e-06,3.073369421180557555e-08,-3.564649987526949248e-06,-7.612706330684189024e-06,-1.086558343337737534e-05,-1.219500444305272806e-05,-1.098302514167894874e-05,-7.332400597120961210e-06,-2.016560925840071944e-06,3.805999009258809824e-06,8.994612352488103743e-06,1.278525184631547682e-05,1.496864589908043582e-05,1.583203676024622796e-05,1.591072878665722811e-05,1.567444961862070533e-05,1.529597418804369221e-05,1.460642854128065475e-05,1.325246077953383138e-05,1.097437968810638175e-05,7.864109943957109093e-06,4.465137887921776548e-06,1.644062949757895458e-06,2.672908853183959137e-07,8.119805970000883469e-07,3.084290736915967151e-06,6.187340096301392752e-06,8.784544199610355269e-06,9.579030372973563318e-06,7.829308640585750967e-06,3.690687249160961561e-06,-1.770954849208067158e-06,-6.920457205139473865e-06,-1.013222324413806742e-05,-1.038612855841994539e-05,-7.644897627651549846e-06,-2.860285552630301843e-06,2.395497897194011703e-06,6.523193282621381308e-06,8.472640748907919367e-06,8.069553539117864548e-06,5.969832719003725037e-06,3.279675007922142525e-06,1.022691525858607686e-06,-3.034641425729053806e-07,-8.861079750687245456e-07,-1.412152313173461894e-06,-2.638839766839183157e-06,-4.933773607639657010e-06,-8.010449373021737249e-06,-1.099273008715438720e-05,-1.278599628677892846e-05,-1.258625732877239356e-05,-1.028956546049224154e-05,-6.605173812426573590e-06,-2.808667167333366238e-06,-2.349669679123182251e-07,2.693962842155925798e-07,-1.305338847520852008e-06,-4.135950572032425835e-06,-6.919867083873083172e-06,-8.423709595601040705e-06,-7.989774346773697726e-06,-5.786970459577725090e-06,-2.708578478256191742e-06,2.647024418877796145e-08,1.388258893400420611e-06,9.452892248884769528e-07,-9.964596392761663355e-07,-3.566449869579035764e-06,-5.722457189515856913e-06,-6.685451845754800697e-06,-6.233673060891609144e-06,-4.745230453933139077e-06,-2.991075493504018885e-06,-1.782399073405397590e-06,-1.626819169278246096e-06,-2.530428106525272282e-06,-4.011983032340153341e-06,-5.305823003693223405e-06,-5.659599546309418419e-06,-4.607056712419870843e-06,-2.119026992209835933e-06,1.408133316924710165e-06,5.304296805087312508e-06,8.849311213334180797e-06,1.148572480121044837e-05,1.295350240972413725e-05,1.331553286974961097e-05,1.288260815224483577e-05,1.207673205131537349e-05,1.128432392312240236e-05,1.074541382886292439e-05,1.050621460405348709e-05,1.043845318183277948e-05,1.030776906794352475e-05,9.861552378737632285e-06,8.906433727182122274e-06,7.355677652179602722e-06,5.241789394396282466e-06,2.702891063578226058e-06,-4.276564690815624125e-08,-2.723174808888769777e-06,-5.038305793964931306e-06,-6.692459317188244177e-06,-7.441993772708099137e-06,-7.158590215620522923e-06,-5.893133016877293912e-06,-3.912355921088504456e-06,-1.679134288583092629e-06,2.375533977006750711e-07,1.309135580895131914e-06,1.207723167206597654e-06,-7.782303298552498320e-08,-2.219605426261173172e-06,-4.640049399729806749e-06,-6.687680750276489542e-06,-7.838250148663004015e-06,-7.848210918623763207e-06,-6.805933021595111542e-06,-5.067234064209036996e-06,-3.107696377440563225e-06,-1.354611665185006590e-06,-6.363388474850504449e-08,7.198713710314183548e-07,1.113930720763790242e-06,1.301173478622707985e-06,1.427003146239456674e-06,1.535588093230355976e-06,1.560940984978504924e-06,1.364991485754111722e-06,7.994282707421353053e-07,-2.326898822692760851e-07,-1.730626257792071157e-06,-3.570394987366724048e-06,-5.501722470027513927e-06,-7.171648772419422312e-06,-8.180863050604088123e-06,-8.173241255983623141e-06,-6.943904494739585248e-06,-4.533010955395944367e-06,-1.263692946354088890e-06,2.306562782997248267e-06,5.520606714336098999e-06,7.802550779830139634e-06,8.817691281392807620e-06,8.546169209236453507e-06,7.240185422647524924e-06,5.288353104486892518e-06,3.056271705144131577e-06,7.839732940399751205e-07,-1.410981167235525873e-06,-3.437211191104536926e-06,-5.110719931499763443e-06,-6.105319338713124946e-06,-6.031250684019047658e-06,-4.626999879745300907e-06,-1.972138605449278873e-06,1.406499450795426954e-06,4.629845658712676100e-06,6.763761345354145540e-06,7.208414925318984267e-06,6.000316119625948549e-06,3.862591319859383151e-06,1.942279183173112358e-06,1.321557676947072167e-06,2.511455305456566408e-06,5.166828886117594630e-06,8.176219211605178019e-06,1.011241167918602841e-05,9.856263704454791072e-06,7.112892318308377160e-06,2.576352977692135619e-06,-2.344949487071509733e-06,-6.125700153860638506e-06,-7.773000829758491207e-06,-7.228348746702101701e-06,-5.337700158950424849e-06,-3.409375537981449039e-06,-2.575170285672403577e-06,-3.261545809691923503e-06,-5.020279521522359040e-06,-6.789875057925190833e-06,-7.448455694709184613e-06,-6.379768953239598329e-06,-3.774247174054319829e-06,-5.247518535190256677e-07,2.218980298621126882e-06,3.605333042974220266e-06,3.465625850426748617e-06,2.343181552705786670e-06,1.166587567833095319e-06,7.480109380166413920e-07,1.371533738145893280e-06,2.682424939858775236e-06,3.926153838349226007e-06,4.401053928750196587e-06,3.876906227965716587e-06,2.750627835748626184e-06,1.849154146748610382e-06,1.976063322319329470e-06,3.435930931737478631e-06,5.787825934724336136e-06,7.967511958343628477e-06,8.733538705545452384e-06,7.228804664141282676e-06,3.388595181341618801e-06,-2.001603911478139010e-06,-7.626848249257661897e-06,-1.218983788576902360e-05,-1.492783786060191278e-05,-1.586361539766507829e-05,-1.568692369175159115e-05,-1.533972503154295460e-05,-1.551322216762270349e-05,-1.629561906983168886e-05,-1.712707864055332884e-05,-1.706792435936018429e-05,-1.524260579625452560e-05,-1.125174217741581884e-05,-5.374381748455595327e-06,1.510204080554577604e-06,8.224235577722446001e-06,1.367221590884427061e-05,1.714391039520883682e-05,1.844040782142012747e-05,1.781487827030008307e-05,1.579591401724965720e-05,1.299044510798619919e-05,9.941287028556225323e-06,7.063865333079437887e-06,4.640425844342900762e-06,2.832021907453756933e-06,1.681980208790782486e-06,1.113180970954580923e-06,9.420627922160818864e-07,9.296098889072326788e-07,8.656124370919949044e-07,6.540848819364602658e-07,3.554271292792907592e-07,1.556415497304298790e-07,2.687573741061514221e-07,8.158974685620810256e-07,1.741201109011628757e-06,2.809879892844288445e-06,3.693508192618987058e-06,4.103200818985644970e-06,3.906519727483674321e-06,3.172318628289137575e-06,2.124872714060373643e-06,1.034622426018871095e-06,1.032266243143959068e-07,-6.002442843356607432e-07,-1.125691929142645563e-06,-1.567418276863589088e-06,-1.976545803959343874e-06,-2.312080947865252502e-06,-2.457459435011666289e-06,-2.290967774346140813e-06,-1.768142425205192366e-06,-9.685244147462808835e-07,-8.015160342776732617e-08,6.698844056385738029e-07,1.101675256209128198e-06,1.141546517471517056e-06,8.279085264046272749e-07,2.692838867838172384e-07,-4.139950847653870007e-07,-1.127166737600693449e-06,-1.797655561626712699e-06,-2.340680447122637030e-06,-2.627100022080613488e-06,-2.489183759701650207e-06,-1.778682291710895313e-06,-4.578986989842940335e-07,1.322207280667365572e-06,3.206063320432091018e-06,4.704541408256749117e-06,5.337137707553813639e-06,4.792875094643558652e-06,3.044552154379586711e-06,3.689862760039085952e-07,-2.733613244066271586e-06,-5.685199246754233101e-06,-7.980419522628277531e-06,-9.287932654885802195e-06,-9.478971185173182008e-06,-8.597424969317947680e-06,-6.809862974075421040e-06,-4.372000049302352956e-06,-1.622996966995371677e-06,1.012841494203957939e-06,3.055036042249234846e-06,4.054760845243853871e-06,3.734809524760175691e-06,2.133051393042751582e-06,-3.235462591343266578e-07,-2.875781476326002435e-06,-4.633357199639928981e-06,-4.867818633950921055e-06,-3.291816913384310518e-06,-2.072356131318413294e-07,3.555020677872871469e-06,6.900915217509397042e-06,8.855212246116136789e-06,8.914225339538788171e-06,7.226963976667913629e-06,4.526005351839743366e-06,1.829690515152525471e-06,3.242610762244766007e-08,-4.510737798081361078e-07,1.587856133037056243e-07,1.116444437034130728e-06,1.481766420834730955e-06,5.342788328774837705e-07,-1.901188572118407531e-06,-5.352925606097463799e-06,-8.866809275199489219e-06,-1.136827155299974049e-05,-1.207243397749207758e-05,-1.077585567738606965e-05,-7.916031760267460934e-06,-4.383704385370470377e-06,-1.175079097589179883e-06,9.674145820195560881e-07,1.781133360693583268e-06,1.496573347412176163e-06,6.542423399354479156e-07,-1.761545947711947666e-07,-6.417706016918508122e-07,-7.133292076004475522e-07,-6.213064202048849680e-07,-6.729862968214051220e-07,-1.054353547442241795e-06,-1.719762688649948284e-06,-2.420654491476689125e-06,-2.849699155267784397e-06,-2.816739117589539572e-06,-2.357717748578248537e-06,-1.714468864740136735e-06,-1.192646040058609344e-06,-9.714876020266364953e-07,-9.682259123863917365e-07,-8.361198870922502118e-07,-1.093864888928646106e-07,1.566816285237024456e-06,4.229995908453488872e-06,7.520457542593663973e-06,1.077432934539731727e-05,1.325527231663720416e-05,1.442500808414814612e-05,1.413387072377489295e-05,1.264945580529543605e-05,1.051609434531417142e-05,8.314329515094194913e-06,6.431663372374359219e-06,4.944831256632211368e-06,3.657044874145249879e-06,2.259920248478398203e-06,5.347873097053497119e-07,-1.503523855072300311e-06,-3.583131668790154414e-06,-5.274266940378340378e-06,-6.158073925274434151e-06,-5.986812342733943981e-06,-4.770886136430004779e-06,-2.769094704830358408e-06,-4.031291245814792602e-07,1.856727214548918837e-06,3.589954700854182684e-06,4.486822192445111581e-06,4.377430367292358025e-06,3.247153772393378228e-06,1.249921140598552568e-06,-1.288391140383426474e-06,-3.899275826539819457e-06,-6.053358508136782457e-06,-7.290642283753302278e-06,-7.362756305025069043e-06,-6.329267822923934291e-06,-4.556028231984932137e-06,-2.599217987839238716e-06,-1.009688518455080423e-06,-1.333732643670129876e-07,7.576862240719302078e-09,-3.007116589884557153e-07,-6.088913378054400570e-07,-5.153964493320007104e-07,1.508276056963127538e-07,1.257143004059644815e-06,2.434103083177848522e-06,3.248553759735738945e-06,3.401753637442359610e-06,2.862814398189036859e-06,1.880669959687777017e-06,8.747909309056014628e-07,2.581490897926188588e-07,2.712975090645796092e-07,8.947527414524773558e-07,1.867296337915321430e-06,2.791557722542328765e-06,3.276881460205560921e-06,3.064353502245838540e-06,2.096930622325072720e-06,5.253725796967490103e-07,-1.336969382485955688e-06,-3.088761711411310403e-06,-4.326172252458754642e-06,-4.727405692709013740e-06,-4.126613353360407501e-06,-2.563481693437608643e-06,-2.904306264046145447e-07,2.276755652618031254e-06,4.662569859105679303e-06,6.463071322624114999e-06,7.458627742053491071e-06,7.660653696604948328e-06,7.267643920282146423e-06,6.545183871984591172e-06,5.682306131514696294e-06,4.692312159099421880e-06,3.409136479464788133e-06,1.586140862753319489e-06,-9.465039960208838637e-07,-4.141390481796547613e-06,-7.681484812653809933e-06,-1.104712032987588291e-05,-1.367777639114775913e-05,-1.515963142673909972e-05,-1.535893325248885273e-05,-1.444842556753409463e-05,-1.282455732460400626e-05,-1.096083721649833791e-05,-9.264205993004915538e-06,-7.988507724019899668e-06,-7.222525596726791520e-06,-6.931827007860231933e-06,-7.014593901168639539e-06,-7.339252370056370882e-06,-7.756938593277123696e-06,-8.105521174470467179e-06,-8.227521143425217039e-06,-8.008638854183093355e-06,-7.418953395350095721e-06,-6.524820404543260343e-06,-5.449659367465540514e-06,-4.293511122507776728e-06,-3.055325465660302989e-06,-1.613793016746064273e-06,2.018305342818791773e-07,2.472095873561410234e-06,5.052477960581482190e-06,7.534611583572620550e-06,9.359163631096634601e-06,1.005703333945638425e-05,9.512898831668595826e-06,8.107283711932884146e-06,6.631054513319906115e-06,5.971496037870630696e-06,6.693692437862628894e-06,8.718332594949943529e-06,1.127739346650096708e-05,1.320933378023117480e-05,1.348674915660960537e-05,1.173599506834165609e-05,8.484985190849148764e-06,4.986553711449306240e-06,2.666037753613706728e-06,2.437021735973301301e-06,4.216909852278878793e-06,6.900015658876656919e-06,8.835540243603963204e-06,8.608660697494130535e-06,5.758995063867345463e-06,1.080122246155554909e-06,-3.668521406257675941e-06,-6.525569794196867557e-06,-6.218752082158092028e-06,-2.760958552012704551e-06,2.538462691363586989e-06,7.659295651587436071e-06,1.077673530744903837e-05,1.105633988252911603e-05,8.961408899142617971e-06,5.937705379396778239e-06,3.647280726136308744e-06,3.142093324907077718e-06,4.389439483634220188e-06,6.375204443975671511e-06,7.713155398894880460e-06,7.431184821071919019e-06,5.519609175605464646e-06,2.955002103121279219e-06,1.188147009753278323e-06,1.363972246152549468e-06,3.680801307261333971e-06,7.224741566596771825e-06,1.037053379875103283e-05,1.154958161915601569e-05,9.998872087052594989e-06,6.116165789152505190e-06,1.249113397368303300e-06,-2.967050035560815489e-06,-5.384742127841941764e-06,-5.846009036998543185e-06,-5.173914523183198809e-06,-4.680540656323442502e-06,-5.460618331740683273e-06,-7.835943887431751618e-06,-1.122188202971471285e-05,-1.445867164283125737e-05,-1.641026642474241294e-05,-1.650715124700011263e-05,-1.495830765887322240e-05,-1.254848375362865774e-05,-1.016330303231592439e-05,-8.324243695744856702e-06,-6.995816574971260691e-06,-5.763354707186781647e-06,-4.264089973538731076e-06,-2.605511643245985005e-06,-1.504672439812750605e-06,-2.030876196798250999e-06,-5.052756857647519230e-06,-1.066269941361600289e-05,-1.788504976438559096e-05,-2.485022121301104815e-05,-2.939672393048661651e-05,-2.985750597454591429e-05,-2.569680972052565835e-05,-1.773015668614115792e-05,-7.846118696743422386e-06,1.638669515613341358e-06,8.719916471965646646e-06,1.226024170173405773e-05,1.218684246249048377e-05,9.326172808030402765e-06,5.006913456508561098e-06,6.158439894743384557e-07,-2.745285523244484519e-06,-4.440368879992133244e-06,-4.335618680714344856e-06,-2.745255782377221576e-06,-3.255089583980480853e-07,2.075887620279066318e-06,3.620875935122072674e-06,3.716135368867641108e-06,2.220566909971532069e-06,-4.654716110404454186e-07,-3.499957705352232452e-06,-5.885046451636737989e-06,-6.840752520628645338e-06,-6.105479944314158079e-06,-4.016100457714027426e-06,-1.315615244399437633e-06,1.228674240231608168e-06,3.209315661666021455e-06,4.765062204449814334e-06,6.463134821821640597e-06,8.929082824474225094e-06,1.241658219522102451e-05,1.655474118518409740e-05,2.042912099993926238e-05,2.298072559413336146e-05,2.353233352581361024e-05,2.216831460364699567e-05,1.975301694566038879e-05,1.755067773902789638e-05,1.661829473687637010e-05,1.727275494585000896e-05,1.891190264874877163e-05,2.030000386009380261e-05,2.019298719232061188e-05,1.799759221485879758e-05,1.412741251843860333e-05,9.859621898330818071e-06,6.742636885027347631e-06,5.834448692103066562e-06,7.146538902260202568e-06,9.577469085634683244e-06,1.138500349297452730e-05,1.098128214759596554e-05,7.673673811165887887e-06,1.996098628210344049e-06,-4.527944516041933639e-06,-1.007524092285628817e-05,-1.333342275107331001e-05,-1.404680694440649335e-05,-1.304695262769386311e-05,-1.177179098263510297e-05,-1.152449632626074042e-05,-1.284228906493794921e-05,-1.528020229611405014e-05,-1.770141151736311265e-05,-1.891226342871971973e-05,-1.831237828805516748e-05,-1.622905605628409910e-05,-1.376796758071982963e-05,-1.225561544441227776e-05,-1.255231410712775174e-05,-1.457860433202826432e-05,-1.729392545876726653e-05,-1.914697117667820347e-05,-1.878983729715549763e-05,-1.572164457574477995e-05,-1.056003680979692218e-05,-4.812399151284542789e-06,-2.488967234175222163e-07,1.841333682055898299e-06,1.181977280627424230e-06,-1.398027910126353832e-06,-4.339417728594299756e-06,-6.018841627538572553e-06,-5.412406944494716199e-06,-2.478230535134171460e-06,1.885288023476028325e-06,6.260557896184806055e-06,9.310074553947343180e-06,1.029357315465444881e-05,9.298758091820536416e-06,7.118983154160969749e-06,4.864420086671158182e-06,3.494760344764549426e-06,3.472758215799221921e-06,4.663330602267844248e-06,6.483993727089037451e-06,8.205940114346139274e-06,9.256364479763647224e-06,9.396317991065224792e-06,8.724591790098492510e-06,7.545098102519874176e-06,6.190715889654280660e-06,4.898023466642220110e-06,3.781015707132524448e-06,2.887465323932274937e-06,2.275442674370929979e-06,2.043607963617587805e-06,2.286697148784535348e-06,3.003207440506796529e-06,4.021799539218420465e-06,5.011406941992745988e-06,5.595650156706620811e-06,5.528159004995773426e-06,4.838355680392558559e-06,3.857161236298150185e-06,3.084976009158117555e-06,2.946695250207601863e-06,3.547861713674797136e-06,4.562287647096079907e-06,5.329292334034413560e-06,5.138243958436973917e-06,3.577519416373808102e-06,7.773690216318268903e-07,-2.588223095447017484e-06,-5.567200262102965464e-06,-7.357072854463556817e-06,-7.698619411264804178e-06,-7.040105988421113295e-06,-6.374031619767287242e-06,-6.800883282732900018e-06,-9.009425137740961238e-06,-1.291316674312883757e-05,-1.761945013176455320e-05,-2.175763497297844511e-05,-2.402634157586979567e-05,-2.371673451808977145e-05,-2.097976905280230647e-05,-1.672532033470256729e-05,-1.221197545916372401e-05,-8.525201939833899350e-06,-6.182485441114658311e-06,-5.030174558259356367e-06,-4.448530608008142441e-06,-3.734791157489236293e-06,-2.461194118370857587e-06,-6.378782987233738778e-07,1.373926633825252591e-06,3.119551872512011584e-06,4.319698487648068752e-06,5.001756344051946144e-06,5.436013553810323023e-06,5.935473476824009844e-06,6.653354726386497741e-06,7.505692138725871711e-06,8.264250741909595380e-06,8.756736664883010211e-06,9.041153030312821143e-06,9.431249444898744108e-06,1.033629200301975825e-05,1.199230999362143978e-05,1.423750883576451799e-05,1.647542405765894607e-05,1.787607523926705626e-05,1.773620293802928699e-05,1.582521468824091442e-05,1.253780024457796370e-05,8.764350070407679323e-06,5.531148483438911380e-06,3.579910882159829296e-06,3.087707242989796016e-06,3.656182428692772187e-06,4.561205921323640528e-06,5.123903398848378056e-06,5.010352114610175497e-06,4.317130797025490125e-06,3.423880921992396596e-06,2.722275591371723204e-06,2.391913531015891588e-06,2.354437639168944655e-06,2.421365984370810351e-06,2.526503614260931099e-06,2.874293298910541139e-06,3.878980564972045538e-06,5.895119386548511768e-06,8.877793534853231102e-06,1.217982879823369502e-05,1.464650145189885077e-05,1.502179685611966409e-05,1.250746176123827438e-05,7.210250823583566143e-06,2.372211981204590244e-07,-6.648913445722613497e-06,-1.169294751433390429e-05,-1.384489067947038870e-05,-1.317714002513630818e-05,-1.082695924382579732e-05,-8.487338520709206295e-06,-7.677824222610919529e-06,-9.125022121178720535e-06,-1.252314538548408631e-05,-1.675929772036995348e-05,-2.046908841816117295e-05,-2.264295888548533434e-05,-2.299991334309694168e-05,-2.197839633910961526e-05,-2.039133223388311003e-05,-1.895253934387907145e-05,-1.792705471548984255e-05,-1.707248081259980592e-05,-1.587366346571892354e-05,-1.391810104065157517e-05,-1.119403504087503749e-05,-8.146485710269092939e-06,-5.464793575294084603e-06,-3.722050619483876494e-06,-3.064641531266737709e-06,-3.120713422810058076e-06,-3.178876859398494467e-06,-2.546850097798983574e-06,-9.079161150054834088e-07,1.503869706253601371e-06,3.996006357855590971e-06,5.731428088969834213e-06,6.113396134805303387e-06,5.063282963557077908e-06,3.070588931650218551e-06,1.003161839792526527e-06,-2.298714576541536166e-07,-1.686541792085221906e-08,1.745881704104538266e-06,4.634944075241484206e-06,7.854622363642875199e-06,1.049196230834000977e-05,1.178247536538957052e-05,1.131613042336270702e-05,9.145936246731334546e-06,5.788306573580780149e-06,2.118809362364109626e-06,-8.239323048105645128e-07,-2.097964040067203241e-06,-1.127911582693337245e-06,2.092559896562940094e-06,6.946581776380901902e-06,1.233570891302128757e-05,1.699747934527921873e-05,1.990249529243344359e-05,2.058624165268807307e-05,1.928109681079532244e-05,1.678752448990310144e-05,1.413246791500717223e-05,1.215792419979136202e-05,1.121616064708180257e-05,1.109994398096626564e-05,1.122628133171415267e-05,1.097251769821495072e-05,9.993278273657620243e-06,8.361695988913808131e-06,6.472140062417006282e-06,4.767271125034067926e-06,3.445342189115483531e-06,2.315383687393836127e-06,8.905699024628729878e-07,-1.317902318984484008e-06,-4.456962296432311513e-06,-8.126492465518661269e-06,-1.144213270190761871e-05,-1.336530930932323916e-05,-1.316264684565085967e-05,-1.078183100701031451e-05,-6.957619761656660699e-06,-2.980112555225193846e-06,-2.123055675585596640e-07,4.383891947976610755e-07,-1.134119410020677316e-06,-4.219437623328860961e-06,-7.606394060054892583e-06,-1.008515780060137967e-05,-1.091585425146712864e-05,-1.006978779543434538e-05,-8.160501107072510191e-06,-6.122786899747713328e-06,-4.802008741628420715e-06,-4.638256927065933309e-06,-5.566046871787528069e-06,-7.137602975950356945e-06,-8.774149446230716096e-06,-1.000430541641749432e-05,-1.057860865294045419e-05,-1.043247624361987562e-05,-9.558901299890080669e-06,-7.898941948658908625e-06,-5.339033073381661242e-06,-1.831710389046241928e-06,2.428364804459376597e-06,6.890077608612604282e-06,1.069366708669377677e-05,1.290388891829847330e-05,1.285152025795926292e-05,1.043497626638502150e-05,6.231686568654209672e-06,1.342877908822356548e-06,-2.985693348645961372e-06,-5.816393082290475565e-06,-6.851343522859929933e-06,-6.494259191104759027e-06,-5.611456173597860124e-06,-5.098002097411112126e-06,-5.446854372379906530e-06,-6.520426208978412480e-06,-7.631819813999084798e-06,-7.898236402191636705e-06,-6.699399152485634551e-06,-4.021361562538946160e-06,-5.174557430731550516e-07,2.749275990135665480e-06,4.766188817269255450e-06,5.019527970366231209e-06,3.720352136128685061e-06,1.701118049237809415e-06,3.197880548248643631e-08,-4.616532671938730307e-07,4.462113182210939030e-07,2.317239144861501257e-06,4.293557982237514926e-06,5.522432738312039121e-06,5.547678677564965783e-06,4.478471281095236032e-06,2.864301163456675196e-06,1.356734499643828434e-06,3.467263433631701448e-07,-2.249063898943864009e-07,-7.812274031316814534e-07,-1.794304778859971257e-06,-3.415496645055694280e-06,-5.261154205805622696e-06,-6.489265521122045203e-06,-6.153116723390798345e-06,-3.669979265591005035e-06,8.269050348512852871e-07,6.438141451175333220e-06,1.179300563065526796e-05,1.556545969804772904e-05,1.697911413122779543e-05,1.607352428586304889e-05,1.361926114736493395e-05,1.073633719948309335e-05,8.405985154499525614e-06,7.103352850628959549e-06,6.703593101524707193e-06,6.669176135882532908e-06,6.389213556483955878e-06,5.482098749793601271e-06,3.916789345323599748e-06,1.924975798662989920e-06,-2.027756743827504429e-07,-2.287491830518968536e-06,-4.287342553134085426e-06,-6.173336489959845406e-06,-7.759479115143986855e-06,-8.634941689284048304e-06,-8.291982732486755971e-06,-6.419043425879724345e-06,-3.205124588304434510e-06,5.434733762995821593e-07,3.601614186100480514e-06,4.805468740512747674e-06,3.611874232520749299e-06,4.533568562245289077e-07,-3.330971722312980449e-06,-6.016804364320301154e-06,-6.265494148741015692e-06,-3.789755705162239268e-06,4.253266494062302035e-07,4.495661262899746649e-06,6.473140440914923553e-06,5.270743843840034024e-06,1.234797273263201486e-06,-3.935530831460006210e-06,-7.921751073305092778e-06,-8.855954756429751683e-06,-6.231447183512368446e-06,-1.211550944349025117e-06,3.836761295160872037e-06,6.394773647083822349e-06,4.955329452063289793e-06,-2.434509902407066639e-07,-7.266649429869817779e-06,-1.330684586308828311e-05,-1.591616717851115508e-05,-1.408509669800626606e-05,-8.675453349657262267e-06,-2.013447654565384255e-06,3.163146555311519920e-06,4.914526724614663093e-06,2.911434207602697697e-06,-1.509159765715455845e-06,-6.047652047192976909e-06,-8.555894638171316577e-06,-8.032205512582122999e-06,-5.038045745843560227e-06,-1.359471578382957456e-06,9.065104185168860966e-07,3.974050297117392631e-07,-2.830453898051175715e-06,-7.291679974632525653e-06,-1.073006571477455309e-05,-1.113431908484690721e-05,-7.647749661190854419e-06,-9.713151201111192062e-07,6.901051501406428454e-06,1.347731914059668229e-05,1.673450869842650781e-05,1.585072113082648977e-05,1.142499903419919798e-05,5.145351592615319942e-06,-9.047467585077372680e-07,-4.988421932316187133e-06,-6.218692521123359907e-06,-4.678734073395043487e-06,-1.195060296890991599e-06,3.069542538611642429e-06,7.005724582597623381e-06,9.797036728328843390e-06,1.098600164267844646e-05,1.043355871241529992e-05,8.264781664834802244e-06,4.853745980069623711e-06,8.301486201679638564e-07,-2.959760216385728763e-06,-5.600113409317355937e-06,-6.361995883308299479e-06,-4.990595140751810211e-06,-1.892090824028644982e-06,1.897195526087701889e-06,4.996282744415281623e-06,6.143292340096231273e-06,4.669582768545458200e-06,7.932525292465357700e-07,-4.398176227554936956e-06,-9.285372475284411073e-06,-1.225620898294465375e-05,-1.224696189032224802e-05,-9.087786691440314564e-06,-3.534433935799213655e-06,3.009823419094018860e-06,8.965641280004778963e-06,1.306657808784186456e-05,1.470079090689646809e-05,1.400954265066717630e-05,1.173990314733478185e-05,8.929467951095238808e-06,6.542981497279335352e-06,5.178050537759465051e-06,4.920023954983042486e-06,5.372988629472046586e-06,5.842000848419619103e-06,5.602465281531622323e-06,4.171566707154886371e-06,1.496492783564524549e-06,-2.003827490266399662e-06,-5.564204665083622802e-06,-8.331545211624964177e-06,-9.670267458193481687e-06,-9.401923860403047371e-06,-7.880248995816951756e-06,-5.860217886391745223e-06,-4.202486793955107416e-06,-3.529004100911730229e-06,-3.975847952658176363e-06,-5.155678642683489372e-06,-6.353475980583978324e-06,-6.872585259601565401e-06,-6.373520890344212396e-06,-5.044346031550329096e-06,-3.515603971656001143e-06,-2.553187082399671554e-06,-2.672265896179594465e-06,-3.859355548514812180e-06,-5.542752240167804080e-06,-6.833569773946589424e-06,-6.927046585757246422e-06,-5.472927364479556484e-06,-2.736746614899029644e-06,5.238241661275162170e-07,3.402366336644437584e-06,5.233648787095020378e-06,5.837959242329195129e-06,5.508156590427808729e-06,4.765791839027673316e-06,4.035005677929940175e-06,3.423425900217373695e-06,2.734671423011747966e-06,1.700904786942092160e-06,2.903001621789410611e-07,-1.111001934230103975e-06,-1.784167496895714727e-06,-1.025012005657276774e-06,1.410225064706264049e-06,5.006216876295213264e-06,8.535510088857529398e-06,1.048782426199154990e-05,9.719096483701554923e-06,6.023808491205635272e-06,3.412463342709975021e-07,-5.538780723503795582e-06,-9.671839533362351830e-06,-1.075871756535965621e-05,-8.688290333876635773e-06,-4.571316588283059139e-06,-2.456217714608327389e-07,2.521645455743385716e-06,2.770240568029363620e-06,6.923583798332963326e-07,-2.550619201471601970e-06,-5.426339055155246677e-06,-6.741948170615204075e-06,-6.128692207992201346e-06,-4.092622503912401441e-06,-1.648148430855400647e-06,2.455205174137450621e-07,1.144289345858415791e-06,1.251539744631102405e-06,1.186223932945916169e-06,1.545106360364610653e-06,2.518041083978119262e-06,3.771913339260808267e-06,4.660564397383781549e-06,4.633673325472148769e-06,3.607556242775754561e-06,2.083018841392877444e-06,9.351280737867634108e-07,9.794090513403861243e-07,2.540928897187031014e-06,5.252352441515831689e-06,8.186709129704407298e-06,1.025690925315143213e-05,1.068047773260317784e-05,9.283839230677756968e-06,6.514183028049177126e-06,3.183241652450675499e-06,9.949782818554803980e-08,-2.216311120571549839e-06,-3.607791387003513271e-06,-4.159411206655373672e-06,-3.995716351269304219e-06,-3.157113605291845552e-06,-1.638227574128339163e-06,4.475620646670012179e-07,2.713162331674261905e-06,4.499754710198017591e-06,5.094262953554189360e-06,4.080471894643066617e-06,1.634122871639868391e-06,-1.432102376211384651e-06,-3.953984994444700930e-06,-4.933797283085310279e-06,-4.047409087306027101e-06,-1.870098267917455330e-06,3.301472344564636201e-07,1.169937579611540065e-06,-1.629132995276155494e-07,-3.452689436039398680e-06,-7.475011035157881766e-06,-1.051226461923694032e-05,-1.113735697870611365e-05,-8.894242200465490438e-06,-4.541794273921242512e-06,2.664693692146303309e-07,3.720979093193824329e-06,4.663063654384653709e-06,3.078293159399764071e-06,5.036129369800003553e-08,-2.785479802933715813e-06,-4.010686780302939953e-06,-3.039443616974853077e-06,-3.016002296920348491e-07,3.059987151219255757e-06,5.787521653280871625e-06,7.078888058610829112e-06,6.848700398850333124e-06,5.582453642987570635e-06,3.911357290385047853e-06,2.178700247671770545e-06,2.560482903741575451e-07,-2.288843709220921923e-06,-5.780937329779594925e-06,-1.003872570438013672e-05,-1.424326903791145984e-05,-1.718649155350712780e-05,-1.779734606091999769e-05,-1.568128200194078206e-05,-1.138489029194915937e-05,-6.229032154112177184e-06,-1.772261339630037085e-06,8.429606343048787587e-07,1.346389113663837230e-06,3.823533007226977608e-07,-8.697381475416518473e-07,-1.296003917654344048e-06,-3.668336584185531166e-07,1.674840244859035953e-06,4.025821452572510369e-06,5.798927115550847413e-06,6.499729283489466699e-06,6.255515812334787068e-06,5.691800094497866481e-06,5.542858758403440534e-06,6.218988036080238048e-06,7.565154420110848921e-06,8.932919988025136269e-06,9.515732964309443100e-06,8.761189632224172086e-06,6.643735707046337418e-06,3.667940335059230001e-06,6.227048313191877817e-07,-1.764645807676758413e-06,-3.087547461005474994e-06,-3.313931350840045511e-06,-2.644957847719058300e-06,-1.301648358530989958e-06,6.072670797702247436e-07,3.049987872396474596e-06,5.904032385378460869e-06,8.791822688314744285e-06,1.106931658753934503e-05,1.203189547688144202e-05,1.126215415327037923e-05,8.932818059536058161e-06,5.866408329273682592e-06,3.260229648973800016e-06,2.162042616765511336e-06,2.935070759174016974e-06,4.992065627866839925e-06,6.972494428672982351e-06,7.326981926814009865e-06,5.060722480176977276e-06,2.833704577154669119e-07,-5.721231521935341907e-06,-1.097808224191191846e-05,-1.366565507825722546e-05,-1.294582441177722000e-05,-9.390721812195256836e-06,-4.791562450677636469e-06,-1.415267243851093939e-06,-1.030999806132553342e-06,-4.138594850827308323e-06,-9.741568615295877301e-06,-1.576104047664952883e-05,-1.989958810154091943e-05,-2.056956919666582298e-05,-1.748607404819658539e-05,-1.169089084166394198e-05,-5.036725899292711317e-06,6.050460223728000623e-07,4.050390193346833422e-06,5.131674350195147765e-06,4.556639698291805743e-06,3.425342724167739655e-06,2.672375173405638644e-06,2.700683057676254256e-06,3.346010229355700441e-06,4.131443675507004368e-06,4.633043005380892487e-06,4.744970370741425915e-06,4.712059365995772821e-06,4.938093086929452542e-06,5.700789107474834063e-06,6.946285609610603696e-06,8.280404399368869217e-06,9.157360776983466873e-06,9.155633981532064993e-06,8.185647264960085119e-06,6.516617178346913199e-06,4.613766696812883205e-06,2.882962317027067960e-06,1.469144299101990935e-06,2.213844746862471592e-07,-1.159264145123856036e-06,-2.878432684804342721e-06,-4.858202960258727130e-06,-6.716268794159177456e-06,-7.938389493805344515e-06,-8.156829739832827328e-06,-7.381036187858716300e-06,-6.043568193866941784e-06,-4.818250912675357066e-06,-4.290367018236241763e-06,-4.644861914893017417e-06,-5.539875754070771326e-06,-6.245005629898040756e-06,-5.989462981274196708e-06,-4.353640767522109722e-06,-1.507846535098113861e-06,1.827653880813967828e-06,4.690034017123658376e-06,6.302651437970220064e-06,6.415866354246531884e-06,5.392924645821763414e-06,4.001479372134632353e-06,3.019672068005087674e-06,2.858596060994496026e-06,3.392008625704842942e-06,4.074390037216044726e-06,4.276548998537680124e-06,3.653404717638619745e-06,2.342219805187837126e-06,8.813195802510113499e-07,-1.081030731775269739e-07,-3.018685447557334909e-07,1.014276019931099815e-07,4.481687946222871427e-07,-2.604688960288243603e-08,-1.747956477887928355e-06,-4.496390343668478473e-06,-7.415645762182256476e-06,-9.377332165277651140e-06,-9.531045998933277086e-06,-7.771805874673144485e-06,-4.874699598691786756e-06,-2.200273372419000833e-06,-1.085752949227154485e-06,-2.202028841018109309e-06,-5.188890740568720224e-06,-8.759611590120971409e-06,-1.124582446650181407e-05,-1.134082755352261955e-05,-8.698847475759521734e-06,-4.110457762830070011e-06,8.285957335675791768e-07,4.401567716798669609e-06,5.492963052359909362e-06,4.024432541439317183e-06,9.237117270552913682e-07,-2.330415035186818378e-06,-4.351636393650544346e-06,-4.373286128089270275e-06,-2.435903030820018129e-06,8.042268424334751738e-07,4.496774610257941748e-06,8.003693314020733052e-06,1.108314521103308894e-05,1.378948795125704981e-05,1.619605177710741788e-05,1.814513790811998561e-05,1.920439692118805025e-05,1.887686769264214305e-05,1.694918557096182903e-05,1.376241535345472778e-05,1.021281638399209041e-05,7.428647855682248582e-06,6.251926869151393770e-06,6.781263388791708511e-06,8.229398427020119411e-06,9.209145097210960393e-06,8.349478953087455780e-06,4.966325388447830106e-06,-5.360873287570267234e-07,-6.745984249336653471e-06,-1.179681166419231569e-05,-1.415453766455870209e-05,-1.328211206558348489e-05,-9.872674811495075236e-06,-5.540198681253551370e-06,-2.108043781312959907e-06,-8.218053457580018701e-07,-1.844186409743384486e-06,-4.252804146169013324e-06,-6.524239685887555854e-06,-7.263920534106675517e-06,-5.837178431542417871e-06,-2.617773160094748043e-06,1.238359725045305027e-06,4.360351097047232841e-06,5.785175751880364459e-06,5.342031550258516304e-06,3.636130533731133764e-06,1.671301520019455710e-06,3.214572343224843884e-07,-8.019556762005766084e-08,1.591250432046058519e-07,3.306004504128538643e-07,-2.414756194600516041e-07,-1.802231346545355676e-06,-4.009220993964959315e-06,-6.089251117069245688e-06,-7.221347604180553647e-06,-6.947141859672764663e-06,-5.401937164296503492e-06,-3.254731412861999558e-06,-1.392714678630188182e-06,-5.106601280758379658e-07,-8.074266276359596603e-07,-1.932809109004654292e-06,-3.200622696542320535e-06,-3.952964301300684930e-06,-3.890358767864266770e-06,-3.205427478671660904e-06,-2.459732755470695631e-06,-2.272346717634854362e-06,-2.980737222786315325e-06,-4.445752485881998649e-06,-6.099230617785565861e-06,-7.212434660076391064e-06,-7.255298277129331992e-06,-6.172322567897983234e-06,-4.440932196644097003e-06,-2.881577451532771141e-06,-2.305504444308078395e-06,-3.160532878901152109e-06,-5.333385315064950308e-06,-8.192005825823314266e-06,-1.084025762841167435e-05,-1.246352125102187069e-05,-1.261024971050950397e-05,-1.129457087267293257e-05,-8.896235746916360390e-06,-5.930630598483061884e-06,-2.816430423216264214e-06,2.431225365649980911e-07,3.218813205241074406e-06,6.097697284110640260e-06,8.717064968857299748e-06,1.070341870301592386e-05,1.157297892844394754e-05,1.096015692127593921e-05,8.863212367742733311e-06,5.772602299781289198e-06,2.592088433761600780e-06,3.565367974498956370e-07,-1.504910087954351114e-07,1.280205810864621316e-06,4.164323016984165614e-06,7.471519257152515305e-06,9.989599806876323738e-06,1.076290568202649940e-05,9.431285898174495674e-06,6.339530564705616083e-06,2.384434253504653806e-06,-1.326509655499098180e-06,-3.860995781009749150e-06,-4.743433523174280344e-06,-4.039798360818536042e-06,-2.241977283912775998e-06,-2.689123477986869479e-08,1.997312551868992090e-06,3.460920622329764991e-06,4.273957595598657147e-06,4.556048917718362263e-06,4.512711757242164379e-06,4.322626949043174274e-06,4.077518413582192122e-06,3.781557947191050775e-06,3.390224912221476574e-06,2.859981203518295901e-06,2.187964062252274711e-06,1.434431165321392098e-06,7.290002472556271045e-07,2.610364159689463255e-07,2.498292335905280557e-07,8.903991389898397662e-07,2.281077741408408053e-06,4.355703870667437745e-06,6.854895161106662546e-06,9.365419833764960952e-06,1.143069879664977757e-05,1.269861687425935203e-05,1.304470886258926386e-05,1.260843902347550741e-05,1.171414544384126803e-05,1.070379089324190987e-05,9.758634984863552526e-06,8.802670857090937531e-06,7.548395190189532235e-06,5.676200583269328594e-06,3.065249315981242517e-06,-4.468015431272040491e-08,-3.059395635075195595e-06,-5.226934313628571446e-06,-5.949995023029302305e-06,-5.071101013445752573e-06,-2.986218704064870414e-06,-5.152412273825156361e-07,1.426973751129255137e-06,2.213321031158868021e-06,1.759629805681114726e-06,5.244205468552589099e-07,-7.538521242828387728e-07,-1.458327347369226182e-06,-1.435182213013339920e-06,-1.097688516424204629e-06,-1.227758264900537404e-06,-2.560441286053703718e-06,-5.351782986782912614e-06,-9.150367326865571898e-06,-1.290356611255898616e-05,-1.537084315614817542e-05,-1.566429308782870666e-05,-1.366617111557713443e-05,-1.012170519898223594e-05,-6.352735725512802287e-06,-3.714651036924511507e-06,-3.040808344932158439e-06,-4.325811165410500858e-06,-6.787203243919484770e-06,-9.267468127224895609e-06,-1.077988283071968121e-05,-1.093863490746045756e-05,-1.007530471572308002e-05,-8.999386400108801783e-06,-8.533723079395282005e-06,-9.062391057059761461e-06,-1.031763557391165763e-05,-1.151063837302407917e-05,-1.173888651835674907e-05,-1.046534368901880071e-05,-7.828582529497433163e-06,-4.625525362199427454e-06,-1.968567221808445179e-06,-7.782614680090305493e-07,-1.354009904907656162e-06,-3.229316659964993421e-06,-5.382989237752649536e-06,-6.708633337409518978e-06,-6.522859956031019038e-06,-4.875311060744454325e-06,-2.517876517862556000e-06,-5.503214236253503901e-07,9.111609265104832637e-08,-9.337096317718542726e-07,-3.209909594340172916e-06,-5.747593667011492370e-06,-7.410948519724313106e-06,-7.397691359803121082e-06,-5.556148881713265074e-06,-2.410110428767246405e-06,1.101118341630946868e-06,4.034034585884744794e-06,5.812491814497698765e-06,6.401171242536961592e-06,6.224995635264564869e-06,5.898378054389023117e-06,5.908815563836077309e-06,6.406123392317680238e-06,7.184078248758370028e-06,7.841438693131751390e-06,8.024476976506346465e-06,7.622792068529819656e-06,6.824768878760774757e-06,6.016878513369422649e-06,5.590707150847946469e-06,5.763517564506396676e-06,6.503711053908716696e-06,7.592240981310875730e-06,8.777689358865271664e-06,9.934269512816728921e-06,1.113241710823172380e-05,1.257952260133195956e-05,1.445859607193333436e-05,1.674941940881626891e-05,1.913138224677621388e-05,2.103203627525248014e-05,2.181699193996350014e-05,2.104752399992680651e-05,1.869480498871222513e-05,1.521176768870442932e-05,1.142023673429445745e-05,8.247368576250299456e-06,6.408610636759849515e-06,6.157826639587138154e-06,7.199958550857921854e-06,8.799045740963568017e-06,1.004058068117832306e-05,1.015113959967009905e-05,8.760451863377365672e-06,6.016133178247617118e-06,2.517471258654912918e-06,-9.003304369657812053e-07,-3.449882899630037618e-06,-4.643049527123876067e-06,-4.426959293364753312e-06,-3.166157352793828849e-06,-1.487630831555890238e-06,-5.155963901015522411e-08,6.676829800984483805e-07,5.148090131871592438e-07,-3.390989701176106653e-07,-1.507848825176976065e-06,-2.570014526140924606e-06,-3.245675362507697461e-06,-3.504457620727657706e-06,-3.569929638786004279e-06,-3.827316913475085131e-06,-4.677433875233272507e-06,-6.395500816794893414e-06,-9.044148619764757902e-06,-1.246166477750412868e-05,-1.631375271472919433e-05,-2.017521762202028745e-05,-2.360606737475455606e-05,-2.620276581992571116e-05,-2.762847175539749983e-05,-2.764143463737784819e-05,-2.613859184148344773e-05,-2.321271988028937930e-05,-1.919771545397839935e-05,-1.466371786386706612e-05,-1.033324219564206397e-05,-6.920840123581956364e-06,-4.938549199921915405e-06,-4.536994477975519492e-06,-5.450420357121348047e-06,-7.079266656072309814e-06,-8.688940178609223146e-06,-9.652604814757350385e-06,-9.643711873061148863e-06,-8.702975821660684642e-06,-7.157760705035524954e-06,-5.435794036403694713e-06,-3.860293345785299509e-06,-2.518806569644642824e-06,-1.260904577887063143e-06,1.819734994209718754e-07,2.018368795298254710e-06,4.249817688787739110e-06,6.627208082501803639e-06,8.731691240858814503e-06,1.014177251918970233e-05,1.060836431590055292e-05,1.015755375182936342e-05,9.076141122952366685e-06,7.789658847300492183e-06,6.690438575222902007e-06,5.992773041884770350e-06,5.676083885441861989e-06,5.534741471475890966e-06,5.305385756456279343e-06,4.810715009030401787e-06,4.055359795826038510e-06,3.233758483480602811e-06,2.649369906362225900e-06,2.581617128483335068e-06,3.157045940968114407e-06,4.277965113568080783e-06,5.638410678918241386e-06,6.823585606709171420e-06,7.457352049942923825e-06,7.343543634050022132e-06,6.546972570258530952e-06,5.379433170569542783e-06,4.289304849852405540e-06,3.690167162487216677e-06,3.791149376248501226e-06,4.497759789596203713e-06,5.430949208323513807e-06,6.068463370316792342e-06,5.961092337436067839e-06,4.938530374407535170e-06,3.214229350608736772e-06,1.333031265484427250e-06,-3.083394293352998452e-08,-3.503584027173955031e-07,5.182134860732677931e-07,2.246402568240940424e-06,4.139935958853483263e-06,5.404711159770252411e-06,5.463664678682708422e-06,4.189664930735842442e-06,1.954311143721597478e-06,-5.259834402019993455e-07,-2.474616359529240308e-06,-3.341546219109232261e-06,-2.968387167952734149e-06,-1.571476027382337836e-06,4.275350028588856419e-07,2.623022041358155531e-06,4.781593002241742265e-06,6.860956443557235562e-06,8.900172219052660943e-06,1.086253682746080588e-05,1.253690207143015698e-05,1.356655615041883600e-05,1.359765334082264602e-05,1.246530309004205422e-05,1.030756734859295433e-05,7.533406640238147653e-06,4.651794271112961321e-06,2.050645159172623539e-06,-1.515427017045161299e-07,-2.094069801700101983e-06,-4.004386215264274081e-06,-5.966886403663687912e-06,-7.771835992906806344e-06,-8.951756061343053592e-06,-9.011666800631786946e-06,-7.744173369169117505e-06,-5.455139725274676352e-06,-2.952594736234345931e-06,-1.264592713356716773e-06,-1.196688213652103383e-06,-2.939926094210751969e-06,-5.937134534819417552e-06,-9.101276125649012850e-06,-1.130600718715251312e-05,-1.192235714416229739e-05,-1.113526293351784634e-05,-9.867888325288633994e-06,-9.330164306537954813e-06,-1.039933330629460231e-05,-1.313637245667540645e-05,-1.668878844623762663e-05,-1.964722823260438896e-05,-2.069771308895220404e-05,-1.925572210659469470e-05,-1.576452795343784115e-05,-1.149608199962073831e-05,-7.935860086980051808e-06,-6.044410270985352030e-06,-5.760932425192079510e-06,-6.007278992593872679e-06,-5.211922850748433768e-06,-2.117155300977005796e-06,3.515074271732968920e-06,1.064753338942135401e-05,1.730534743285786506e-05,2.137085062051163314e-05,2.148073899491003251e-05,1.761750933005385187e-05,1.112586493906950037e-05,4.149283496644804338e-06,-1.253555936357144015e-06,-3.912921229697116671e-06,-3.921505804751877206e-06,-2.435441553162614098e-06,-1.028649715123994415e-06,-9.242493224155408743e-07,-2.464208861313446989e-06,-5.044248734549826756e-06,-7.506490261347614883e-06,-8.764269746046753930e-06,-8.336175498214560824e-06,-6.531430590337259777e-06,-4.217260851976005382e-06,-2.312953255092693433e-06,-1.287916881995577455e-06,-9.288858860618013837e-07,-4.947066958185418719e-07,8.272093506514979638e-07,3.406715192318531376e-06,6.875436225504046298e-06,1.021745528139419801e-05,1.221808616648845507e-05,1.205788496857854626e-05,9.757330321163376491e-06,6.240786673674826777e-06,2.967627979836040292e-06,1.288172992420301640e-06,1.821177066689638613e-06,4.149714752896394208e-06,6.990675417369671349e-06,8.774366033298236207e-06,8.376669638265801443e-06,5.668284846418110591e-06,1.622047129948845524e-06,-2.082864789252122810e-06,-3.791502327326083657e-06,-2.614071539279965861e-06,1.157413712713805363e-06,6.149372195201237222e-06,1.048540640612558721e-05,1.258943593852438691e-05,1.185665397150936614e-05,8.893774229102674673e-06,5.222993065708349460e-06,2.584995667915562020e-06,2.156042861449224483e-06,4.031030245044321370e-06,7.201661641994684440e-06,1.003263155582582970e-05,1.101253775381344561e-05,9.433776311374473622e-06,5.692834346039280960e-06,1.081361610505798320e-06,-2.824429968330182638e-06,-4.883807899334454034e-06,-4.882693983574105113e-06,-3.571196556594070796e-06,-2.241546735289934580e-06,-2.060280293725747968e-06,-3.484264028150463750e-06,-6.046310138568028937e-06,-8.613524694426492729e-06,-9.988136019275204003e-06,-9.549582442165631849e-06,-7.612151926482769854e-06,-5.308251395460079962e-06,-4.039400367335507190e-06,-4.753487137752564766e-06,-7.401772894631433569e-06,-1.085401613450921847e-05,-1.333798675241052239e-05,-1.322021487015302922e-05,-9.776913952554445048e-06,-3.598605512501061314e-06,3.566888480821786102e-06,9.475649855521003687e-06,1.226919642148233087e-05,1.119697075773973274e-05,6.877585838093124174e-06,1.006714288971061424e-06,-4.338003848876222757e-06,-7.481665151450919033e-06,-7.699424799312335979e-06,-5.331694938830531242e-06,-1.479028701775434711e-06,2.532252456836143276e-06,5.651488984940914557e-06,7.369052478626003170e-06,7.688593357680787382e-06,6.899955019255337655e-06,5.325548801895627628e-06,3.187990707659891260e-06,6.436179031550033289e-07,-2.088882490671544483e-06,-4.635222185372369669e-06,-6.509979563783473303e-06,-7.305114008235072546e-06,-6.924371642817836124e-06,-5.716749145872114986e-06,-4.401601551039977138e-06,-3.787032358332669412e-06,-4.402313325518708712e-06,-6.226381857995658376e-06,-8.659773475645717885e-06,-1.077036280651137773e-05,-1.170358277886349001e-05,-1.105949335306291811e-05,-9.050933095208880350e-06,-6.365466671584996731e-06,-3.803943218327211773e-06,-1.882273790629515485e-06,-6.008002594872387818e-07,5.023298073086564372e-07,2.045323875672691995e-06,4.406822004086723131e-06,7.448162121747648272e-06,1.050012809625839409e-05,1.262426018391463176e-05,1.302010074443037683e-05,1.138001904699099059e-05,8.026073254295013821e-06,3.777653870660907633e-06,-3.684870326868254728e-07,-3.582595182296394939e-06,-5.416085455399558972e-06,-5.818235571611971153e-06,-5.000219387693317772e-06,-3.263829130867228745e-06,-9.069348196071625800e-07,1.756440429981204281e-06,4.316754364738808348e-06,6.237216805385416984e-06,6.951679977041419459e-06,6.085143819003807634e-06,3.690843194276362366e-06,3.532866576684299677e-07,-2.947339214121238242e-06,-5.193456499211539892e-06,-5.763249372270756721e-06,-4.724367232509363014e-06,-2.819399923195456551e-06,-1.118923184590106916e-06,-4.912544485254292511e-07,-1.147570889988676967e-06,-2.501712006773001682e-06,-3.436295774492670522e-06,-2.860850787741114330e-06,-2.895002363046520232e-07,3.858073163409380886e-06,8.398585359602510079e-06,1.191370723166030415e-05,1.340717201693921328e-05,1.275842242105221240e-05,1.073801655997191945e-05,8.572882682986359890e-06,7.284512894860193154e-06,7.146784417620083629e-06,7.553895587743778768e-06,7.377539868501171901e-06,5.633272450247415503e-06,2.104689590198793633e-06,-2.416402686546562476e-06,-6.424937236717470858e-06,-8.406882235046567295e-06,-7.606735535298248132e-06,-4.464790812653751179e-06,-4.856057855482742377e-07,2.419284787841191645e-06,2.805357083047175634e-06,3.627759877097038376e-07,-3.947291039572682881e-06,-8.351236790416069808e-06,-1.108708885059071242e-05,-1.118883525695023916e-05,-8.854915274807708436e-06,-5.241771062574232222e-06,-1.815029000057180593e-06,3.926760841500463565e-07,1.236030707962708010e-06,1.406691097008792640e-06,1.932847863014985737e-06,3.518409146774029285e-06,6.088351150791012785e-06,8.788148221656143154e-06,1.043676039347405170e-05,1.018721639362300387e-05,8.035862493393254320e-06,4.899272266044138699e-06,2.204336976721590008e-06,1.192580347320944586e-06,2.290809621836172091e-06,4.869224732869099255e-06,7.512763695454542024e-06,8.673957268082354346e-06,7.388103425758581186e-06,3.707547423121982325e-06,-1.341172188235478634e-06,-6.235214989375355965e-06,-9.619679816084902385e-06,-1.083653553888978046e-05,-1.008650879961192048e-05,-8.189946678976182872e-06,-6.111261664493566203e-06,-4.510047599721509859e-06,-3.537454367425502522e-06,-2.943207631215441862e-06,-2.385746425456644820e-06,-1.738828195269391924e-06,-1.210609623105271552e-06,-1.214945674007593956e-06,-2.084891116772196000e-06,-3.809904111704305275e-06,-5.962158466778717371e-06,-7.866373748557409340e-06,-8.926600552554132023e-06,-8.932072968411845825e-06,-8.172636083374967963e-06,-7.296319799501742781e-06,-6.980106918991791926e-06,-7.584073371741130127e-06,-8.966302269259466201e-06,-1.054965818231519039e-05,-1.160013701537595920e-05,-1.157082198019697067e-05,-1.033969170681793108e-05,-8.233068602683972568e-06,-5.841120235988632816e-06,-3.734540567414627578e-06,-2.229692670475478875e-06,-1.308371661774541802e-06,-7.066089598239853211e-07,-9.816693445206348934e-08,7.398858499711126003e-07,1.864038588123262002e-06,3.216087537302443709e-06,4.731485489058779553e-06,6.417684025851055878e-06,8.343561495703253147e-06,1.054467325300424055e-05,1.290830490982074915e-05,1.512102899314162579e-05,1.672871705639738938e-05,1.729450477025283204e-05,1.658200678672821081e-05,1.467269280961869467e-05,1.195770725647674820e-05,9.007015222397402304e-06,6.377368105200127573e-06,4.444151088064791427e-06,3.321215042635986004e-06,2.883296596092365479e-06,2.857823060191183157e-06,2.932326823242497767e-06,2.836405428766060261e-06,2.387938958365693041e-06,1.517443190003507820e-06,2.852983372480546537e-07,-1.113057055415802068e-06,-2.378884284390395321e-06,-3.201333283553419866e-06,-3.398009827961121595e-06,-3.048488693640860125e-06,-2.536845828239982025e-06,-2.439419383769749662e-06,-3.264999660071241517e-06,-5.145873108246172767e-06,-7.637568451174083433e-06,-9.767884304687476428e-06,-1.037340892560586969e-05,-8.614552550795123064e-06,-4.442175413893303890e-06,1.228997857468642540e-06,6.776039363169817154e-06,1.049129473925968623e-05,1.131892173636337653e-05,9.361648867214677743e-06,5.890451804095091996e-06,2.807968074238466951e-06,1.780024137490081721e-06,3.429175260919052522e-06,6.982374711358817249e-06,1.056934344289334490e-05,1.206363302542550938e-05,1.008966370575918979e-05,4.721167600699212991e-06,-2.474188400861662710e-06,-9.086989829086517472e-06,-1.292514115393523261e-05,-1.298837822537937602e-05,-9.898473426648995931e-06,-5.579485778217595544e-06,-2.338609562159780167e-06,-1.784325542885634269e-06,-4.095150949161882430e-06,-7.981602091826274728e-06,-1.134916497380137322e-05,-1.233428656942748704e-05,-1.021140271776468333e-05,-5.739202211771789860e-06,-7.910835838375994232e-07,2.539503583114654773e-06,2.921971832382019939e-06,3.926893063189416552e-07,-3.692550380390660082e-06,-7.312391406385408487e-06,-8.710340506471044800e-06,-7.156599940790881023e-06,-3.198084430529539571e-06,1.686502926192171123e-06,5.824427637386279073e-06,8.105622601548137979e-06,8.402272676124940314e-06,7.482460489601194414e-06,6.504275792897346693e-06,6.371811716858059903e-06,7.278793165738894968e-06,8.648474367701829640e-06,9.468949813809632472e-06,8.830472016279332527e-06,6.388534845567156312e-06,2.534927056019594800e-06,-1.781917207337132127e-06,-5.473032116312904962e-06,-7.746653023191395817e-06,-8.366763734874719104e-06,-7.641494820056074294e-06,-6.191025626312501893e-06,-4.642078691770423777e-06,-3.406131231774362377e-06,-2.626650125231796080e-06,-2.274782144354677511e-06,-2.294034592895188984e-06,-2.683152086465848677e-06,-3.462535229006403237e-06,-4.555376756850280051e-06,-5.677893635340014464e-06,-6.336447965605428917e-06,-5.970940643536519165e-06,-4.196741558975240031e-06,-1.030825378834537612e-06,3.020049439621329766e-06,7.073629075817952651e-06,1.015839756449947253e-05,1.155670042997377915e-05,1.105837807322347127e-05,9.016267200444904052e-06,6.183310312099246723e-06,3.407309769076083191e-06,1.318211699023981533e-06,1.382653100705988070e-07,-3.174512061393608032e-07,-4.716967690427298485e-07,-7.412527364334952320e-07,-1.337190851876499782e-06,-2.195868253095984024e-06,-3.058074868429366391e-06,-3.641952484209128235e-06,-3.814332379425020682e-06,-3.671900768831352016e-06,-3.492007166787278726e-06,-3.578322719565904028e-06,-4.078093389689466630e-06,-4.862488767672611123e-06,-5.534016720454449652e-06,-5.568349349414752948e-06,-4.537360245386060315e-06,-2.321687377795172502e-06,7.792058327064896098e-07,4.093545761278623170e-06,6.773401115771703916e-06,8.073661378892437054e-06,7.611945467612244512e-06,5.511324396430611274e-06,2.369583213675032030e-06,-9.368172254869657919e-07,-3.543366633693552920e-06,-4.875668986984501006e-06,-4.812740385308168329e-06,-3.677740646606678683e-06,-2.066261698878041758e-06,-5.863870270863755103e-07,3.811693135895789379e-07,8.051691513162145981e-07,9.622950054089600737e-07,1.257624245725728513e-06,1.993575985503736299e-06,3.196623944880261685e-06,4.584784179614275092e-06,5.693909032435091568e-06,6.105644519757742823e-06,5.668985565256698736e-06,4.605520745565656615e-06,3.438855499264149185e-06,2.770147752357821403e-06,2.997204658623073658e-06,4.107921918568209371e-06,5.651671914402198353e-06,6.913938083306103484e-06,7.224361303409429199e-06,6.260842160030557447e-06,4.206393016541693819e-06,1.677640034066928517e-06,-5.514602957907825488e-07,-1.907707359893249265e-06,-2.289574846975180228e-06,-2.114910031405017205e-06,-2.110186625948772415e-06,-2.930269534558957833e-06,-4.786467204342661118e-06,-7.268702496629800462e-06,-9.465761653971072227e-06,-1.034965823675841964e-05,-9.259421343430124013e-06,-6.259843102541844910e-06,-2.195203421270783078e-06,1.608485425429378047e-06,3.875839986870374858e-06,3.916031944642621992e-06,1.914451329929711407e-06,-1.157063772594171997e-06,-3.975959674486814998e-06,-5.452040097324941886e-06,-5.186862612956853897e-06,-3.594834277474703111e-06,-1.632894115292006777e-06,-2.760977218345114003e-07,-2.697705243549609931e-09,-5.501255524096475548e-07,-1.070188443839504564e-06,-6.107382410801894032e-07,1.318832867457431761e-06,4.392905222892453818e-06,7.524223143602226541e-06,9.325460467181636654e-06,8.767985536701061852e-06,5.718508654776603659e-06,1.081284408433063707e-06,-3.541512124699948887e-06,-6.524458511883392595e-06,-6.914509391587631975e-06,-4.818313212255646570e-06,-1.299538605232498445e-06,2.156477883281487625e-06,4.341840897309034993e-06,4.842648350818253593e-06,4.123705361898575192e-06,3.155445366222256284e-06,2.793400800583474149e-06,3.248387585014081778e-06,3.937695866475506980e-06,3.806610664511330753e-06,1.957846194224333906e-06,-1.745443121953961841e-06,-6.437731252812201759e-06,-1.052896654268175509e-05,-1.239529989993840524e-05,-1.115566061390293197e-05,-7.147310545782553179e-06,-1.849083468741134736e-06,2.732175140845474298e-06,4.930763057975707847e-06,4.135143657476396621e-06,1.005286832380908619e-06,-2.904347931681490306e-06,-5.924518014226161295e-06,-7.066805218262259948e-06,-6.445685350597522004e-06,-5.128169631297741331e-06,-4.499826506894572571e-06,-5.476623717573745137e-06,-7.965898179368136294e-06,-1.085154518500442416e-05,-1.251415723282458853e-05,-1.162937530098173381e-05,-7.849924332472991425e-06,-2.035047929207906467e-06,4.086499790821347570e-06,8.659256729370768652e-06,1.049751000184705840e-05,9.565485692361292927e-06,6.930437893244616219e-06,4.230923095473479599e-06,2.924769256010118872e-06,3.668347848135547319e-06,6.096874160444669734e-06,9.073693764693404760e-06,1.125812296268469984e-05,1.171026146067808110e-05,1.026147998436904564e-05,7.513194589114540112e-06,4.508971361844973098e-06,2.265191051789296823e-06,1.382646158075493131e-06,1.891245253811845223e-06,3.350491716783663406e-06,5.110103138446336970e-06,6.583197448002952738e-06,7.412971872431610337e-06,7.494109527069259662e-06,6.891593767649829441e-06,5.739164299507211189e-06,4.183865257003158952e-06,2.391425242117093377e-06,5.766927723259543266e-07,-9.944527836841248986e-07,-2.062148765257514420e-06,-2.472614401543548123e-06,-2.266826867187545582e-06,-1.698026266628316202e-06,-1.150571364392567726e-06,-9.847592337178302558e-07,-1.374818234879281422e-06,-2.216651531942280884e-06,-3.152761170372074977e-06,-3.709236801700289971e-06,-3.490047781124480006e-06,-2.350216801491093424e-06,-4.803678946906370914e-07,1.627701251452271424e-06,3.320054046336552176e-06,3.975952043838843327e-06,3.197759242697233760e-06,9.400447714562159566e-07,-2.458285311783556731e-06,-6.350132088504016708e-06,-9.949458866563079404e-06,-1.255263821461047255e-05,-1.374981090883282590e-05,-1.355610793487419548e-05,-1.240691516840867024e-05,-1.100167340918394723e-05,-1.003811306118508297e-05,-9.931331416733542953e-06,-1.063282952524730432e-05,-1.163590835881013946e-05,-1.217996623561783587e-05,-1.157619313436932764e-05,-9.513587068659022923e-06,-6.202661347088976998e-06,-2.282748567109972689e-06,1.470086919083163598e-06,4.496649514624669969e-06,6.693963375292985740e-06,8.414303693312396559e-06,1.021586527168694860e-05,1.248677907872976393e-05,1.513871669691696568e-05,1.754297546351840369e-05,1.876652723554321454e-05,1.801236174114417319e-05,1.505478314266607144e-05,1.044713533541603067e-05,5.378934521827843038e-06,1.226383681981039501e-06,-1.006883946601195234e-06,-1.100634946579923249e-06,3.141429637184422624e-07,2.065084919854787497e-06,2.981801126756976445e-06,2.418597998328460486e-06,5.151953900617530037e-07,-1.917412420982542343e-06,-3.818641707465442856e-06,-4.397014576097420581e-06,-3.497522419737448994e-06,-1.651716915790846131e-06,1.974400441467433765e-07,1.150154388665042355e-06,7.622447220010877008e-07,-7.721707358826124913e-07,-2.735544142073125770e-06,-4.225272546809106366e-06,-4.547031586258558351e-06,-3.487461253034225228e-06,-1.364525827998746084e-06,1.136207860671377743e-06,3.241880638875932124e-06,4.361481953881384951e-06,4.247784873559583726e-06,3.021321067016729811e-06,1.084964063697212053e-06,-1.015981704232579799e-06,-2.741535290910348486e-06,-3.689092846835699708e-06,-3.700190389865067897e-06,-2.926848509697250177e-06,-1.827685876768906333e-06,-1.062722642960315324e-06,-1.284526043413909923e-06,-2.877066963019081179e-06,-5.744067371251507901e-06,-9.259168905771761760e-06,-1.243985519917207380e-05,-1.430799941652537013e-05,-1.429744056157337669e-05,-1.252019993334900772e-05,-9.744919206361224900e-06,-7.066116305422274886e-06,-5.396122547333468867e-06,-5.015481713796810388e-06,-5.411652027522719215e-06,-5.511406123074692796e-06,-4.222426307763409026e-06,-1.036373821336852455e-06,3.605031442639283425e-06,8.383586718107399513e-06,1.161699810533959935e-05,1.199403493685558073e-05,9.196346658161153945e-06,4.109662367178110890e-06,-1.488699074103673722e-06,-5.635785312862379891e-06,-6.967351644630726055e-06,-5.229495576633770077e-06,-1.297117816643098624e-06,3.288115681380401585e-06,7.026033933959684414e-06,9.075047273437841704e-06,9.502729334834689545e-06,9.086028332675478902e-06,8.799435745513029588e-06,9.271703994224514953e-06,1.048716289814960299e-05,1.186544528755241498e-05,1.265140046930499668e-05,1.239000609411129615e-05,1.122685811250665415e-05,9.875425693962316945e-06,9.270690955209420780e-06,1.009079769228152549e-05,1.239203235221144626e-05,1.553955581582080263e-05,1.846407721905377094e-05,2.011386781626968339e-05,1.988311678802052082e-05,1.782162025409085674e-05,1.454817039954448272e-05,1.093600210720202001e-05,7.738625887614906427e-06,5.332559330758839928e-06,3.674297518800641604e-06,2.450924735951335899e-06,1.311268808653376842e-06,4.261032712776944489e-08,-1.389361628776398576e-06,-2.928531466428643991e-06,-4.559764110834857261e-06,-6.380281998880107734e-06,-8.552542036906082452e-06,-1.116015395087807874e-05,-1.405606849320906884e-05,-1.680847594373706072e-05,-1.880462325272822004e-05,-1.948976230362102369e-05,-1.864149559918196636e-05,-1.654938579878591342e-05,-1.400234639172949781e-05,-1.206706540097218790e-05,-1.173169890582133439e-05,-1.354884062168350017e-05,-1.741478282553206159e-05,-2.256914458910987066e-05,-2.781460968592390365e-05,-3.187620216102342676e-05,-3.377363748862334861e-05,-3.308280682524048107e-05,-3.000801940294228049e-05,-2.525549516623943027e-05,-1.976565164486487723e-05,-1.440523493154590377e-05,-9.727735846196496251e-06,-5.880765792286872363e-06,-2.682300554769965471e-06,1.771347628494949423e-07,2.899140262328628511e-06,5.416566448424255293e-06,7.385254564418066001e-06,8.340797276117607674e-06,7.955619067639354373e-06,6.277194426260258196e-06,3.824758713034886582e-06,1.477270462334191795e-06,1.795987275498704510e-07,5.848281342205901275e-07,2.792484480963573643e-06,6.309255515660899555e-06,1.025995636817299561e-05,1.375648012766381627e-05,1.625104563078157049e-05,1.770231568952182350e-05,1.847395012361512727e-05,1.902336608367896271e-05,1.955379319273859977e-05,1.983152738447299337e-05,1.929032360641098892e-05,1.739077188566702487e-05,1.405204524276426078e-05,9.909188454747649483e-06,6.214397502501385693e-06,4.372799880703861796e-06,5.300001919317113834e-06,8.907593862667854170e-06,1.399376055961610840e-05,1.864098116739906506e-05,2.097975167471050913e-05,1.998550212564899865e-05,1.593635124235630733e-05,1.030151343757208934e-05,5.092861008399233721e-06,1.970168420106293322e-06,1.515604345035949062e-06,3.018710190831732049e-06,4.870853305646401066e-06,5.374381765373162460e-06,3.571230061913322904e-06,-3.108475131615493386e-07,-5.004187788546459542e-06,-8.853454152732727272e-06,-1.063726507475075234e-05,-1.014208329224839221e-05,-8.202372345483322476e-06,-6.196763664995334036e-06,-5.269797722352269913e-06,-5.689783240865851808e-06,-6.683140906880311560e-06,-6.839767017927594496e-06,-4.887946352300153576e-06,-4.426410406221891755e-07,5.662344455797298547e-06,1.164228650981079474e-05,1.551293867266465473e-05,1.596526373783117936e-05,1.293977849498339540e-05,7.624540038806253591e-06,1.884507011076950655e-06,-2.593405805557680361e-06,-5.023503619104848229e-06,-5.772648187725562493e-06,-6.041133756984454419e-06,-7.157155933786808882e-06,-9.851077647977866846e-06,-1.386987018897800270e-05,-1.810773691569449634e-05,-2.116470104913423681e-05,-2.203614039805375867e-05,-2.058514007011767865e-05,-1.757479025333286274e-05,-1.426801470702834141e-05,-1.181694554714442213e-05,-1.075481137005781115e-05,-1.083137196847612667e-05,-1.124384696425007921e-05,-1.111243477392314006e-05,-9.937840933230968201e-06,-7.809751473714505966e-06,-5.284487607293981011e-06,-3.031402472198935819e-06,-1.462891390926704554e-06,-5.543932773358460280e-07,6.007571160151279634e-08,7.928512990354475971e-07,1.795414120751756111e-06,2.827654295526530881e-06,3.385682371325703377e-06,3.017963841799998654e-06,1.647653510324669887e-06,-2.899261835666022822e-07,-1.986756732647554082e-06,-2.618575365904013814e-06,-1.737096747817084631e-06,5.067744214321201321e-07,3.426174594221573095e-06,6.114558226453147120e-06,7.849309139352550122e-06,8.374919514276401585e-06,7.928464632968282338e-06,7.013835371773919778e-06,6.068699984070343507e-06,5.223313484269763718e-06,4.292167328864311812e-06,2.999879807934857539e-06,1.299500958509785182e-06,-4.237731921935960246e-07,-1.417169289952621578e-06,-8.994127541583411787e-07,1.483168291424305598e-06,5.330098706192352051e-06,9.496077814845701207e-06,1.248524252667908644e-05,1.308124653614560120e-05,1.092679973602067950e-05,6.765414405733816096e-06,2.201988672849152051e-06,-9.377544788860757474e-07,-1.374064858145289765e-06,1.077975985722200318e-06,5.428255205633910359e-06,9.937138272231136690e-06,1.285174297749343361e-05,1.311890941568258641e-05,1.076022136860498600e-05,6.760522968193801346e-06,2.551367004492089290e-06,-6.471603346823834272e-07,-2.314239025995058532e-06,-2.736315053391144392e-06,-2.722708525151288663e-06,-3.106441023626939344e-06,-4.298218909057284491e-06,-6.112618539377861556e-06,-7.929676227772169551e-06,-9.077118227650489998e-06,-9.210671517760217662e-06,-8.484609173969723310e-06,-7.428812830676990325e-06,-6.612617718051334554e-06,-6.291369892593331405e-06,-6.238645952442859857e-06,-5.863819522522279629e-06,-4.557727025013077015e-06,-2.082694221099744994e-06,1.205793682503279146e-06,4.434771770203154249e-06,6.563325936787931618e-06,6.840640820579161787e-06,5.149305456195763156e-06,2.065883441268085037e-06,-1.389882635457900537e-06,-4.193937222869095099e-06,-5.733605462410254642e-06,-6.007305761184872669e-06,-5.527895487850187597e-06,-4.996419937094157809e-06,-4.920420741060150455e-06,-5.367111659787259398e-06,-5.963295412120631066e-06,-6.125125182670204756e-06,-5.388763356744630507e-06,-3.672284039866603424e-06,-1.344989317959267499e-06,9.168177426124130148e-07,2.404668988727760313e-06,2.647433152015393800e-06,1.558728680560725076e-06,-5.809322475267623779e-07,-3.266641960248094200e-06,-5.946219541569696970e-06,-8.147989018186358614e-06,-9.524861579471916495e-06,-9.838510658739123732e-06,-8.938039496843153464e-06,-6.774836566574843779e-06,-3.451972021657084312e-06,7.355262581220991120e-07,5.323231057383892720e-06,9.784762319797837385e-06,1.369066683912528268e-05,1.684113990295390702e-05,1.929344650663766307e-05,2.125324657673985241e-05,2.287425137255632350e-05,2.407083590755653021e-05,2.445604939423812760e-05,2.346237701801831994e-05,2.060907236680943960e-05,1.579598814610801960e-05,9.475953856403229080e-06,2.604832719846456782e-06,-3.629751995319086197e-06,-8.193497353965860255e-06,-1.053980367824287767e-05,-1.075122538077698484e-05,-9.436396931626163989e-06,-7.443865228936000701e-06,-5.532767736674163320e-06,-4.146436939449714433e-06,-3.369524617195207139e-06,-3.050070972316634865e-06,-2.988904617625596938e-06,-3.080059855962441309e-06,-3.332816576664481758e-06,-3.787264945594867782e-06,-4.401937519706209050e-06,-5.005501109738023487e-06,-5.358552866408493230e-06,-5.295402499493307763e-06,-4.856571455635404003e-06,-4.318060207296272185e-06,-4.078613562444478073e-06,-4.450682278734413027e-06,-5.465072160438515105e-06,-6.803537106425378131e-06,-7.911306613988641737e-06,-8.244719590566156121e-06,-7.531308748136106518e-06,-5.906037179156705491e-06,-3.848604453058096129e-06,-1.951583280777086233e-06,-6.406805786797353864e-07,4.723633690023707669e-09,2.370795801669887748e-07,4.458558611005362109e-07,8.972780704214671158e-07,1.561449365860343457e-06,2.131243353097103068e-06,2.227441888156921707e-06,1.673710488219884770e-06,6.764088752730157674e-07,-2.115348410771514668e-07,-3.468955404221805278e-07,6.500963834176649977e-07,2.633738848717010188e-06,4.917590944539644175e-06,6.539238059925935016e-06,6.690823177819137682e-06,5.106053134932216244e-06,2.205064355327520372e-06,-1.086439963827591534e-06,-3.764659999089385679e-06,-5.215523183908681068e-06,-5.491553591664364329e-06,-5.258164097799589363e-06,-5.432850608125605333e-06,-6.693177046360145375e-06,-9.094587282353894977e-06,-1.198511983862563208e-05,-1.425952603253612019e-05,-1.483322643720076184e-05,-1.311653774428334123e-05,-9.277377760109396955e-06,-4.186676521178197877e-06,9.120111426910457804e-07,4.851573471408839368e-06,6.919111809560515920e-06,7.027942573476574023e-06,5.655041991231791019e-06,3.613365854027018668e-06,1.774350764576684404e-06,8.391829603236650186e-07,1.202913261989188462e-06,2.903650481641412399e-06,5.629612107946341039e-06,8.771616119164463870e-06,1.153358030197728417e-05,1.311763444543515799e-05,1.296878100791364919e-05,1.101091214689651716e-05,7.767921702499786646e-06,4.276610739874929076e-06,1.772236893018851828e-06,1.235541005217261679e-06,2.977534747958938515e-06,6.452406563525252362e-06,1.040943739728946234e-05,1.335003167660407277e-05,1.411228590341338741e-05,1.233521612599546702e-05,8.597935996035224721e-06,4.170497022300069600e-06,4.873766801775878569e-07,-1.422015592342145958e-06,-1.298644419706259277e-06,3.294614484483198732e-07,2.457624309819579729e-06,4.073915136095887443e-06,4.562289939738733388e-06,3.868981148757260526e-06,2.393219262357755385e-06,6.998201620245498019e-07,-7.768914042331346762e-07,-1.891531526682458497e-06,-2.758298653965522699e-06,-3.593003765439865214e-06,-4.546352011770144258e-06,-5.630823496096917558e-06,-6.765844805588527267e-06,-7.880903299903630428e-06,-8.978674053491877017e-06,-1.009377722600506695e-05,-1.116555468301974468e-05,-1.192074875214595890e-05,-1.188011336161045120e-05,-1.054204903431932277e-05,-7.685541188363537494e-06,-3.638039711222052541e-06,6.655974683475055944e-07,3.925324829286021527e-06,4.961468692837402385e-06,3.243350075882590963e-06,-7.940762714880555666e-07,-5.827851158617362288e-06,-1.012634149417487831e-05,-1.224254508445134633e-05,-1.161646440923967352e-05,-8.806588007351282249e-06,-5.232631736203803349e-06,-2.536679920537028843e-06,-1.849643328542890825e-06,-3.296348709007953297e-06,-5.961795007404928787e-06,-8.326067044063637678e-06,-8.959547996645852012e-06,-7.156121762614761198e-06,-3.221620645833136977e-06,1.695702855106891750e-06,6.131497273296841247e-06,8.931016848246103561e-06,9.689060216657327011e-06,8.824883113133129899e-06,7.293478123836384975e-06,6.099587883360790505e-06,5.853935860187269705e-06,6.566221314798087088e-06,7.738800063140537420e-06,8.678844485666089062e-06,8.855693291402081554e-06,8.130856820145267007e-06,6.769587440647454749e-06,5.256782503869654616e-06,4.028617327533924383e-06,3.256658539704499048e-06,2.780399289724712023e-06,2.205633896821627712e-06,1.111075707301494084e-06,-7.335878454401426826e-07,-3.228414420514173227e-06,-5.932556135573112208e-06,-8.181073756891112960e-06,-9.286918612504149075e-06,-8.764335613817638790e-06,-6.507520413038054004e-06,-2.869974055269492911e-06,1.387765414777038994e-06,5.282264810191142571e-06,7.883850666305338011e-06,8.608075593921264042e-06,7.423028129421725621e-06,4.885564550964697486e-06,1.970767501550512546e-06,-2.633864373961866087e-07,-1.060343347543918444e-06,-2.482445533746621049e-07,1.699569540912169189e-06,3.862321611189103493e-06,5.253264653754593445e-06,5.226248445026256659e-06,3.732533164236411840e-06,1.316303289677230126e-06,-1.146239155832446382e-06,-2.843345218013492253e-06,-3.378475059768951099e-06,-2.918389683942718273e-06,-2.078916812637832445e-06,-1.611679227697296254e-06,-2.044409663621197310e-06,-3.441525181000851873e-06,-5.386705789440669906e-06,-7.180362785091864006e-06,-8.146952076941759498e-06,-7.906404912685444732e-06,-6.495500472536931559e-06,-4.306852689626176745e-06,-1.900222450108726153e-06,2.102661827375194058e-07,1.698086752145586439e-06,2.454161265284331739e-06,2.527272555339381963e-06,2.036279786177243376e-06,1.111624512958689525e-06,-1.129894056060591480e-07,-1.479590221444859147e-06,-2.795622622028321471e-06,-3.860372554903596634e-06,-4.519361610172746183e-06,-4.708593076999426019e-06,-4.449425144460390213e-06,-3.785757102543721310e-06,-2.699416268800926061e-06,-1.066882170298167474e-06,1.291827038272590340e-06,4.472386934630580437e-06,8.317275293988728033e-06,1.231986652601687322e-05,1.568567569811306890e-05,1.756422851444392933e-05,1.737301889239166366e-05,1.507069701983933581e-05,1.123937884392263480e-05,6.912420735174251220e-06,3.201424522048803684e-06,8.771403175631483362e-07,9.022524216837431435e-08,3.593378431058452876e-07,8.309989354840539361e-07,6.874754689649430408e-07,-4.903058723772859535e-07,-2.572534357868415814e-06,-5.002832666315004249e-06,-7.116690026911129635e-06,-8.483966024774282979e-06,-9.096963966956886602e-06,-9.311067144663977188e-06,-9.577816875196691564e-06,-1.012157225507953009e-05,-1.074265166246112290e-05,-1.086524459917227153e-05,-9.820243150795067105e-06,-7.227147711097465303e-06,-3.280192031747848303e-06,1.217229983677044651e-06,5.107334934309128154e-06,7.319781703340547062e-06,7.306100975824984745e-06,5.271885218306840899e-06,2.102740670842939385e-06,-9.825518676827578057e-07,-2.899603678028693822e-06,-3.088801937264142681e-06,-1.674717330172250085e-06,6.508470534183183234e-07,2.948429311656471003e-06,4.403676281239992928e-06,4.600748971473851122e-06,3.606028526255835930e-06,1.862990669685150895e-06,-2.559003824571373797e-08,-1.523496982856537465e-06,-2.312720157346464493e-06,-2.340717132030503970e-06,-1.783307811361279033e-06,-9.672511206970742032e-07,-2.891835749399051275e-07,-1.425767107374936145e-07,-8.436962426929444102e-07,-2.547114121697905613e-06,-5.161278614498081379e-06,-8.299744423462885104e-06,-1.131305002279836108e-05,-1.342675359598563913e-05,-1.396650565210371473e-05,-1.260147358488930017e-05,-9.509807939418955295e-06,-5.383350002076416448e-06,-1.243777929072696751e-06,1.881642192601492565e-06,3.312475379096846563e-06,2.961496670622719492e-06,1.373910950010071226e-06,-4.645227613631501724e-07,-1.483995225519595676e-06,-9.192219487932711513e-07,1.416365319258062970e-06,5.072829637117098695e-06,9.139753089355960212e-06,1.258326571988078565e-05,1.461170534760954124e-05,1.493155306833589167e-05,1.380348091019180770e-05,1.188952110032943582e-05,9.963046960592667508e-06,8.601766885967201094e-06,7.983031075516452735e-06,7.853710831650915052e-06,7.674963747308049039e-06,6.874901528996377200e-06,5.105116342633162880e-06,2.402050936890698078e-06,-8.040114763962296960e-07,-3.829814171028448452e-06,-5.973253782393430184e-06,-6.754671737789027458e-06,-6.082002328091894115e-06,-4.286873923134623970e-06,-2.023464005532503314e-06,-6.517041621552586004e-08,9.365190497323978531e-07,6.574844110886388696e-07,-7.914548747770065712e-07,-2.889643258541450822e-06,-4.862183093808477896e-06,-5.925429041845001600e-06,-5.551283431574656203e-06,-3.666219697993001211e-06,-7.129008158814762479e-07,2.459673896162833719e-06,4.855580287120674986e-06,5.662736279541217635e-06,4.542261005310775975e-06,1.768377944984766768e-06,-1.841369382548453157e-06,-5.189393232791622421e-06,-7.262838206129078551e-06,-7.465166527824028728e-06,-5.791024820006774515e-06,-2.783868143927122341e-06,6.952697632121177414e-07,3.783834093532244580e-06,5.886552847599464961e-06,6.796878493024008201e-06,6.646582411342916909e-06,5.740443838458931890e-06,4.379623416593487811e-06,2.766760521575504007e-06,1.025919238496528708e-06,-7.043005399993442115e-07,-2.192926786824302154e-06,-3.133308194609893796e-06,-3.271908025783072388e-06,-2.586989030168371708e-06,-1.404639172172385681e-06,-3.529763149414049621e-07,-1.327252916170819407e-07,-1.186693121046798504e-06,-3.425280693071178087e-06,-6.163682388201191521e-06,-8.339641141819754047e-06,-8.945174189588517429e-06,-7.488317341281334434e-06,-4.265220877718872281e-06,-2.950840290329156174e-07,3.077429475556870638e-06,4.746690263915916793e-06,4.322469683154685945e-06,2.293758995778886156e-06,-2.033699606912300124e-07,-1.911435579009071325e-06,-2.027778627327243515e-06,-5.629970322133982836e-07,1.683132518003823970e-06,3.510310249220078530e-06,3.880779518262864603e-06,2.388894914862671383e-06,-5.775021717040719078e-07,-4.043538779695813505e-06,-6.903504676218858569e-06,-8.396630704027897659e-06,-8.378488112091349524e-06,-7.279631558526954507e-06,-5.804334187881056656e-06,-4.545222855925248518e-06,-3.714378844605628009e-06,-3.112132183092148489e-06,-2.320016701285980917e-06,-9.889736685480726277e-07,9.424135927258834525e-07,3.208920235920015552e-06,5.358065415565793451e-06,6.968437843965910857e-06,7.815546850652709484e-06,7.902029411281878132e-06,7.363259558605549278e-06,6.339048093620652876e-06,4.917029297212303271e-06,3.194202495158293623e-06,1.407748731512241208e-06,1.756608010622967321e-08,-3.691652304168554308e-07,7.481227548444648915e-07,3.434106200991140691e-06,7.099299467496925241e-06,1.056264306613576206e-05,1.244117583053909686e-05,1.173761840575325774e-05,8.362209020396094906e-06,3.312892517867208782e-06,-1.628785109849345408e-06,-4.603380547200395816e-06,-4.488881768463149416e-06,-1.450222838711823139e-06,3.056587118523306858e-06,6.864673785484111290e-06,8.024754433346677882e-06,5.670070813181336242e-06,4.202204589858040033e-07,-5.869687270182918971e-06,-1.090780347359516620e-05,-1.295158051659247060e-05,-1.153505614777374952e-05,-7.615607762021720016e-06,-3.091727562252511330e-06,6.646448351845433235e-08,6.637502407451607395e-07,-1.276818603252841064e-06,-4.646615260482979448e-06,-7.854958195329668868e-06,-9.586096621713808140e-06,-9.345039043705676446e-06,-7.558708982005199848e-06,-5.233436302792266678e-06,-3.385601730792434855e-06,-2.553354707112968049e-06,-2.626400159481351255e-06,-3.044724156197069631e-06,-3.218761641687298708e-06,-2.916524509665212472e-06,-2.398492001667891499e-06,-2.232809389958510213e-06,-2.905724346334385305e-06,-4.456534038138363295e-06,-6.353159117525586736e-06,-7.693401681227693851e-06,-7.639556746102319138e-06,-5.864814645713198168e-06,-2.776447050957455976e-06,6.104934540310867363e-07,3.100978992479673978e-06,3.850707852053352421e-06,2.749483041563355572e-06,4.783916206864664547e-07,-1.781700603668149320e-06,-2.850033749238241309e-06,-2.023516049240235344e-06,6.766455517881576677e-07,4.579656498593908080e-06,8.699127851049731617e-06,1.215208981509355742e-05,1.446708406757985658e-05,1.565748683713656544e-05,1.606008301583728242e-05,1.605095420750255031e-05,1.579813212609758609e-05,1.517579644896110993e-05,1.387164737027647492e-05,1.161737966157973958e-05,8.412109406245471763e-06,4.616586867351060308e-06,8.640702463789328678e-07,-2.174123419456568550e-06,-4.059094448881604598e-06,-4.763673603451115222e-06,-4.675063386570565089e-06,-4.415559240037600716e-06,-4.557932714467741648e-06,-5.359520821936022366e-06,-6.632435509218482168e-06,-7.810282225410477883e-06,-8.188745895155409568e-06,-7.242831246100328067e-06,-4.888127788233279067e-06,-1.572278175663436748e-06,1.850503212184457635e-06,4.420188072946109098e-06,5.429987297364085758e-06,4.696950090697843437e-06,2.628279567244780231e-06,4.976642824470822993e-08,-2.135889655406130715e-06,-3.315862440476558104e-06,-3.397282848316884871e-06,-2.794647384391220206e-06,-2.176826432283687235e-06,-2.090007296872203905e-06,-2.639025873087948489e-06,-3.391931068577813818e-06,-3.572747590976054865e-06,-2.467130740353582232e-06,1.492826191670942111e-07,3.780068576854166198e-06,7.317300894078467733e-06,9.476703474654724220e-06,9.379452912603250954e-06,7.009689156497495523e-06,3.310699990974028262e-06,-1.632257674110417798e-07,-1.913710935327791539e-06,-1.193267770782916631e-06,1.599723971216930153e-06,5.035733097466236593e-06,7.260309059591518373e-06,6.839021424962604533e-06,3.459473700188056107e-06,-1.846202334549636501e-06,-7.088059806212390171e-06,-1.016552994146652668e-05,-9.805231962111374090e-06,-6.162576603396852746e-06,-8.004383341515072260e-07,3.964067603041047415e-06,6.064379660202408080e-06,4.594353580831972032e-06,2.131233578040811439e-07,-5.140228453309073975e-06,-9.096365361385887755e-06,-9.889863270464769435e-06,-7.117637926656240451e-06,-1.890657529409464991e-06,3.674807934728569605e-06,7.384173560896550681e-06,7.888490632470159032e-06,5.200682972770454063e-06,5.979196753807659090e-07,-4.012829777797555906e-06,-6.954071110290346446e-06,-7.468500781794290662e-06,-5.949414075614616080e-06,-3.646879879483014755e-06,-2.027156221656395641e-06,-2.105176291245952799e-06,-4.053744842330665221e-06,-7.237214466123503855e-06,-1.060560775330850232e-05,-1.322215509301647972e-05,-1.465718362147602640e-05,-1.507389774262230099e-05,-1.500138575479783288e-05,-1.494776242265716258e-05,-1.507436223939877376e-05,-1.510250573856751386e-05,-1.449014045457522683e-05,-1.276987793900867535e-05,-9.857677289858210993e-06,-6.161778087016663519e-06,-2.429769108535302137e-06,5.906405275264018131e-07,2.505453637429111804e-06,3.463788662633038900e-06,4.086255491309860493e-06,5.164242117130647032e-06,7.272110210757740204e-06,1.047323584577129916e-05,1.425310789474131562e-05,1.770529990199432190e-05,1.988279269350357728e-05,2.016053476194840048e-05,1.846173558216494728e-05,1.527008048644461804e-05,1.144460801224993182e-05,7.928425187230880186e-06,5.467382254029006381e-06,4.428493204470849893e-06,4.752670830816412389e-06,6.023573496853476129e-06,7.606622097330823275e-06,8.813133055509383276e-06,9.060625311027490595e-06,8.013032201227166193e-06,5.683369381811713659e-06,2.471025677928406986e-06,-8.980008685618269943e-07,-3.542082749060578457e-06,-4.679869389258053349e-06,-3.897586881180637311e-06,-1.326972884124546728e-06,2.351862017939991480e-06,6.108174526918799026e-06,8.901048966469237567e-06,1.003632777335111951e-05,9.396309829090227761e-06,7.445885796917889664e-06,5.013340246362701642e-06,2.943114766900979865e-06,1.773882701860662664e-06,1.580024690225746247e-06,2.034218409505894358e-06,2.642185093449420341e-06,3.020277843174075330e-06,3.072434149777738988e-06,2.981601762864872523e-06,3.031529728808732613e-06,3.365521731590967220e-06,3.822260864634233005e-06,3.947681372577528342e-06,3.187568079162657134e-06,1.167528469809991434e-06,-2.083161641442580536e-06,-6.082816606662930243e-06,-1.005576462709223770e-05,-1.322572065012036127e-05,-1.510448237787206181e-05,-1.564068353051596355e-05,-1.516665188038958510e-05,-1.418466449520465625e-05,-1.311256183809266910e-05,-1.212176412301060497e-05,-1.114256009633460336e-05,-1.001476946523743510e-05,-8.679923278616799708e-06,-7.289256040163834403e-06,-6.152531115203721871e-06,-5.548479382572723305e-06,-5.505266792065625008e-06,-5.688747578169328514e-06,-5.487697757159988650e-06,-4.281391381979110972e-06,-1.769827411916181109e-06,1.801949476594845369e-06,5.656561819920129208e-06,8.755719598430496898e-06,1.022330101676275348e-05,9.730100296454152422e-06,7.657156918650643204e-06,4.951357340776489059e-06,2.728672652581425147e-06,1.798947760738116024e-06,2.324245131992421114e-06,3.762056305632489821e-06,5.114684683501573046e-06,5.368939043838686101e-06,3.929938008602830885e-06,8.641678877882815772e-07,-3.139877556967652243e-06,-7.057706757774607443e-06,-9.924358084178869007e-06,-1.117040585799353088e-05,-1.077403519580691871e-05,-9.196714042485659344e-06,-7.161555556456147888e-06,-5.383781082056781494e-06,-4.356802566958242166e-06,-4.249980206235587341e-06,-4.917193400331554000e-06,-5.978791336777125789e-06,-6.934897856820323601e-06,-7.285497582844941490e-06,-6.650545147926738407e-06,-4.884198323867728211e-06,-2.160317521613139005e-06,1.012246256924651340e-06,3.884425301694460089e-06,5.678119474153659423e-06,5.864029771599082465e-06,4.405759413539364608e-06,1.857003847960191729e-06,-7.590980697562003611e-07,-2.272866864622474722e-06,-1.783858567178642561e-06,9.946690117582991634e-07,5.610828455587733415e-06,1.103112000416754595e-05,1.602189226605027180e-05,1.959859394567575126e-05,2.135517985545797164e-05,2.153937392401049372e-05,2.085325891399241707e-05,2.007998220902488347e-05,1.970997045404172902e-05,1.973154224403557647e-05,1.966794025961035819e-05,1.882720477743098539e-05,1.663825488251095318e-05,1.291774120576944502e-05,7.956433261836561946e-06,2.404645257433836276e-06,-2.972985661024343864e-06,-7.554565422403066332e-06,-1.102284999074233885e-05,-1.338403434932669645e-05,-1.486720065276393559e-05,-1.577610292542436091e-05,-1.636923258185788539e-05,-1.680991694985690951e-05,-1.718006522219470185e-05,-1.751762960090034056e-05,-1.783549731464402960e-05,-1.810514296100007367e-05,-1.822268708234349682e-05,-1.799520590329363161e-05,-1.717837818523533931e-05,-1.556690682697193894e-05,-1.310442305944594692e-05,-9.960472639323779328e-06,-6.530360489859631198e-06,-3.345482402362503309e-06,-9.210442641165162675e-07,4.046995884608933428e-07,5.825141231146964339e-07,-1.212773907788559998e-07,-1.188695091447556146e-06,-1.980976341128959717e-06,-1.898186694138093585e-06,-5.290909054289476313e-07,2.239105647921734188e-06,6.172309985227180461e-06,1.071579598495755106e-05,1.509917320012637094e-05,1.850828960607533690e-05,2.028984355919982634e-05,2.013313383262639304e-05,1.816636445036961452e-05,1.492307741052707081e-05,1.117735186320135783e-05,7.699464417722445969e-06,5.022228891452072330e-06,3.310272348457696320e-06,2.383713162524704972e-06,1.879493714420107619e-06,1.469747592737740434e-06,1.029805612129732518e-06,6.748095899110484517e-07,6.524693416447308377e-07,1.156055365420921600e-06,2.165662123793609100e-06,3.411850681604597749e-06,4.488955412542998269e-06,5.060028792342319988e-06,5.038313329334269768e-06,4.635183037934802803e-06,4.233126123123944815e-06,4.140512758826438515e-06,4.359552905257837988e-06,4.506000691144230018e-06,3.948850360817650997e-06,2.122566928897404839e-06,-1.137091771268235421e-06,-5.413203594048093916e-06,-9.800176093365208619e-06,-1.325383889387071726e-05,-1.504892833139863106e-05,-1.512469143990069775e-05,-1.413737403932069250e-05,-1.317130115073495412e-05,-1.322639714095675284e-05,-1.471735332654600104e-05,-1.722695448983215731e-05,-1.964469759385957008e-05,-2.064206262325648131e-05,-1.927344386411688871e-05,-1.542631145034349286e-05,-9.909283794864330645e-06,-4.132958373935912696e-06,4.731675190617339791e-07,3.043256100042395841e-06,3.596035463887470259e-06,2.957545645721701229e-06,2.334299379089172884e-06,2.742691022370348062e-06,4.557287034554450563e-06,7.374286113333196273e-06,1.023324056116727438e-05,1.207558301712393846e-05,1.221950278002362966e-05,1.063893950626764278e-05,7.938670156128948549e-06,5.062303853184883689e-06,2.885406311144431042e-06,1.881535956824185815e-06,1.996162046697038036e-06,2.755843315998761582e-06,3.533311136071235329e-06,3.832123888879679669e-06,3.466930192779702342e-06,2.581504237251923472e-06,1.527790269872502984e-06,6.851051589517227091e-07,3.077327374944256704e-07,4.560741617178660739e-07,1.015816961787003604e-06,1.769933928520544338e-06,2.477039757936341424e-06,2.925480566872267121e-06,2.959605670367124017e-06,2.493814653123187237e-06,1.530426552967818323e-06,1.821307043618962194e-07,-1.317983553233234199e-06,-2.641731368051647746e-06,-3.437260351683590276e-06,-3.432957161196197317e-06,-2.537509856559465708e-06,-8.928683926496650236e-07,1.148631840244211444e-06,3.121611606420086269e-06,4.586651542366225959e-06,5.260414419575715127e-06,5.090371525440747182e-06,4.250874653633909814e-06,3.068553898339917277e-06,1.910336253251383555e-06,1.076875935685624112e-06,7.359400727091602371e-07,9.100679171285575357e-07,1.510397630286017037e-06,2.393002781687587072e-06,3.410316254037936565e-06,4.437972804540338975e-06,5.372297889327147493e-06,6.109318752681710269e-06,6.526283583278748318e-06,6.486805632150591003e-06,5.879766440740953331e-06,4.683211223363327221e-06,3.025140795700597382e-06,1.203185698669715680e-06,-3.672084505832974927e-07,-1.279651321507735611e-06,-1.304442806935358380e-06,-5.303893523149284961e-07,5.938132963456146284e-07,1.365880337477327898e-06,1.072988316098917468e-06,-7.064840663182369913e-07,-3.865049334902500764e-06,-7.709580119142299246e-06,-1.114225616243656336e-05,-1.303722184501199296e-05,-1.267820680107926324e-05,-1.007914224752423147e-05,-6.042669505590441675e-06,-1.912804054345965754e-06,8.933999600547820212e-07,1.392205562352021856e-06,-6.261535646039344283e-07,-4.557095134956314055e-06,-9.246956129240394871e-06,-1.343925259116172981e-05,-1.620678928578644169e-05,-1.719527265465495768e-05,-1.660334632798621395e-05,-1.495076165215830907e-05,-1.277760981816243138e-05,-1.043017795390584802e-05,-8.021887965963482697e-06,-5.551266022813988809e-06,-3.072448398449139246e-06,-7.935875523666725838e-07,9.672532208429370828e-07,1.944453244255712880e-06,2.102465133241822222e-06,1.709830911778564655e-06,1.247914758283442963e-06,1.190539107109935938e-06,1.771886961966457135e-06,2.875192563107469250e-06,4.111637903887021909e-06,5.050946785970022964e-06,5.473961222685163854e-06,5.497954569369245774e-06,5.493450755632214578e-06,5.832196917803738949e-06,6.611688699091595951e-06,7.528528404942093884e-06,7.998786496710651015e-06,7.483678260846751245e-06,5.849619489031771933e-06,3.549638096872373197e-06,1.491028750890006631e-06,6.189883359355473158e-07,1.412327899430613442e-06,3.561380154119881117e-06,6.029510689750387926e-06,7.512639388284757251e-06,7.097419468796069421e-06,4.791724187920852686e-06,1.636286966743825426e-06,-7.021601050769208016e-07,-6.973796545101468517e-07,2.264429332161784531e-06,7.488775833459826327e-06,1.317094136694656514e-05,1.712531546446070582e-05,1.772304260964641855e-05,1.460599622671819169e-05,8.845097201060823461e-06,2.473232533681474483e-06,-2.381566812123669020e-06,-4.354742651324347363e-06,-3.307401711579887910e-06,-2.117431860593145462e-07,3.433516441419102225e-06,6.331685161842545939e-06,7.891816141912347214e-06,8.287059691443477894e-06,8.100650028808812063e-06,7.812551796053930175e-06,7.449020431575050095e-06,6.602657033531941563e-06,4.799938017464695549e-06,1.978006513398399159e-06,-1.244662577825683277e-06,-3.711916926905825690e-06,-4.260766939525282787e-06,-2.378139282736899740e-06,1.378185356354890734e-06,5.460110965046038253e-06,7.927370116944003949e-06,7.304828457114742603e-06,3.287490711175985650e-06,-3.063330220873347613e-06,-9.747904606128057262e-06,-1.468795136388964345e-05,-1.661055325070484351e-05,-1.553603957305258325e-05,-1.264886064693990492e-05,-9.639047065297155575e-06,-7.861423505884058296e-06,-7.737882804488828585e-06,-8.687326267862866873e-06,-9.585024804229434444e-06,-9.477916974522076677e-06,-8.158364316865333350e-06,-6.288171431752748454e-06,-5.015889381333213479e-06,-5.307204797490105248e-06,-7.362442977182556308e-06,-1.044581142000714084e-05,-1.322650440598231778e-05,-1.445411886315611977e-05,-1.360946233627225466e-05,-1.118362245458521452e-05,-8.435877941777631634e-06,-6.757853521223926269e-06,-6.978684407734439893e-06,-8.973401874539915898e-06,-1.177097760752496076e-05,-1.408995078700461218e-05,-1.500342141579160107e-05,-1.437283382692235995e-05,-1.282375152405029582e-05,-1.129281598805751828e-05,-1.041319902020445081e-05,-1.009568553500948370e-05,-9.554065655186345728e-06,-7.774710760435077982e-06,-4.176241760473793601e-06,9.141173779038236443e-07,6.256845902707032619e-06,1.021147860370048012e-05,1.152502530666314112e-05,9.996054578974503864e-06,6.657639711033942471e-06,3.357339869945842855e-06,1.919029496941764712e-06,3.291121515584246840e-06,7.102849758477654870e-06,1.185280361245974176e-05,1.564058155818061964e-05,1.708210659043818357e-05,1.595899825066175403e-05,1.328749792945883251e-05,1.078317778311031919e-05,9.996259007064143651e-06,1.154909840566055878e-05,1.484669883578205175e-05,1.838841870193023102e-05,2.051037649418878652e-05,2.018372187193487769e-05,1.748197691644019306e-05,1.350899769173170682e-05,9.850553368619499153e-06,7.837850317722193884e-06,7.981683460488723497e-06,9.826378182775157442e-06,1.225036551790445481e-05,1.402452695307403574e-05,1.433767739650396144e-05,1.305150850096674096e-05,1.061276130699763147e-05,7.731251113237467382e-06,5.032115236930294871e-06,2.864993517602495574e-06,1.329902414457518532e-06,4.392906218361089628e-07,2.618273600283108204e-07,9.253784187967999997e-07,2.468878083220402205e-06,4.651979053855393827e-06,6.880460381572358568e-06,8.349750753435236503e-06,8.377471805656181968e-06,6.765361457247441091e-06,3.982063151410229292e-06,1.028568470909621231e-06,-9.920752400658540240e-07,-1.413100264243297270e-06,-3.829276417473832475e-07,1.125634514702685951e-06,1.713196321717478050e-06,1.917191577956327495e-07,-3.834528594480990677e-06,-9.727965716041700716e-06,-1.604343368373173048e-05,-2.112465521662044795e-05,-2.379657482838041171e-05,-2.383317177482524666e-05,-2.199029178994392329e-05,-1.960278273377182712e-05,-1.795006374903513322e-05,-1.769426328158989941e-05,-1.864519284865595429e-05,-1.993748446966154417e-05,-2.050556408083594270e-05,-1.961078637169152546e-05,-1.717141771177528334e-05,-1.376232900170503634e-05,-1.032027610248464348e-05,-7.724506958583173235e-06,-6.458611771227482464e-06,-6.491050142514028057e-06,-7.386046827669095702e-06,-8.545450187931862029e-06,-9.441437742598689497e-06,-9.740513790985795160e-06,-9.305411626287595126e-06,-8.135700700695075539e-06,-6.326125564428210166e-06,-4.079078410809866701e-06,-1.739269302041988103e-06,2.237194839653448664e-07,1.341046245950008746e-06,1.361144066379564096e-06,4.562152590604164769e-07,-7.186098836607654785e-07,-1.204531921029405312e-06,-1.312828620190562303e-07,2.832339360342491443e-06,7.191751303231130273e-06,1.168274582868318859e-05,1.470294355701375222e-05,1.496588337559393832e-05,1.209487148137486567e-05,6.871770516141122666e-06,9.952622953650527177e-07,-3.574988769957610022e-06,-5.412148814131816610e-06,-4.200068464174790948e-06,-8.291196649101375381e-07,3.038867618552297975e-06,5.740078255313969599e-06,6.359862899488960008e-06,5.121695107034551912e-06,3.240763003446395367e-06,2.320126669160283301e-06,3.578887004994083821e-06,7.273716343227741763e-06,1.257567622498210493e-05,1.794444938149156198e-05,2.180937048328216246e-05,2.323167474881733443e-05,2.224572757569041493e-05,1.974141190222703424e-05,1.697135098310834780e-05,1.493750465241614651e-05,1.395321888577134492e-05,1.357591127275089400e-05,1.291782527272510890e-05,1.116179769264652088e-05,8.021182518976369656e-06,3.924244856578034479e-06,-1.538420303274658607e-07,-3.117732411901261443e-06,-4.227736005280739162e-06,-3.404544155396311419e-06,-1.235065125124533172e-06,1.303732699690915072e-06,3.260297128922702744e-06,4.070269659822276680e-06,3.713187298516680527e-06,2.618811790467308094e-06,1.393681751647948516e-06,5.105533828980157695e-07,1.037262934943143884e-07,-5.031534321068061011e-08,-3.791053673661889001e-07,-1.274895994587600878e-06,-2.885627128061056355e-06,-5.026572685162781300e-06,-7.242395420566566161e-06,-8.984003357468372037e-06,-9.822254561862815486e-06,-9.614465435689179142e-06,-8.565892214851296421e-06,-7.171081860854764339e-06,-6.060884272925669347e-06,-5.807062536838394378e-06,-6.743583884439505589e-06,-8.854612773757712009e-06,-1.175971254163557192e-05,-1.480210782423447367e-05,-1.722004076919978486e-05,-1.835813012581384064e-05,-1.786038585021570906e-05,-1.578525748392855258e-05,-1.260015990498736799e-05,-9.047248167115734652e-06,-5.915155586644267830e-06,-3.788188680919994689e-06,-2.859449084287937268e-06,-2.878118290270776618e-06,-3.256038104620235200e-06,-3.299716127786694227e-06,-2.483663705727662275e-06,-6.608611508414034528e-07,1.873325088143914156e-06,4.492062747597696322e-06,6.481734173898916577e-06,7.323991224522327127e-06,6.901183419535668911e-06,5.540103526107398686e-06,3.874076477226949777e-06,2.578492139863534770e-06,2.088619267851694923e-06,2.417660036912005916e-06,3.152586726128789689e-06,3.631495795552359475e-06,3.229883509269912539e-06,1.636945570474604711e-06,-9.931844273516842898e-07,-4.077830013034484062e-06,-6.813753951844017744e-06,-8.469949216311708779e-06,-8.645948812205084594e-06,-7.395200626424633168e-06,-5.173399130148590236e-06,-2.645516310862054226e-06,-4.396435710094076457e-07,1.051978131269224787e-06,1.756304162886153886e-06,1.876415038380854458e-06,1.765378464304098258e-06,1.786002639141519587e-06,2.213879629607859430e-06,3.203561730412344112e-06,4.798061518509315213e-06,6.943111685312048205e-06,9.479038842275812858e-06,1.211528302284167409e-05,1.442309127647655613e-05,1.588852668548973045e-05,1.604222727936196330e-05,1.463571674293344499e-05,1.179253220234926968e-05,8.052570922485760655e-06,4.261545067180575446e-06,1.322894732215095780e-06,-1.033515612658272817e-07,1.642087174508074159e-07,1.759587056238485630e-06,3.901518324085109679e-06,5.676573004861437490e-06,6.360190933478652959e-06,5.649990195094049685e-06,3.728516451935672009e-06,1.148654449418530359e-06,-1.393006667233980554e-06,-3.294407340879004321e-06,-4.211237975042946921e-06,-4.107737156710124651e-06,-3.212129889894717963e-06,-1.924674073500882180e-06,-7.221434098266261877e-07,-7.447626579107347051e-08,-3.624339599552465529e-07,-1.781715463026170250e-06,-4.243310876213856078e-06,-7.314348985974562788e-06,-1.025931281338500016e-05,-1.221687806186049803e-05,-1.248521680784594959e-05,-1.081759074483745033e-05,-7.592649245963323548e-06,-3.751373789567157473e-06,-4.845899417934433147e-07,1.226032735747911295e-06,1.023392879910745834e-06,-6.481334975041567107e-07,-2.708075761934647933e-06,-3.899260139898268718e-06,-3.350041128721132738e-06,-9.863870588309859632e-07,2.403303779474100200e-06,5.494193090195641719e-06,7.003876209729257641e-06,6.263937936071540234e-06,3.522123452480343138e-06,-1.645372674351489643e-07,-3.395633593867065207e-06,-5.036035225744696887e-06,-4.688034088817481488e-06,-2.817319080992742390e-06,-4.899236823153765165e-07,1.140974073457166588e-06,1.350426025548525709e-06,1.244207286595630548e-07,-1.901433522395695430e-06,-3.790062336873905169e-06,-4.751240911550809640e-06,-4.473134358446797081e-06,-3.196508562512398763e-06,-1.528114099639868206e-06,-1.146982112758584975e-07,6.488729295871112492e-07,7.434906982290597185e-07,4.492551912597005793e-07,1.406954263968937917e-07,7.932317563031661749e-08,3.095892335116476364e-07,6.916824308291038909e-07,1.025271317244309694e-06,1.177102245233350076e-06,1.140502483400613903e-06,1.009763312232707010e-06,9.085873843290938448e-07,9.336773982090589723e-07,1.151187489090244502e-06,1.634543667800210539e-06,2.493315437691187256e-06,3.843495645941390622e-06,5.712124206585829000e-06,7.926612291313401618e-06,1.007113671327995423e-05,1.157147489014113883e-05,1.190028342738750098e-05,1.081461809761224015e-05,8.496691442864571169e-06,5.500224625673924979e-06,2.500982181626587027e-06,-3.672343094616329966e-08,-2.100306850517875626e-06,-4.126155565403267353e-06,-6.721339681130400484e-06,-1.022947103385121423e-05,-1.436621392488637667e-05,-1.814479805114465642e-05,-2.018542449522151301e-05,-1.930947419193758207e-05,-1.515594609506350634e-05,-8.512715346149924212e-06,-1.163325340769974719e-06,4.731460776177428362e-06,7.471600662417853034e-06,6.507793807998729622e-06,2.665496542760508626e-06,-2.211173575185683669e-06,-6.044832404484984321e-06,-7.389432597851238795e-06,-5.987477522011503814e-06,-2.778510570409221700e-06,6.248006083680281046e-07,2.730586006014892969e-06,2.852344355508013362e-06,1.370477912329236806e-06,-5.305183665147029226e-07,-1.497611003576526689e-06,-6.953450303114343345e-07,1.788900433167958501e-06,5.001982712737507880e-06,7.596015896481280576e-06,8.469871568451331544e-06,7.269633017025954412e-06,4.521275882785797324e-06,1.356633949304036835e-06,-1.012471011772692916e-06,-1.810911397423310691e-06,-9.729490556928581280e-07,9.282419772870078802e-07,3.022947157217219651e-06,4.568081156909522145e-06,5.244252714894745589e-06,5.205498048333672621e-06,4.895254957008411394e-06,4.754433034856824580e-06,4.983928009507685401e-06,5.474762127622021208e-06,5.918531432456502318e-06,6.015754015634112387e-06,5.658056434180214966e-06,4.987510676610569593e-06,4.311318619082358293e-06,3.928688503496371133e-06,3.968066822910936814e-06,4.319393409074874125e-06,4.690368825976565366e-06,4.750782087806303614e-06,4.288677113355636526e-06,3.303900507044938563e-06,2.002288180017341921e-06,7.040512376482723204e-07,-2.834881941377943862e-07,-7.711708772172294818e-07,-7.336212185236632422e-07,-2.901338707103942252e-07,3.570611445171984398e-07,9.944551864755397878e-07,1.452317045305016086e-06,1.631354522459107473e-06,1.502663875763960361e-06,1.089491798610548768e-06,4.402872732708798013e-07,-3.983975914258714539e-07,-1.400626900979074737e-06,-2.563068080762221137e-06,-3.885714731933130551e-06,-5.336201248660306353e-06,-6.814528221616728422e-06,-8.142027335764463207e-06,-9.092961381701903596e-06,-9.467854480338185169e-06,-9.182284566001274226e-06,-8.327789351374115113e-06,-7.165696645888256626e-06,-6.042837918945123270e-06,-5.258751132752286939e-06,-4.945652344332121471e-06,-5.024961619509235323e-06,-5.271006860058287639e-06,-5.457020541657324978e-06,-5.509072928965866122e-06,-5.579263542162140089e-06,-5.983447977894219499e-06,-7.018495404600572265e-06,-8.745212615125119742e-06,-1.085610849132957852e-05,-1.271884243283772984e-05,-1.360422145898448420e-05,-1.300983120608754621e-05,-1.092735090927884863e-05,-7.910595911791512696e-06,-4.885258984572717011e-06,-2.764159894560123125e-06,-2.034293564317770867e-06,-2.510569939525628894e-06,-3.386004714665448789e-06,-3.575268089429254766e-06,-2.209201415331092587e-06,9.403499227483240235e-07,5.302939295167971299e-06,9.699956296499122796e-06,1.280672373952967211e-05,1.368591107758371239e-05,1.215962665367443350e-05,8.861867430432899512e-06,4.958233576495902272e-06,1.667255043756602419e-06,-2.009218485484649592e-07,-4.925729622352636334e-07,3.433229113615878877e-07,1.558156641564343234e-06,2.496449066120609700e-06,2.892406108731917531e-06,2.945446593119924755e-06,3.162973092571697952e-06,4.066683901687089733e-06,5.911761055875223640e-06,8.546900328568404623e-06,1.146513256769122442e-05,1.400357842260039128e-05,1.558934885207385507e-05,1.592329453768989188e-05,1.503792891065862370e-05,1.323172748920948053e-05,1.093411585694153724e-05,8.571133480334180212e-06,6.480551005729358350e-06,4.885868267904838997e-06,3.906185853588732161e-06,3.570090579753977640e-06,3.816472690005840761e-06,4.489234491104005492e-06,5.347759866117706836e-06,6.110194277138604931e-06,6.525439419424166335e-06,6.446907017110039316e-06,5.872640475248985201e-06,4.929627947263512839e-06,3.808491586768651709e-06,2.681719114140996439e-06,1.647634767989185323e-06,7.270226677650580988e-07,-9.212884090597880973e-08,-7.955748132396573434e-07,-1.312523955229620153e-06,-1.539803758713181979e-06,-1.411331538519304882e-06,-9.717558547918882531e-07,-4.039983752078184741e-07,1.809686934186686283e-08,3.863755472934986396e-08,-4.630243519556772910e-07,-1.413098581126125650e-06,-2.584896550557557741e-06,-3.731870995999845878e-06,-4.749159826883882217e-06,-5.774821047343477760e-06,-7.161600918396954698e-06,-9.309913820407387435e-06,-1.242556608397729305e-05,-1.631512300455939738e-05,-2.033001985359959268e-05,-2.351339552711508851e-05,-2.491413041197224255e-05,-2.395100974091693357e-05,-2.067530286159250226e-05,-1.581133357023755139e-05,-1.054115082613439120e-05,-6.105018008599387715e-06,-3.368484355307826298e-06,-2.524653776526199926e-06,-3.048694610153861270e-06,-3.922203809378262106e-06,-4.039261361140895818e-06,-2.637082339554221824e-06,4.112866556744378228e-07,4.547060065092418420e-06,8.728140169673736617e-06,1.179952011515718610e-05,1.289054276466139486e-05,1.169699168491160046e-05,8.556885582072613357e-06,4.308481051356098050e-06,-4.035095969143642133e-09,-3.464577030113303936e-06,-5.542764122290554092e-06,-6.195855408764598291e-06,-5.796473425817675586e-06,-4.929112924973845462e-06,-4.139900902777251881e-06,-3.733177460214572159e-06,-3.684544506894111380e-06,-3.693300989089657543e-06,-3.344841542287251174e-06,-2.314057982393965448e-06,-5.277114234099154328e-07,1.778522293873334458e-06,4.130751691981040865e-06,5.987366138695589635e-06,6.941791254356111293e-06,6.876812372275029423e-06,6.008769306600746480e-06,4.803984607325101241e-06,3.801309573329031883e-06,3.412426921510883971e-06,3.779571178267747585e-06,4.745020905795695354e-06,5.938830906801152441e-06,6.941550840979532756e-06,7.448824157992376188e-06,7.367695750862099790e-06,6.808351824167149724e-06,5.984021450767408777e-06,5.073257320339475096e-06,4.113866117495169876e-06,2.979994641482396902e-06,1.452372473246235071e-06,-6.534241755209539439e-07,-3.363128425727265159e-06,-6.483741279589812536e-06,-9.635545824209508205e-06,-1.236099056527236882e-05,-1.426081317168445718e-05,-1.509862237352849044e-05,-1.483461310006436847e-05,-1.358613177837738463e-05,-1.154790569977885657e-05,-8.919981329220595830e-06,-5.879692489308420762e-06,-2.602651921204828722e-06,6.952787423072185378e-07,3.738892166458733205e-06,6.230055981810666603e-06,7.939052861147416699e-06,8.812613024682822840e-06,9.039769682058743607e-06,9.026747750519421043e-06,9.271071719196716265e-06,1.017538894884112844e-05,1.187794097079429285e-05,1.417888976057238507e-05,1.660527537005811015e-05,1.859685683909238039e-05,1.973812325471593240e-05,1.993602917573982723e-05,1.946251467898584608e-05,1.883845017246612923e-05,1.860562905363670073e-05,1.908353630184139656e-05,2.021442853559744603e-05,2.156066988735012003e-05,2.245114595535988822e-05,2.221061640597666171e-05,2.037605292972379840e-05,1.681945488383749916e-05,1.174692847204913985e-05,5.601819287280885937e-06,-1.064149268014541969e-06,-7.689988501659267517e-06,-1.374870489440177265e-05,-1.875433982806462460e-05,-2.227964698854174606e-05,-2.402238427592456567e-05,-2.391716794581333838e-05,-2.224095598944870265e-05,-1.963521363463143656e-05,-1.698773381128869587e-05,-1.517887491248615467e-05,-1.477240776332132672e-05,-1.577983864938773103e-05,-1.761750375484239984e-05,-1.930365568616173238e-05,-1.983659985897465801e-05,-1.860426206688009873e-05,-1.564735958304738040e-05,-1.165250703657377285e-05,-7.668449515381355695e-06,-4.665832313513241910e-06,-3.137489735122503156e-06,-2.922485334808771967e-06,-3.335685211081701329e-06,-3.541250683506820700e-06,-2.991239219995242870e-06,-1.717173978833046204e-06,-3.312604282320187690e-07,2.665157592310292968e-07,-6.641748859465517842e-07,-3.318572208595898543e-06,-7.211783210429384724e-06,-1.136185997600345768e-05,-1.470409181950179548e-05,-1.653702958013237808e-05,-1.678618375629855651e-05,-1.596246906284119166e-05,-1.484441783710807540e-05,-1.405038621462423231e-05,-1.372070194479418322e-05,-1.347253542683057398e-05,-1.265021123209707475e-05,-1.074059047884462452e-05,-7.734200822100044135e-06,-4.233889164674571429e-06,-1.235377130714107332e-06,3.310878278221069258e-07,8.291289313546140495e-08,-1.547703985102917016e-06,-3.408262002563105026e-06,-4.062480783714787308e-06,-2.387468329485523736e-06,1.930608964819079697e-06,8.225615377893121544e-06,1.508751821031945483e-05,2.090914788744475161e-05,2.451234571295871651e-05,2.559034699505828087e-05,2.478622025294562520e-05,2.338512040164191432e-05,2.275970654484622995e-05,2.380385474803265293e-05,2.658267986645311695e-05,3.032628945451131116e-05,3.374909716459856306e-05,3.554945171391972908e-05,3.488598081010579682e-05,3.165436730085901092e-05,2.648141299648864438e-05,2.046797093447049056e-05,1.480116813805130912e-05,1.038829786365749885e-05,7.635468910361937261e-06,6.423654838125033794e-06,6.256076192012787813e-06,6.494717546496362747e-06,6.587491334148740828e-06,6.210457541618436662e-06,5.296226140910884579e-06,3.968286802070460396e-06,2.432306535900515961e-06,8.797932280311931814e-07,-5.605589976208480447e-07,-1.820659416591232542e-06,-2.864499349210077222e-06,-3.667952150301214799e-06,-4.229775890189441600e-06,-4.610148692774926030e-06,-4.966970937655273977e-06,-5.550733933093062048e-06,-6.634502857955010435e-06,-8.391563694640517059e-06,-1.077179969107030689e-05,-1.344618727991122219e-05,-1.587129887747699140e-05,-1.747406550255882376e-05,-1.789272850426713881e-05,-1.716583471055142687e-05,-1.576553640726228599e-05,-1.443138285425021297e-05,-1.385445315659721920e-05,-1.434542819652167416e-05,-1.564853627852590652e-05,-1.701300549794945821e-05,-1.751940075319608983e-05,-1.653013173021452130e-05,-1.405533769573289015e-05,-1.084315593552334495e-05,-8.118937930829712442e-06,-7.063320854277149434e-06,-8.255948622620834068e-06,-1.134881251468818796e-05,-1.514350260242842996e-05,-1.806468491109865650e-05,-1.883137976622538054e-05,-1.702182670018066799e-05,-1.326404988854081370e-05,-8.952234911047758821e-06,-5.612138948950416980e-06,-4.209527741247291097e-06,-4.728309668115476881e-06,-6.219491137566224429e-06,-7.296229880812396594e-06,-6.833446798984270298e-06,-4.529923490577666208e-06,-1.057835174978462568e-06,2.272299240535134275e-06,4.164065020865429051e-06,3.981234483444840461e-06,2.067926177815559444e-06,-4.138469235960298461e-07,-2.046030507534430142e-06,-1.835756367379205082e-06,3.198902506816817875e-07,3.609762445933089986e-06,6.728219018313418678e-06,8.522801737967824722e-06,8.547509626677302671e-06,7.254697260391718842e-06,5.744688052209916463e-06,5.212000035008105734e-06,6.369715714475033244e-06,9.130640976908180117e-06,1.268313335578989860e-05,1.589794818019596673e-05,1.784471298984534652e-05,1.815998151411708648e-05,1.710462271395134782e-05,1.531915039918013000e-05,1.343837683766772845e-05,1.178312003542778365e-05,1.028354829236844339e-05,8.647848185667038668e-06,6.652333980792865875e-06,4.369776008902867105e-06,2.199961126675609065e-06,6.885642414766774772e-07,2.452639512041388572e-07,9.286602216618466764e-07,2.423530110299393456e-06,4.221522624988406195e-06,5.896567484159492709e-06,7.310457462005797723e-06,8.624752790331312752e-06,1.010963747693375276e-05,1.186346213321652255e-05,1.361736297385144906e-05,1.476056607565811034e-05,1.460212264015458128e-05,1.274825366947444936e-05,9.396785058969710612e-06,5.376748803142203087e-06,1.882084609012993610e-06,2.568123427453597479e-09,2.627667669326278347e-07,2.384402570520401156e-06,5.385461867610925260e-06,7.971903300349879209e-06,9.043672070775634874e-06,8.091325696916381200e-06,5.321800577100485527e-06,1.486044477102512294e-06,-2.482303139951224767e-06,-5.835793531122453466e-06,-8.229801080528977226e-06,-9.722309806797914633e-06,-1.060533902400531854e-05,-1.118793342204378861e-05,-1.164894174764943488e-05,-1.201393374568179819e-05,-1.222833205599363170e-05,-1.224763476105940374e-05,-1.207210296423181022e-05,-1.170742154161159085e-05,-1.109591245332775696e-05,-1.009208528244008537e-05,-8.531053959290525423e-06,-6.372953311456369018e-06,-3.841948375557198016e-06,-1.458012931618767582e-06,9.750030478069843270e-08,2.533937041835657087e-07,-1.158216638849538244e-06,-3.736813495804153056e-06,-6.582881447323067938e-06,-8.603061152106006551e-06,-8.935653288011327175e-06,-7.312606572747037953e-06,-4.191546915117022315e-06,-5.898982046655866362e-07,2.313180121952056913e-06,3.636609466726761336e-06,3.122916568471064409e-06,1.197975556891904581e-06,-1.244622758453143869e-06,-3.224286970160474358e-06,-4.046818508655678633e-06,-3.518625855353674320e-06,-1.936729869980297759e-06,1.043114594177432667e-07,1.974031299461569643e-06,3.212072313150287747e-06,3.604899461406882067e-06,3.136915257868529116e-06,1.881215313062542423e-06,-8.849671911724189469e-08,-2.714285387537123110e-06,-5.902793068569553739e-06,-9.455304783077807609e-06,-1.303807528248178436e-05,-1.622505436645811411e-05,-1.860004261079705715e-05,-1.986975166547454535e-05,-1.993343213732070914e-05,-1.888024964276306780e-05,-1.692573247302793849e-05,-1.432920343098125285e-05,-1.133798107481966221e-05,-8.180775560207262137e-06,-5.097701580477350216e-06,-2.369456063690565953e-06,-3.082867924549718622e-07,8.022345726415755429e-07,7.981327387465768447e-07,-2.861652111500706467e-07,-2.191904318392672960e-06,-4.478906681871687112e-06,-6.620594518887752783e-06,-8.112847704020385435e-06,-8.559333529320917403e-06,-7.716519092753982092e-06,-5.506897999141799879e-06,-2.021808123974916490e-06,2.472684340582671427e-06,7.535562768758826267e-06,1.258399526806583597e-05,1.698581964615130250e-05,2.020979234289611384e-05,2.199100958890235825e-05,2.243921722516399695e-05,2.202242887657559741e-05,2.140388139885947145e-05,2.117987882465956139e-05,2.162516191101057655e-05,2.256654159094508564e-05,2.345946119451562206e-05,2.365120736215958275e-05,2.272004818113988360e-05,2.072995297289545170e-05,1.826613376967865752e-05,1.621217837191594836e-05,1.535349363948074959e-05,1.598458012017015803e-05,1.771064102369421014e-05,1.955481878320451908e-05,2.034354641941024945e-05,1.920816008860479362e-05,1.597656572151451927e-05,1.126912165613242515e-05,6.243465261499208718e-06,2.095008278300114379e-06,-4.628732228502643809e-07,-1.499571521340892577e-06,-1.806347124517900106e-06,-2.497344742493808022e-06,-4.454689009296650565e-06,-7.876189036625339554e-06,-1.214098613455147455e-05,-1.606396008815802831e-05,-1.842968426517640045e-05,-1.856422020693207240e-05,-1.667980798472524243e-05,-1.382539766330792814e-05,-1.145151306821396978e-05,-1.077234435026895278e-05,-1.220299609987184956e-05,-1.512294997893734562e-05,-1.807972469041415451e-05,-1.935931148578107908e-05,-1.769316425324682888e-05,-1.281178857642398652e-05,-5.616231356801539166e-06,2.106348656405432274e-06,8.313717785930890215e-06,1.144035538187252569e-05,1.094755515943277675e-05,7.484263623215242438e-06,2.604548203610463691e-06,-1.842274922297664536e-06,-4.411602014840172123e-06,-4.588189344743277190e-06,-2.942408851039591600e-06,-8.677038277499749159e-07,-6.979888239133945614e-09,-1.590484396479445633e-06,-5.937648321855225415e-06,-1.231042191963270090e-05,-1.917058821173142947e-05,-2.473894898302821289e-05,-2.763847760775991935e-05,-2.737134460017459381e-05,-2.444520247981692046e-05,-2.010381194786063793e-05,-1.577722234848799482e-05,-1.248283689050484512e-05,-1.043123405805967925e-05,-9.006461387960852031e-06,-7.131039306800751979e-06,-3.856596166263155686e-06,1.084636711671289529e-06,7.024686283634398199e-06,1.253535857216283821e-05,1.597986184086702774e-05,1.621293748006814362e-05,1.312351282526352809e-05,7.769813464889982867e-06,2.027397347221262867e-06,-2.117129340358568681e-06,-3.334483211575344362e-06,-1.457753711320552792e-06,2.490508863731695631e-06,6.756953947594082415e-06,9.599221426436210046e-06,9.989189318861230500e-06,7.981423561045725972e-06,4.606911412095064404e-06,1.365711443761381834e-06,-4.358629607910667049e-07,-2.045561860933246692e-07,1.778275168713284864e-06,4.590216062958020244e-06,7.152005105506305131e-06,8.716650326604151678e-06,9.139330828999950684e-06,8.829456348285931602e-06,8.447397723954724825e-06,8.524115832109361364e-06,9.199234106181820492e-06,1.019198773251978766e-05,1.098952081806765115e-05,1.112880005041634045e-05,1.041571149712347851e-05,8.977606100014038645e-06,7.147437505737762684e-06,5.268869568002691240e-06,3.543005927152269639e-06,1.996526760513229913e-06,5.676869059532106639e-07,-7.666802552091432928e-07,-1.919433491813281477e-06,-2.728825177431793030e-06,-3.075735777982836170e-06,-2.995233906699265610e-06,-2.691530225301766324e-06,-2.424813510232151977e-06,-2.326495953792929265e-06,-2.260785942445577507e-06,-1.842138440931777332e-06,-6.365406375921202765e-07,1.538580041646156854e-06,4.380154452686995766e-06,7.087760021566633553e-06,8.629747814111949543e-06,8.193995585440700440e-06,5.613310643614824654e-06,1.539672062811324087e-06,-2.753831509213557816e-06,-5.884386141695026489e-06,-6.959534617157457207e-06,-5.979230002377988936e-06,-3.834470353769743534e-06,-1.888148670848316119e-06,-1.330982446652237078e-06,-2.622328340561172632e-06,-5.288704844298226820e-06,-8.176526410164079879e-06,-1.002775567982480744e-05,-1.008493988703026888e-05,-8.420608531698441378e-06,-5.832787062198727644e-06,-3.377530463037398968e-06,-1.800182496494122353e-06,-1.177425408613309658e-06,-9.636153339327791580e-07,-4.093723074593859597e-07,8.909659167830682470e-07,2.647222959982850230e-06,3.942430910315276083e-06,3.718842833567153488e-06,1.436046812552657526e-06,-2.463139596146579299e-06,-6.569567184643781601e-06,-9.059853647941147156e-06,-8.551739671034962366e-06,-4.848707946559547926e-06,8.182481819263968944e-07,6.218221992413480163e-06,9.060132331174011429e-06,8.025399678523240370e-06,3.408078759821589937e-06,-2.954303811024919483e-06,-8.449232201656529896e-06,-1.081871108344019957e-05,-9.140242355626722827e-06,-4.217907777486869917e-06,1.784196700891862056e-06,6.287516217218710900e-06,7.390449677437692522e-06,4.625967465422029381e-06,-9.201900504959166206e-07,-7.134603028805686544e-06,-1.176728514322897585e-05,-1.327998095582722462e-05,-1.130893010753595194e-05,-6.612660810875011453e-06,-6.189946912462709474e-07,5.160381214684308183e-06,9.577269309418468294e-06,1.201459273523213841e-05,1.230672003261809019e-05,1.056482246860143302e-05,7.066930899656104532e-06,2.278001187990839032e-06,-3.061881102094029253e-06,-7.919114526309884976e-06,-1.113133897453459783e-05,-1.175608073142966981e-05,-9.470588036494512042e-06,-4.818266348583450269e-06,8.631037078616464294e-07,5.856544621286124062e-06,8.679140212919355388e-06,8.636476669894804111e-06,6.070960085737801198e-06,2.188227575893044034e-06,-1.462892454567791543e-06,-3.623968260053798880e-06,-3.794429360544311238e-06,-2.338493047396902288e-06,-2.103379389633599795e-07,1.548481301242899311e-06,2.291915071204340517e-06,2.013627103381337448e-06,1.262933246680302892e-06,8.044343217309842075e-07,1.207410311079377046e-06,2.566915807643268368e-06,4.477025789407446491e-06,6.245770823419234005e-06,7.228434675415072197e-06,7.113176843295310303e-06,6.033135502706924512e-06,4.473557914313172904e-06,3.039671600219831507e-06,2.204734215669291937e-06,2.148935226393934236e-06,2.742261310950971546e-06,3.652922992208568916e-06,4.512967517722249367e-06,5.062844283751274029e-06,5.222638641625406425e-06,5.079148277280906512e-06,4.812484022276912795e-06,4.600793864916949416e-06,4.538010330455229806e-06,4.586877918132344472e-06,4.577437794023126630e-06,4.252673379632344881e-06,3.354851915112340722e-06,1.734139527726040611e-06,-5.534102313969825523e-07,-3.200162926194795830e-06,-5.687810139030037935e-06,-7.421342972847603869e-06,-7.921945623210775175e-06,-7.009790633865256442e-06,-4.898944324347406402e-06,-2.154027125987184368e-06,4.861516021743673273e-07,2.353555718005371768e-06,3.066562253020386149e-06,2.629145250050759702e-06,1.378321003576695032e-06,-1.871318851878249941e-07,-1.612726986852795195e-06,-2.636731515325229487e-06,-3.225644848625580558e-06,-3.502602728903263951e-06,-3.626772515328598896e-06,-3.697506542816800200e-06,-3.730237966359790118e-06,-3.700144423507154037e-06,-3.606195611827895243e-06,-3.498720018076195739e-06,-3.443342813209222969e-06,-3.443787575982042263e-06,-3.383056664978384658e-06,-3.040819733642613482e-06,-2.201508701221243865e-06,-8.063323965999300413e-07,9.390821730503268431e-07,2.581780374125209000e-06,3.583749767882247807e-06,3.566916221516495674e-06,2.519028151426178369e-06,8.410598741090728642e-07,-8.120900600370713173e-07,-1.838009928239667584e-06,-1.992737440953050840e-06,-1.532110333355612188e-06,-1.096142032586909744e-06,-1.374086372407741768e-06,-2.710964054855129959e-06,-4.864918989979353848e-06,-7.065308061035675600e-06,-8.375385141123698667e-06,-8.200386219810745593e-06,-6.686333478892993314e-06,-4.783162178881979856e-06,-3.894217365699703547e-06,-5.236931443902811361e-06,-9.198102762682851423e-06,-1.499855370457823005e-05,-2.086118178576830520e-05,-2.465253692417208531e-05,-2.474339584724423178e-05,-2.071613770276147873e-05,-1.359694509664588327e-05,-5.491888808927489161e-06,1.231287696119562528e-06,4.869656347968602803e-06,5.023131705615045392e-06,2.674675069444555580e-06,-3.090239203970425408e-07,-2.023329631475141211e-06,-1.338645152521911926e-06,1.671909970243561562e-06,5.858874683227529666e-06,9.592276002220116360e-06,1.153635131364962185e-05,1.124582502835782623e-05,9.323935169602846679e-06,7.093322363947198234e-06,5.954359933642346944e-06,6.739069101010072943e-06,9.355536117357309922e-06,1.287062505891116024e-05,1.597142595811665891e-05,1.757606281682604004e-05,1.730800129722818143e-05,1.562489437018075748e-05,1.356119773114822843e-05,1.222158522089253744e-05,1.226792132327102116e-05,1.363203529379715044e-05,1.557131322444941282e-05,1.702291697207301789e-05,1.708144831785904418e-05,1.538169071769749917e-05,1.222633133541859437e-05,8.424517313581910782e-06,4.938215860228585328e-06,2.509224853943508194e-06,1.429940728876831142e-06,1.537379307505958925e-06,2.397891392586622469e-06,3.564854562137614988e-06,4.771658879928592059e-06,5.971676254862567934e-06,7.225870051417392026e-06,8.520213902908933267e-06,9.628777526875362849e-06,1.010989554530497062e-05,9.449627035641088789e-06,7.287568993007146392e-06,3.615062445298620144e-06,-1.153642136654611856e-06,-6.277509929203110403e-06,-1.091503948684981119e-05,-1.438609666348460922e-05,-1.636315878700238185e-05,-1.692313887421990415e-05,-1.645590925126555845e-05,-1.548556349281561537e-05,-1.448792152064280563e-05,-1.377377208065018132e-05,-1.346410038591805538e-05,-1.353638883226260376e-05,-1.389415052175090940e-05,-1.441567789003680183e-05,-1.496527747898557062e-05,-1.538170266622930005e-05,-1.547465696971786245e-05,-1.505266945499632022e-05,-1.398097315512760443e-05,-1.224309214204658450e-05,-9.971082391633449664e-06,-7.422756232753882139e-06,-4.911816061220888250e-06,-2.721794373675758812e-06,-1.041744860517091390e-06,5.347541595844361830e-08,5.830896478322678978e-07,6.275253428729245731e-07,3.120952331919700793e-07,-1.833649344521566692e-07,-6.086919676892376655e-07,-6.589798947955984346e-07,-4.975921914815031360e-08,1.356148932897599406e-06,3.422335301362994149e-06,5.689866246907004676e-06,7.466008751563483002e-06,8.052811614538363336e-06,7.042247069766569536e-06,4.550751423961845070e-06,1.267780105914510660e-06,-1.740209421143921546e-06,-3.420973559033989162e-06,-3.173173789894620593e-06,-1.137271567947088064e-06,1.805841870209230886e-06,4.356223976716225276e-06,5.321144087203362569e-06,4.129649120460608590e-06,1.109255557119985338e-06,-2.609026062086424273e-06,-5.533884222921114675e-06,-6.428334528342068993e-06,-4.838824096903221198e-06,-1.312401973351214148e-06,2.795075614799219191e-06,5.844760476028037340e-06,6.560114060882476890e-06,4.529773350876345705e-06,3.691502319406115435e-07,-4.514623807122411093e-06,-8.449429935947052933e-06,-1.010178781830941950e-05,-8.925465476054939454e-06,-5.299117497237808794e-06,-3.277998968247484141e-07,4.588430203729693852e-06,8.240172919988033462e-06,9.970844620649993572e-06,9.804895967476085256e-06,8.330596781989150240e-06,6.414509865734078408e-06,4.871744063329243978e-06,4.211178836060664824e-06,4.528970636214062126e-06,5.560433688184265631e-06,6.844850029217188767e-06,7.927123404713065866e-06,8.519919627504833005e-06,8.574901302513201711e-06,8.250210194667155058e-06,7.799837401367304711e-06,7.436939129334396602e-06,7.229648429997894188e-06,7.072597312428144919e-06,6.745239338180164327e-06,6.030556332873489074e-06,4.839616189475388315e-06,3.281523047219676414e-06,1.639456869372724000e-06,2.550312656567929051e-07,-6.320180394975655210e-07,-1.014730906971569117e-06,-1.152087805591861168e-06,-1.475737928136906629e-06,-2.399617121283750560e-06,-4.112008394661570356e-06,-6.446793914194688401e-06,-8.903172666610880478e-06,-1.081998528147626718e-05,-1.163910387115994549e-05,-1.114558505797393962e-05,-9.574524554377724500e-06,-7.528175377142908138e-06,-5.730053967289679317e-06,-4.718386386950455630e-06,-4.613824146434490536e-06,-5.068748061063356393e-06,-5.427732994829203512e-06,-5.034454213221916348e-06,-3.551832428712999647e-06,-1.151421603358679081e-06,1.518502163426627477e-06,3.581290413186314821e-06,4.296081467346670303e-06,3.383446941906932576e-06,1.170924031448817470e-06,-1.508756858697105207e-06,-3.629661140479807548e-06,-4.368580787270088164e-06,-3.422904923295888563e-06,-1.121232310686682891e-06,1.715725438102962883e-06,4.103280582520571448e-06,5.273723975477253353e-06,4.957078319566277272e-06,3.455811795263350299e-06,1.496491433609240662e-06,-6.758969403255328947e-08,-5.742029457303229598e-07,2.352218876382069009e-07,2.178376973039724978e-06,4.760436726133520991e-06,7.390760718492281624e-06,9.584700690317352401e-06,1.107058667626958083e-05,1.177890126430257830e-05,1.175072139385843485e-05,1.103601620974739870e-05,9.645031790517336699e-06,7.575278760026422508e-06,4.887040237381998437e-06,1.769812683154787789e-06,-1.452857343700204072e-06,-4.395802584868981653e-06,-6.730525440859550545e-06,-8.288145957941312852e-06,-9.091163267501125165e-06,-9.296697866477354689e-06,-9.084252149788487254e-06,-8.554188375971186859e-06,-7.698621458876031955e-06,-6.464633968625688296e-06,-4.872822332816584094e-06,-3.114729997930156401e-06,-1.555611439699268338e-06,-6.165923844051325333e-07,-5.794735782920489093e-07,-1.410606596220039774e-06,-2.705551247205991902e-06,-3.805665961804310217e-06,-4.053621309212263639e-06,-3.079432905766155638e-06,-9.827594629784294104e-07,1.682048535260673685e-06,4.121473185269474935e-06,5.626448748353146086e-06,5.858593470896139193e-06,4.970956685224876901e-06,3.514742757171264537e-06,2.184943747442102086e-06,1.529841478738138240e-06,1.756575239558220664e-06,2.706662432169304468e-06,3.985242425298355105e-06,5.155205903728877911e-06,5.889833824002006417e-06,6.020339316993335531e-06,5.488508484985461759e-06,4.273246830515395681e-06,2.367489419513703079e-06,-1.651875677404738211e-07,-3.095834867326000139e-06,-5.985880247649519865e-06,-8.269695701318326169e-06,-9.468814283230864880e-06,-9.450429636439444621e-06,-8.586730994948590373e-06,-7.693690854121923393e-06,-7.728120868710037714e-06,-9.353256118528310693e-06,-1.257434487353598771e-05,-1.663942591259776329e-05,-2.028786341438198372e-05,-2.225980039603337823e-05,-2.183915407225552220e-05,-1.916872602231973769e-05,-1.517482366224169877e-05,-1.112751253948533086e-05,-8.047473359958382262e-06,-6.254232714899015424e-06,-5.284627833855182080e-06,-4.223203948781106671e-06,-2.271804305034325851e-06,7.439348155876498211e-07,4.206892340565674930e-06,6.981801891297591461e-06,7.999054195234469057e-06,6.848109195563320241e-06,4.064083716511563417e-06,9.427698955687074040e-07,-1.037651510379243440e-06,-9.019462273953763168e-07,1.378282069737432249e-06,4.911193234936202122e-06,8.369284232756421640e-06,1.068098251046231754e-05,1.156870991003825586e-05,1.165159565967101611e-05,1.205886000402341627e-05,1.375839247909230096e-05,1.695825915089545799e-05,2.090504462729586433e-05,2.419817910453844217e-05,2.546987915526274936e-05,2.408678795091860982e-05,2.051321346511687148e-05,1.614572058494434642e-05,1.269631343905758134e-05,1.142777187528820955e-05,1.261379106574314470e-05,1.547554541978136080e-05,1.860158440940658641e-05,2.061882857872649250e-05,2.077188800710422521e-05,1.913816779908819452e-05,1.641283869230309800e-05,1.342584538088086782e-05,1.068053520521290954e-05,8.166485456792386028e-06,5.525183839604493940e-06,2.437828260464814201e-06,-1.022097231798756663e-06,-4.302993546737567721e-06,-6.626081716010703243e-06,-7.438883320395174431e-06,-6.807062745329503731e-06,-5.500528550969082470e-06,-4.691925883591776076e-06,-5.402182294650455302e-06,-7.978609415882963340e-06,-1.188999213210154689e-05,-1.596562592438219026e-05,-1.897241637486062966e-05,-2.023976886144925630e-05,-2.000641679149084800e-05,-1.929916461884787998e-05,-1.939260122254718078e-05,-2.111755010331622958e-05,-2.437011967375189795e-05,-2.807779030133077504e-05,-3.065192625977055269e-05,-3.071300156351291187e-05,-2.773881438647083486e-05,-2.232445672795855217e-05,-1.593398099416715996e-05,-1.026946499502474847e-05,-6.560795238743228023e-06,-5.104263718704420850e-06,-5.244481774005003097e-06,-5.775170336148213996e-06,-5.541301172734602252e-06,-3.949631650914236211e-06,-1.164675611742580217e-06,2.063212360006211235e-06,4.812838930922646181e-06,6.426221443918513582e-06,6.757463995501129296e-06,6.148197391903459128e-06,5.185044537529471402e-06,4.391478062594845455e-06,4.014334977932966110e-06,3.992282866708982014e-06,4.088029992756788393e-06,4.086542916743755067e-06,3.944756029015620520e-06,3.822789736342806188e-06,3.999021408309254168e-06,4.728676930880941472e-06,6.120716555184665599e-06,8.081730971251377212e-06,1.033234596753857376e-05,1.247011349474682670e-05,1.404817552930686234e-05,1.465498015218454929e-05,1.399686414474309368e-05,1.198454937058919054e-05,8.804924937593508688e-06,4.937581967192800238e-06,1.074883568576355919e-06,-2.062563700735391453e-06,-3.966690769797218453e-06,-4.541612723500603618e-06,-4.157521428477457034e-06,-3.504657172407468325e-06,-3.285101005222349373e-06,-3.869501231054198130e-06,-5.082696059824821046e-06,-6.238625294336915331e-06,-6.433721582159572176e-06,-4.980040852109746807e-06,-1.779663715310195607e-06,2.544523266066954843e-06,6.839980554089473916e-06,9.864829415500170898e-06,1.078282864804133782e-05,9.488085988751571745e-06,6.612924792277784426e-06,3.222238449535047703e-06,3.452426901589290602e-07,-1.432379364997254599e-06,-2.131302878582456586e-06,-2.239371662097652749e-06,-2.364256585517914401e-06,-2.869232920410767333e-06,-3.679712823786326661e-06,-4.348966990331771051e-06,-4.331320238073786177e-06,-3.304263985491909275e-06,-1.362054119140559569e-06,1.020640554380677528e-06,3.228915480184725974e-06,4.815825785494191587e-06,5.709169713643455401e-06,6.206151892543398268e-06,6.762884941708820446e-06,7.697974680311230695e-06,8.975950208290688919e-06,1.019272140777847335e-05,1.077571122599994650e-05,1.029485507024296903e-05,8.719371141547093638e-06,6.481304236565741573e-06,4.306108723455214707e-06,2.890515912624081400e-06,2.586101915434954768e-06,3.243592553853562029e-06,4.291249623837645073e-06,5.004161993158137631e-06,4.830023376717701616e-06,3.616176374441143072e-06,1.639755031710504565e-06,-5.550630602383834780e-07,-2.415688222149023863e-06,-3.601614456981928330e-06,-4.067004065238003563e-06,-3.988302077722153413e-06,-3.603916838794624701e-06,-3.073124458549736510e-06,-2.438055287619204919e-06,-1.701905740093847257e-06,-9.601412978562305736e-07,-4.836123887448306476e-07,-6.756502431888558157e-07,-1.897853532643602598e-06,-4.242061654865764691e-06,-7.372651610600453354e-06,-1.054526280245182603e-05,-1.283011084255266479e-05,-1.346664135883655626e-05,-1.220164225641975836e-05,-9.454094220397373262e-06,-6.215171604745554299e-06,-3.703707386356080485e-06,-2.906101344103666894e-06,-4.185645792353688227e-06,-7.123564309457937236e-06,-1.066178332712732801e-05,-1.349514587344025516e-05,-1.456035228075410419e-05,-1.343175184018356102e-05,-1.047377676866398912e-05,-6.697639889398550396e-06,-3.384495596530063124e-06,-1.622744709270825252e-06,-1.932044748489031930e-06,-4.105143112790410903e-06,-7.311097864967927480e-06,-1.040593661050586269e-05,-1.232624583031213953e-05,-1.242138098735083591e-05,-1.061405711405494768e-05,-7.350247536227648587e-06,-3.378766255007223749e-06,5.409041100301778378e-07,3.886775383423125946e-06,6.490134834105950972e-06,8.489696826756008597e-06,1.016174439934737611e-05,1.171237771239454320e-05,1.312954172705510002e-05,1.416305919168558663e-05,1.444264712558572091e-05,1.368090804229462676e-05,1.186721618121653360e-05,9.357658792336757234e-06,6.807724964203432310e-06,4.962038887465178869e-06,4.380608403063364126e-06,5.214755143728750773e-06,7.131357944609053046e-06,9.425105261739210845e-06,1.127909563485861716e-05,1.206883770931694180e-05,1.158337724734473402e-05,1.007126660371722230e-05,8.094994116886057280e-06,6.262131102130031521e-06,4.956365941572335614e-06,4.190735893907751692e-06,3.647841454723177950e-06,2.883309132536033872e-06,1.590360254719460339e-06,-2.073850147718644096e-07,-2.134813251352180395e-06,-3.633347058553892032e-06,-4.241774788491216650e-06,-3.853738308787110124e-06,-2.820151678146002602e-06,-1.833801464793964149e-06,-1.636025349342649427e-06,-2.673398953705595396e-06,-4.862839295631807146e-06,-7.579754286869430428e-06,-9.884265003076527479e-06,-1.089085106000418023e-05,-1.011885876452672970e-05,-7.668327322395472620e-06,-4.145617109920494291e-06,-3.794923341406942520e-07,2.934238627606794754e-06,5.489511905176066817e-06,7.407957333584484255e-06,9.046216074345505125e-06,1.067639473841810069e-05,1.221001556831239308e-05,1.311986737121122446e-05,1.262111252260872156e-05,1.004550474990479887e-05,5.240846631439610241e-06,-1.198570326408874222e-06,-8.000535164191719097e-06,-1.358428422279677282e-05,-1.659724552822338384e-05,-1.640478217352626630e-05,-1.332941706497522448e-05,-8.535444086704701438e-06,-3.600197994061514908e-06,5.820437359303096652e-08,1.670078021265450707e-06,1.331933190815493696e-06,-1.205785404968789596e-07,-1.516334026829029652e-06,-1.852674258450990483e-06,-6.921288176352112238e-07,1.700222701435503172e-06,4.516252942077969425e-06,6.775122930613302361e-06,7.737441365988406816e-06,7.188770312767281814e-06,5.482925945339342618e-06,3.342010734370440663e-06,1.512052694117473539e-06,4.288426866562524573e-07,3.746627674501317044e-08,-1.612531078355768655e-07,-8.623935294006754080e-07,-2.616589950194920317e-06,-5.545029578690300294e-06,-9.232925189064539613e-06,-1.284991495702691314e-05,-1.545170717184836753e-05,-1.634204853272822457e-05,-1.534807194874072010e-05,-1.289568198086598817e-05,-9.851350425897488456e-06,-7.190517468029928495e-06,-5.622992444716502952e-06,-5.323961853978571851e-06,-5.877919185745107470e-06,-6.458474829885423170e-06,-6.173411150645593317e-06,-4.438995847536116852e-06,-1.236343573577125802e-06,2.850610524504954802e-06,6.830594367774590329e-06,9.659362571457480028e-06,1.061937945496643043e-05,9.584473709341921488e-06,7.074770226738619295e-06,4.085494324182014092e-06,1.753537351600199172e-06,9.791713440197577887e-07,2.130591344699537327e-06,4.926384443863347188e-06,8.530087586994500898e-06,1.182318687250525808e-05,1.376872741944799279e-05,1.375113176694931024e-05,1.178438426248127318e-05,8.518077673039301087e-06,5.030081949919881146e-06,2.461544594609618340e-06,1.606335099981960352e-06,2.593833666749293382e-06,4.786980074386667581e-06,6.954604587557275782e-06,7.683154797171221580e-06,5.898815475703007362e-06,1.314175196383539771e-06,-5.377025357260692931e-06,-1.265242697798962343e-05,-1.862824299383771665e-05,-2.168235002597375459e-05,-2.100392695006319407e-05,-1.685980473011541918e-05,-1.047483701954867977e-05,-3.576692929466805010e-06,2.210070775658841492e-06,5.878962675003904165e-06,7.270369294461993461e-06,6.948286836452493610e-06,5.812349055730641293e-06,4.640364391771303724e-06,3.771205168856821366e-06,3.056071766023464211e-06,2.070238229305932811e-06,4.541358968271101012e-07,-1.799764809623712120e-06,-4.257992249568383545e-06,-6.191485230255586187e-06,-6.873980894146937454e-06,-5.882597692518898213e-06,-3.260183796319221539e-06,5.220425923561965850e-07,4.761036629297726598e-06,8.766423926064415386e-06,1.203621308077823616e-05,1.430316200292947015e-05,1.547220343003170764e-05,1.552702753731963211e-05,1.448671132827060685e-05,1.244343766462858441e-05,9.643646129690516743e-06,6.532149501934090564e-06,3.690695143075468456e-06,1.664537073405139907e-06,7.466698562821962349e-07,8.324482586716962803e-07,1.437243346785761640e-06,1.892144563574081063e-06,1.637528267550669182e-06,4.746640649871059537e-07,-1.352303264144837063e-06,-3.289803917818525582e-06,-4.759199726488085119e-06,-5.447598643110276487e-06,-5.455580104976147608e-06,-5.226767786468019068e-06,-5.299510943235644809e-06,-6.015125000453345868e-06,-7.338711287759579870e-06,-8.885237073463356016e-06,-1.012977035988173306e-05,-1.067942423465999559e-05,-1.045243357427215518e-05,-9.665604836413180568e-06,-8.644553063536442787e-06,-7.577811396925906054e-06,-6.374102088300989391e-06,-4.726818061341905250e-06,-2.368505264536643121e-06,6.227352088684062463e-07,3.653763678495126568e-06,5.719078893680438081e-06,5.774806813334518093e-06,3.233084117800559104e-06,-1.658144050919169632e-06,-7.754005195766503091e-06,-1.333768066659388547e-05,-1.672059347091551712e-05,-1.687396339927363869e-05,-1.382587402057012373e-05,-8.657765196878320537e-06,-3.107114210030671863e-06,1.053582075451114129e-06,2.611817421622681143e-06,1.268181949803695400e-06,-2.347780506021208017e-06,-6.952144592218137959e-06,-1.102826394533266363e-05,-1.323626885600983438e-05,-1.270452797811489635e-05,-9.174844033629067419e-06,-3.026556194835478229e-06,4.788843510849565860e-06,1.289739759794839233e-05,1.975287482383665600e-05,2.398669965085269243e-05,2.479843493832348773e-05,2.226100975214490848e-05,1.739124383448232937e-05,1.189174387946492838e-05,7.598319028192747160e-06,5.813687023795059815e-06,6.796141775091267437e-06,9.642037820226939337e-06,1.264923474053363518e-05,1.403553141559492275e-05,1.271177316658587687e-05,8.764393396834184804e-06,3.419365392526214625e-06,-1.507852492709604002e-06,-4.431293550710999387e-06,-4.705831705222203036e-06,-2.899575996153994304e-06,-5.003935506112185606e-07,8.031285349217703120e-07,-7.522722959953132241e-08,-3.111154303556617432e-06,-7.191508021176217443e-06,-1.064607256455385750e-05,-1.202872484628926201e-05,-1.077594110282591541e-05,-7.439230754637151133e-06,-3.398470854652973138e-06,-2.095213996472803490e-07,1.097207826233134878e-06,4.441381473702542017e-07,-1.318378808147636725e-06,-2.849234716975274488e-06,-2.942345715147598985e-06,-1.051612355097881696e-06,2.502292664075870247e-06,6.698484241396909703e-06,1.024431944124926402e-05,1.206069677760333569e-05,1.163055211635979124e-05,9.109653994849090369e-06,5.213448369522866179e-06,9.712088660119771404e-07,-2.548185062592867831e-06,-4.471863201526561566e-06,-4.300782134156649599e-06,-2.031975483354719492e-06,1.786950516576094069e-06,6.111077665251468418e-06,9.603359369939020436e-06,1.099264930234615856e-05,9.504848140871079964e-06,5.212397046113288049e-06,-8.692703573433548892e-07,-7.038247091242625439e-06,-1.147284055728157083e-05,-1.291324784528421101e-05,-1.117926446572560062e-05,-7.283578900790369126e-06,-3.057905430655896981e-06,-4.216930993580179880e-07,-5.923756426331265108e-07,-3.577795567825061318e-06,-8.178310252091892523e-06,-1.250457207964539224e-05,-1.478731574271212135e-05,-1.412449212926788155e-05,-1.084053252441155684e-05,-6.308923673335442483e-06,-2.330229970974559077e-06,-3.516472906979658079e-07,-8.737225675650995252e-07,-3.292483896376169718e-06,-6.221711985609737341e-06,-8.127823822356043250e-06,-7.984995928795999469e-06,-5.670900529788541832e-06,-1.957608862055372945e-06,1.862273391248813895e-06,4.524453116965817691e-06,5.275329237453697305e-06,4.103990911469472849e-06,1.667249504743218370e-06,-1.017282090494746252e-06,-2.956920572940280787e-06,-3.494881331528564576e-06,-2.454930063269507557e-06,-1.119867258415307045e-07,2.955192452728269010e-06,6.051601717845824218e-06,8.533081707970975374e-06,9.925547265257930765e-06,9.995214309223272544e-06,8.776431900565887932e-06,6.557748062967647877e-06,3.821169788872753138e-06,1.135551738711476791e-06,-9.773463370798728780e-07,-2.167616262807928530e-06,-2.332126519128925440e-06,-1.615284132658366790e-06,-3.414294517112018714e-07,1.087896963013398250e-06,2.289821128619695725e-06,2.961883040243729773e-06,2.910350019471282541e-06,2.067464251602510338e-06,5.193895576069346575e-07,-1.457461804866930766e-06,-3.385363836046590961e-06,-4.646856602849564143e-06,-4.644987652740948944e-06,-3.034978873492782246e-06,5.896470675917471074e-08,3.956038915652199840e-06,7.545254101678602818e-06,9.625584743898138717e-06,9.353420051153550226e-06,6.616898629372327012e-06,2.159783529393971036e-06,-2.631596836307031117e-06,-6.219957611653913910e-06,-7.495821716825901044e-06,-6.197793373456261681e-06,-2.986656322596685461e-06,8.642720310553049036e-07,4.025276524058891865e-06,5.659914774508242032e-06,5.717507160273462500e-06,4.840753342624973769e-06,3.947431160464477349e-06,3.704590273743519849e-06,4.165975731734967694e-06,4.760244666570490030e-06,4.638026769429778072e-06,3.198852859257040805e-06,5.193338324108221591e-07,-2.555238030336303212e-06,-4.729253257849814533e-06,-4.850308449622811903e-06,-2.495304086665530578e-06,1.744403905152147083e-06,6.436872390378149549e-06,9.882270243985156886e-06,1.082938047947494158e-05,9.006009074690737929e-06,5.217094594835768330e-06,9.673083163993909934e-07,-2.211085868731778314e-06,-3.408406854188526170e-06,-2.666927601381971095e-06,-8.521630304723236851e-07,8.467938962233625605e-07,1.524688847584987929e-06,9.704559851647552833e-07,-3.132341989786225211e-07,-1.469433572266515195e-06,-1.818683801426743511e-06,-1.270920944533817671e-06,-3.920533030767388399e-07,-8.391002440774813078e-08,-1.043312767846398594e-06,-3.289412153560859207e-06,-6.023532284952270669e-06,-7.922819507355705041e-06,-7.748435687479940484e-06,-4.981542990440520618e-06,-1.714816201427164997e-07,5.192179159025476550e-06,9.248504068600484087e-06,1.052801953014724921e-05,8.565757260896236853e-06,4.086473492671026011e-06,-1.319012292305077875e-06,-5.873665582576580476e-06,-8.338464357989516660e-06,-8.458832851678132103e-06,-6.951007332077267133e-06,-5.065751739018435894e-06,-3.959523775030433375e-06,-4.178321475691618025e-06,-5.486142377746359445e-06,-7.090184046897712878e-06,-8.120449647201837359e-06,-8.107391561885926018e-06,-7.219206915894503263e-06,-6.154731408266352186e-06,-5.766095621234764333e-06,-6.616470298261596520e-06,-8.699118571002713036e-06,-1.144972731684698914e-05,-1.402818063598230406e-05,-1.571102355582233094e-05,-1.618993391385200787e-05,-1.563386099339536851e-05,-1.450540129640256734e-05,-1.325238163659072018e-05,-1.205446237287287575e-05,-1.076315098817585188e-05,-9.057756659733497845e-06,-6.714909069326938245e-06,-3.824448124394062433e-06,-8.152517212640031699e-07,1.736296038451680350e-06,3.415454489705951701e-06,4.222140892497350946e-06,4.615817512013106905e-06,5.308605591219047738e-06,6.900878182638505420e-06,9.546200041640534587e-06,1.282741627091504561e-05,1.592192011354856689e-05,1.798393061370334384e-05,1.855388491552833590e-05,1.778375508038636856e-05,1.635666049753049990e-05,1.513546766741402621e-05,1.471747966989979967e-05,1.512545297248756269e-05,1.579896500824701764e-05,1.589668246343481611e-05,1.475796474271938444e-05,1.228613326370230133e-05,9.051934473026591440e-06,6.057203999504794370e-06,4.273166227405478490e-06,4.184740334797958317e-06,5.570344931400527459e-06,7.626245393159261415e-06,9.367703282049018591e-06,1.009808015929613930e-05,9.705257049844018789e-06,8.638686276578170882e-06,7.590416125628943287e-06,7.059705833409827385e-06,7.040772695206706688e-06,7.005155008381736281e-06,6.190413177734103867e-06,4.040563499189458141e-06,5.596098259194851479e-07,-3.616928377009270741e-06,-7.479140966094152634e-06,-1.010053656973975378e-05,-1.106083524343495151e-05,-1.061491977616058004e-05,-9.522050651119408446e-06,-8.627957920884598065e-06,-8.421617428261742586e-06,-8.799753333365215223e-06,-9.159712112782185422e-06,-8.765667112348326961e-06,-7.188131947465275834e-06,-4.579696627250972587e-06,-1.639794328039809408e-06,7.110218724318694738e-07,1.772043688804254622e-06,1.384592393568521405e-06,-3.074157340666397671e-08,-1.731663395499518374e-06,-3.057560136709869918e-06,-3.754975954343528464e-06,-4.050778054897342940e-06,-4.443590188062389577e-06,-5.343560656129465145e-06,-6.775496984941853879e-06,-8.323179363683370075e-06,-9.353642786088907642e-06,-9.396977438800267079e-06,-8.461845186569568074e-06,-7.094859329746267995e-06,-6.130456703293718166e-06,-6.251897921184757997e-06,-7.596933667262731304e-06,-9.628552178085551574e-06,-1.135558849104098203e-05,-1.180128883387372341e-05,-1.048150416622145635e-05,-7.643898901717420733e-06,-4.143496325809182772e-06,-1.022613076955713797e-06,9.795262254543254456e-07,1.726894003419822446e-06,1.643166298820151437e-06,1.363507463689159579e-06,1.291991666080424851e-06,1.329682224835791814e-06,9.430739081398188040e-07,-4.530070345351629786e-07,-3.012690037790683804e-06,-6.166126971386068124e-06,-8.719596147611992335e-06,-9.344452383509959384e-06,-7.230994507504770198e-06,-2.571665867244153688e-06,3.398828116143176835e-06,8.865885715206102660e-06,1.220284408909829778e-05,1.268106677785300674e-05,1.077356484720482837e-05,7.896919073088025980e-06,5.713487928945408047e-06,5.336010882039141933e-06,6.826080076256425567e-06,9.229554566511064367e-06,1.112042025392264330e-05,1.136819321130236185e-05,9.733641623892764439e-06,6.989335496423166811e-06,4.507578355509343135e-06,3.532026346766798899e-06,4.510696045063386670e-06,6.835496006244711360e-06,9.124994543777576340e-06,9.910358445996451194e-06,8.380231332971344754e-06,4.811043309710881353e-06,4.672581820854140474e-07,-2.980588133613129815e-06,-4.236436495680166332e-06,-2.981916160795128412e-06,-1.892086269413606244e-08,3.105273402581241226e-06,4.801635418847763357e-06,4.137538122199990190e-06,1.214406254498420653e-06,-2.924938877187368387e-06,-6.785441124565020069e-06,-9.059367271673042637e-06,-9.125721449215613000e-06,-7.211494523916733641e-06,-4.189162471847380630e-06,-1.147943055782891230e-06,1.044825735281858055e-06,2.006894972813238215e-06,1.854292917430052190e-06,1.015661552894447465e-06,-2.261853886216450319e-08,-9.093134190988072360e-07,-1.490091024793970972e-06,-1.751701856611396274e-06,-1.719411122308987782e-06,-1.385590571897692414e-06,-7.103169232434649886e-07,3.178690320343342780e-07,1.609378348630401748e-06,2.940534026031481277e-06,3.985282875802381197e-06,4.401012867288477469e-06,3.933176752808982787e-06,2.500069508621407863e-06,2.328530731140002593e-07,-2.535788385922099590e-06,-5.328901490682811077e-06,-7.619037008577007966e-06,-8.947135598600496409e-06,-9.047751878867973442e-06,-7.948853809307399986e-06,-6.004988586542878655e-06,-3.829784070615299318e-06,-2.124246693253882669e-06,-1.443414245393932497e-06,-1.984128564389354416e-06,-3.486147883661872937e-06,-5.304301760820983093e-06,-6.639949115742200889e-06,-6.845828095738493843e-06,-5.677003213285148276e-06,-3.376909151026756148e-06,-5.586006600628492072e-07,2.064534068198272425e-06,3.973178057300591504e-06,5.024780291749864209e-06,5.443614993918174747e-06,5.633574394729680574e-06,5.917293450356430442e-06,6.340214344871563262e-06,6.641865815805300556e-06,6.407727032663359238e-06,5.319714021456095064e-06,3.371050701196450660e-06,9.290182698465021860e-07,-1.392730745068586224e-06,-2.992729728205245405e-06,-3.544446783145493878e-06,-3.134040954265753296e-06,-2.206205330415915843e-06,-1.345492600997076067e-06,-9.990624403385751734e-07,-1.271492170168895824e-06,-1.883582799330710486e-06,-2.307132903128477887e-06,-2.007258444359602182e-06,-6.808746882619283097e-07,1.609054125313072384e-06,4.449771636615993031e-06,7.224340769966302380e-06,9.316664192012155565e-06,1.029411176093653948e-05,1.000911337954695877e-05,8.601814323582541755e-06,6.422999811586111659e-06,3.916272799457221818e-06,1.499398417508346050e-06,-5.257397389412031559e-07,-2.018074390187992035e-06,-2.991794941463436350e-06,-3.565253374361173197e-06,-3.881192353679775175e-06,-4.027118650090034995e-06,-3.990041353260715362e-06,-3.670904903909776886e-06,-2.959071301842112263e-06,-1.834848462318866005e-06,-4.453574561215941690e-07,8.977188925756137581e-07,1.816258239052815578e-06,2.026427554523722578e-06,1.486863348115135425e-06,4.524506705385313189e-07,-6.098289708407197174e-07,-1.218121112770189657e-06,-1.097256947162062241e-06,-3.131515029752205484e-07,7.555342761889909867e-07,1.603320265402486440e-06,1.851496603153285053e-06,1.437577727944092758e-06,6.367572079645158598e-07,-1.010892861160267101e-07,-4.132461330802896966e-07,-2.391149831344121101e-07,1.386183801341129562e-07,2.608874250214764462e-07,-2.173821049818624481e-07,-1.277141837225369904e-06,-2.480078383919842861e-06,-3.164294391126657698e-06,-2.806819482575245178e-06,-1.364096905597765645e-06,6.063522778003286370e-07,2.138593066008873298e-06,2.297793625580130223e-06,6.593907972199724014e-07,-2.418020937690768081e-06,-5.882263943819146672e-06,-8.418241200137121597e-06,-9.022976188791549182e-06,-7.448107292345732252e-06,-4.293518254291049832e-06,-7.092918309709278625e-07,2.139272610758821622e-06,3.570933624901762265e-06,3.604256194363530520e-06,2.797156457550582427e-06,1.820397711912667443e-06,1.016445699223075221e-06,1.977839606578349101e-07,-1.199310136628782018e-06,-3.693503804908913906e-06,-7.315183668340478776e-06,-1.140923956372897393e-05,-1.482338491344058846e-05,-1.640948312849703890e-05,-1.558485912618975044e-05,-1.265252443004604247e-05,-8.694523330057721979e-06,-5.073569099628416962e-06,-2.788010485939469707e-06,-2.010258992845995701e-06,-2.050219853027796015e-06,-1.766556243565926999e-06,-2.138931531802198326e-07,2.812242468150475238e-06,6.620625468933832897e-06,9.945558179365838751e-06,1.158178551056230279e-05,1.100659284110799794e-05,8.668407732835544191e-06,5.793334889733979363e-06,3.808496157037681504e-06,3.674407254607293166e-06,5.458671348221963047e-06,8.352700483550552611e-06,1.110405037196851757e-05,1.263065427075257222e-05,1.250521732039257211e-05,1.108276828642110365e-05,9.239739709783003789e-06,7.891267050865397316e-06,7.550997839292588573e-06,8.150062529101669397e-06,9.174556401516363070e-06,1.000626393368061443e-05,1.025530661322993222e-05,9.902566583978670626e-06,9.198362484402342938e-06,8.411890731564708638e-06,7.606908508573506436e-06,6.589653274168221061e-06,5.057977693796520113e-06,2.849683430306627448e-06,1.228100249232387614e-07,-2.659899901592699552e-06,-4.950206677500128940e-06,-6.417112578475666210e-06,-7.154414632886230442e-06,-7.661766984321658798e-06,-8.595248626142221372e-06,-1.041682645948639120e-05,-1.313326429157050068e-05,-1.626720322070326785e-05,-1.907319133065226818e-05,-2.087467567442134115e-05,-2.133425438963778919e-05,-2.051611351282366062e-05,-1.872858959725916581e-05,-1.626863317821569720e-05,-1.324688679547656088e-05,-9.615394329553229779e-06,-5.381580545865255495e-06,-8.560976432164688742e-07,3.264121086509431294e-06,6.094952427634265466e-06,6.992980432473094967e-06,5.995461678579997902e-06,4.001310443560098842e-06,2.523668139610337866e-06,3.061795593484851462e-06,6.361183874676593745e-06,1.193111983939395044e-05,1.810001809699880338e-05,2.264109146699977852e-05,2.371390508529818333e-05,2.069010396278906126e-05,1.446376922254236606e-05,7.082691024303951438e-06,8.635390270640263532e-07,-2.592761815322737397e-06,-3.019967655544696368e-06,-1.457169274976039802e-06,3.880177073668612952e-07,1.043757454225522628e-06,-1.638047621100363762e-08,-2.205111458293026520e-06,-4.250694827347428981e-06,-4.968124758883702852e-06,-3.946128935415754092e-06,-1.781551248785765773e-06,2.558122471021306905e-07,9.358098761410229788e-07,-2.357750423446088418e-07,-2.719202857004761421e-06,-5.206428696639491819e-06,-6.311888043308090881e-06,-5.321216278756521492e-06,-2.598370415455466890e-06,5.686751257425878873e-07,2.608414770959087241e-06,2.463190153394591723e-06,1.338272109876619285e-07,-3.305278724710206466e-06,-6.224156037918077128e-06,-7.222412279676841847e-06,-5.788622044152421745e-06,-2.517034140766395798e-06,1.202784454877547400e-06,3.844240721423279502e-06,4.412231342785783420e-06,2.805354320269291849e-06,-2.662078931942512631e-07,-3.712267033144351956e-06,-6.586221218854259232e-06,-8.430011766597294897e-06,-9.299931224354782578e-06,-9.523540421409703427e-06,-9.379637936214717264e-06,-8.910959453990343387e-06,-7.972652219920745481e-06,-6.458984379101521657e-06,-4.534288905044680807e-06,-2.690362786376453635e-06,-1.561845156776339502e-06,-1.586951876815816324e-06,-2.709393460567396291e-06,-4.311692351495778168e-06,-5.449773455201270971e-06,-5.289795295417030033e-06,-3.526468145867721720e-06,-5.586985389818997935e-07,2.680800446379424121e-06,5.163833994238674270e-06,6.251162434354276045e-06,5.974298751846658496e-06,4.971758941120901686e-06,4.119232929196550400e-06,4.054072832689010892e-06,4.847572152987781620e-06,5.995789888642028105e-06,6.726581067105678515e-06,6.450822285126943537e-06,5.110693844001668814e-06,3.236598946080716998e-06,1.683666476671398776e-06,1.191797926861311870e-06,2.006595700770807659e-06,3.763003679074780851e-06,5.689854501050155740e-06,7.020423983471733841e-06,7.385060305787051292e-06,6.974891153377396704e-06,6.392169877556103673e-06,6.273730077292159780e-06,6.896960021940829057e-06,7.987002520111665803e-06,8.835243613046094943e-06,8.671238928014429899e-06,7.092744290044278879e-06,4.324331495461252474e-06,1.161965724431616248e-06,-1.377022067404468620e-06,-2.526619433948437359e-06,-2.131336875521916998e-06,-7.121088465513621588e-07,7.941922957764741037e-07,1.493038515372400359e-06,9.643937457314579498e-07,-5.384914436636400371e-07,-2.213740222870652124e-06,-3.092488699946254193e-06,-2.492681189963033821e-06,-3.351384192138110254e-07,2.813290073324548417e-06,5.972514084031457793e-06,8.138207558085585859e-06,8.650752426564341043e-06,7.397130111095175523e-06,4.790150822836165527e-06,1.571820512933881359e-06,-1.448930093977614099e-06,-3.613375909818169198e-06,-4.525197062599055613e-06,-4.064208527199123998e-06,-2.350844128198168432e-06,2.897019110125716138e-07,3.349564074352017569e-06,6.172477522619322722e-06,8.040784255496218486e-06,8.331713077350083902e-06,6.709555768948463187e-06,3.275921399751488545e-06,-1.407106701114411178e-06,-6.463808877684837749e-06,-1.098829625513237512e-05,-1.435838789771792233e-05,-1.644428655201479657e-05,-1.761143270812062778e-05,-1.850525816676094535e-05,-1.970764014321326810e-05,-2.142101139570417779e-05,-2.333129749443332442e-05,-2.472322447256049751e-05,-2.480488409962497596e-05,-2.309718103821587455e-05,-1.970707888663181164e-05,-1.535118484940991066e-05,-1.110807454797364033e-05,-8.002546503305511081e-06,-6.604125310667089821e-06,-6.817670407541696922e-06,-7.957059865453066074e-06,-9.063809223207698875e-06,-9.321593924068423553e-06,-8.376981987335158650e-06,-6.425006721331771399e-06,-4.032024875404785423e-06,-1.793101116590534279e-06,2.459795493319137579e-09,1.531659950986810823e-06,3.345932864596870036e-06,6.072220156145026358e-06,1.005297517231580212e-05,1.510048881799893060e-05,2.048619598891962272e-05,2.517441254761681934e-05,2.819651123284301825e-05,2.899985453101017993e-05,2.762342709364866165e-05,2.463753078982474645e-05,2.089435775954511651e-05,1.721626319943715184e-05,1.416257041832120568e-05,1.196147171487076707e-05,1.060262256904113102e-05,1.000641703069680887e-05,1.015715932020449467e-05,1.112065018970437030e-05,1.294068552863727927e-05,1.548218509966449652e-05,1.832213446073604828e-05,2.076693394301608786e-05,2.201002232782850110e-05,2.137221202437463474e-05,1.852627974209938023e-05,1.361627048489100714e-05,7.232738542818319018e-06,2.684584790322976290e-07,-6.278476852535642035e-06,-1.148480033367184702e-05,-1.462845171824229566e-05,-1.526663030644114419e-05,-1.329476946032886809e-05,-9.005900371960571155e-06,-3.134540587468410246e-06,3.165153362526622204e-06,8.461818911509257931e-06,1.132664701152922075e-05,1.069943490318361269e-05,6.226646417834899148e-06,-1.563794224374485309e-06,-1.134490007193112082e-05,-2.133120072617379707e-05,-2.977288922666694918e-05,-3.542979976910123517e-05,-3.785382163508232295e-05,-3.738464552920867313e-05,-3.488140166602436172e-05,-3.131904661170156870e-05,-2.742551523475210960e-05,-2.350371544036601994e-05,-1.948849843305652376e-05,-1.517816538860775802e-05,-1.050437755310827872e-05,-5.696728052089306633e-06,-1.258786804253183559e-06,2.230449080021963156e-06,4.389072769394000598e-06,5.241707066823266204e-06,5.257510298957472427e-06,5.186808224367140732e-06,5.757773928051184119e-06,7.358377824625837657e-06,9.838579659428522576e-06,1.252106116323279272e-05,1.442644977378505691e-05,1.463458193395788418e-05,1.264930769204553026e-05,8.629946891305102227e-06,3.398244427773380295e-06,-1.791446799102422324e-06,-5.646666443003213649e-06,-7.263119399517169235e-06,-6.433797996164925001e-06,-3.727679112222595117e-06,-3.017597710969443899e-07,2.496451050839871536e-06,3.601711312561172163e-06,2.612882461475460996e-06,-5.477329053952442192e-08,-3.305584031930187384e-06,-5.742488353225699625e-06,-6.154769928702683391e-06,-3.940859803850519142e-06,6.813631167732518068e-07,6.743517139004013581e-06,1.283897581727502151e-05,1.755895806582516400e-05,1.989977422546151313e-05,1.951411014978902256e-05,1.674701190124867764e-05,1.247533939626038893e-05,7.826608424260023673e-06,3.872678876926761855e-06,1.378650356794687312e-06,6.544882722125178777e-07,1.524971829247623511e-06,3.412090881547141113e-06,5.510445414639473023e-06,7.021843079803991327e-06,7.395782279016020964e-06,6.504836440500100120e-06,4.684316433720494680e-06,2.598286224363831748e-06,9.580519097790372937e-07,1.920737216936787409e-07,2.108119590359573217e-07,3.936744505056057715e-07,-1.590831599994590046e-07,-2.189838001159760447e-06,-5.848123027034835667e-06,-1.047121003232309709e-05,-1.472137954163620263e-05,-1.706493918813466737e-05,-1.640955337284412787e-05,-1.261881092532025461e-05,-6.653323013234379781e-06,-2.436827276294826078e-07,4.784228953640622208e-06,7.239116630278151477e-06,7.016385065985143148e-06,5.058789215510043545e-06,2.840430962449906447e-06,1.618693243052752374e-06,1.815915781704307703e-06,2.835078457963630699e-06,3.404574965221404787e-06,2.286179233060378810e-06,-1.003865834495068501e-06,-5.824814972711929717e-06,-1.059057260035556199e-05,-1.342967425564029320e-05,-1.302156781893263994e-05,-9.215482526759297740e-06,-3.140024432192167753e-06,3.246193401137635689e-06,7.949848745227992258e-06,9.716178814606996357e-06,8.437865790426004976e-06,5.045036160300500043e-06,9.739300345845859337e-07,-2.498377867771136202e-06,-4.728581338347506904e-06,-5.791663971638128179e-06,-6.191030384396560279e-06,-6.400164851143487188e-06,-6.510760961425208568e-06,-6.181145107264725149e-06,-4.898259559470695061e-06,-2.387231313558562504e-06,1.079302334901697257e-06,4.663441992483454187e-06,7.266259375485155816e-06,8.007681602302310687e-06,6.637960072316622417e-06,3.668753208323447594e-06,1.549397101610070831e-07,-2.764395344224868827e-06,-4.338673317454950866e-06,-4.465070260479564580e-06,-3.622562359357484526e-06,-2.537093887784099016e-06,-1.766899441406188889e-06,-1.427527977871751955e-06,-1.192502440469616852e-06,-5.549169785731134421e-07,8.025846200148720534e-07,2.736683655325415330e-06,4.624331487150002234e-06,5.616792837347977558e-06,5.046317809602416594e-06,2.785249531214175909e-06,-6.226603901781224297e-07,-4.131611501050925813e-06,-6.595912166607664092e-06,-7.230254429252780691e-06,-5.928602869092692940e-06,-3.306902365246558640e-06,-4.556569986823759440e-07,1.490455484795298766e-06,1.788908715221828711e-06,3.611276039049008538e-07,-2.196752533586940420e-06,-4.854774697335914308e-06,-6.538537156182907292e-06,-6.516504171484116793e-06,-4.646396007782275283e-06,-1.402327846064891941e-06,2.312485673452469228e-06,5.487814618328825476e-06,7.342114844371873332e-06,7.554283027108970134e-06,6.318764609767729713e-06,4.219800505743618118e-06,1.987187642949094135e-06,2.357546291785741990e-07,-7.112716446703668855e-07,-8.574483068088923650e-07,-4.341291457849054156e-07,2.671485902649118047e-07,1.040527398828926875e-06,1.820029976391751089e-06,2.627746190172849254e-06,3.463559385601291873e-06,4.218570490335817262e-06,4.680936476970635503e-06,4.646073081778696392e-06,4.073038201642736847e-06,3.186179866558732264e-06,2.435221783290812590e-06,2.297710351534599341e-06,3.001885160739779056e-06,4.314012327316445625e-06,5.529180371671528977e-06,5.719648740723417418e-06,4.164552763866908333e-06,7.733919086904665880e-07,-3.714090418040269549e-06,-7.890252115439374324e-06,-1.018233603076538273e-05,-9.504308216064288051e-06,-5.772207313805636895e-06,-3.304778734722334997e-08,5.883585785771245820e-06,1.006767799544808391e-05,1.129133946359273958e-05,9.497424081824953671e-06,5.793101622994247082e-06,1.946857594260004027e-06,-3.875009875900448742e-07,-3.717362581876899516e-07,1.702987585107520886e-06,4.620329925568455319e-06,6.851343739856854614e-06,7.278964278362212794e-06,5.693116999129213295e-06,2.831861058534219366e-06,-3.516479054075405582e-08,-1.766233354117221311e-06,-1.923078428556233779e-06,-9.817299213149927809e-07,-7.790504765109880150e-08,-4.125793184786347805e-07,-2.607767288692443260e-06,-6.327706798705503786e-06,-1.035604019191524475e-05,-1.310506615719327519e-05,-1.332954469978976300e-05,-1.071912774715923411e-05,-6.094712424262268112e-06,-1.110390698251456894e-06,2.416488198842984377e-06,3.258587543325298602e-06,1.288583217394306580e-06,-2.475304153759067696e-06,-6.308175953598337643e-06,-8.512917575639643034e-06,-8.135390702250660353e-06,-5.355387525796747951e-06,-1.388761937299229888e-06,2.053840255661846291e-06,3.516417287403798437e-06,2.431098406315929994e-06,-6.385427359974589253e-07,-4.250791079397207166e-06,-6.727504562895033240e-06,-6.906175883536727423e-06,-4.672953435264846607e-06,-1.038527587659562432e-06,2.284343114917500794e-06,3.624261778096501425e-06,2.093301223284182333e-06,-1.999902184010106363e-06,-7.253893423462231474e-06,-1.175644514512292690e-05,-1.389286718546487738e-05,-1.302436757024156201e-05,-9.734972752074059707e-06,-5.537473501031763141e-06,-2.172848029592498516e-06,-8.224122423089005251e-07,-1.591460555759414046e-06,-3.497409950131380798e-06,-4.961541251981980207e-06,-4.570095525924687499e-06,-1.747367479027763486e-06,2.971266252551766380e-06,8.186508194150035120e-06,1.227602066750804822e-05,1.411949846288197963e-05,1.356603242781973414e-05,1.143379036198426138e-05,9.061821884485041958e-06,7.647874188141366453e-06,7.700142197054389519e-06,8.861367959789714975e-06,1.016905117446837183e-05,1.059594165507246078e-05,9.581374051849917377e-06,7.281864926230318145e-06,4.426079090524449793e-06,1.871317137250722382e-06,1.152149237629939927e-07,-9.636871181554920053e-07,-1.989116894412000448e-06,-3.652638526188312123e-06,-6.197930671489504117e-06,-9.115373520406672039e-06,-1.124012524362333615e-05,-1.124252992593032462e-05,-8.292328981394560006e-06,-2.573704219980213819e-06,4.617890278897384784e-06,1.127697139906548147e-05,1.543312495190874022e-05,1.591964663220486823e-05,1.282740793937194857e-05,7.444424516512622463e-06,1.711347499794726401e-06,-2.563799835099264061e-06,-4.389265630296772921e-06,-3.886063726114296794e-06,-2.093371747427652795e-06,-3.985120025961775714e-07,1.349721381443152470e-07,-7.615155116358028098e-07,-2.488580592509908848e-06,-3.915562219127383273e-06,-3.958190289699953609e-06,-2.130625516209014063e-06,1.173132788035680177e-06,4.789307226717599317e-06,7.237919755501542993e-06,7.330268766638442961e-06,4.681341264482945306e-06,-8.027222223893447204e-08,-5.491532202446380845e-06,-9.759242817076288319e-06,-1.140258744083530161e-05,-9.795527585025151870e-06,-5.407338535824725923e-06,3.502623663824267673e-07,5.617092221784858635e-06,8.741335021647395268e-06,8.858982162632657057e-06,6.182002532877747773e-06,1.888964667091312147e-06,-2.337600345996182057e-06,-4.946419799968298542e-06,-5.077247804867352891e-06,-2.828641105657447321e-06,8.622508490978974122e-07,4.662553221521215453e-06,7.410012138096008621e-06,8.556214453142324555e-06,8.301398813682389730e-06,7.379205488311621738e-06,6.610596510441539760e-06,6.449837504966827283e-06,6.743105089794953981e-06,6.813055072709120432e-06,5.822113892103136971e-06,3.231167288836170177e-06,-8.750219235163829397e-07,-5.757112496942977132e-06,-1.030070142275937243e-05,-1.346978649033888866e-05,-1.471576102330328306e-05,-1.415101032267451571e-05,-1.241766907068104367e-05,-1.033459411759668374e-05,-8.511239399225165302e-06,-7.123224542112464085e-06,-5.950368614265070166e-06,-4.635000406418195919e-06,-3.002215652176478735e-06,-1.254941671230972239e-06,7.105071227769618456e-08,3.733990354188287173e-07,-6.713981646537236708e-07,-2.872634141779847883e-06,-5.535665666507746242e-06,-7.726956678321152185e-06,-8.670588473158030566e-06,-8.083560131061422061e-06,-6.286545687206407635e-06,-4.038762420448813780e-06,-2.181722484507705237e-06,-1.267194752209068629e-06,-1.345210365750099622e-06,-2.001404645357151684e-06,-2.606738473405921562e-06,-2.642208384426765488e-06,-1.935607379223251125e-06,-7.047659797440742421e-07,5.930020556738680919e-07,1.509598919425801889e-06,1.819039632001735203e-06,1.594404380926378272e-06,1.130037924965460342e-06,7.714586853678833448e-07,7.534626718695688671e-07,1.126085925548071380e-06,1.786822213647905231e-06,2.575145976603755809e-06,3.358233564690278999e-06,4.057138186582327431e-06,4.613192387376515206e-06,4.940103374846991544e-06,4.917678623274294264e-06,4.451455292451999326e-06,3.569530992089812664e-06,2.489278431391531913e-06,1.590562616043743306e-06,1.280950396457317905e-06,1.805719219840828932e-06,3.100479994543731054e-06,4.776068917714875168e-06,6.262707224321359360e-06,7.054614513297970730e-06,6.935169132065669138e-06,6.063805197726548838e-06,4.873563537427519967e-06,3.829108790562873953e-06,3.174379778966749794e-06,2.810741835182938226e-06,2.379741077482776264e-06,1.512048409747604662e-06,1.063565729335968424e-07,-1.525269799069009320e-06,-2.745939890375108019e-06,-2.892412049639300253e-06,-1.638973598491107420e-06,7.678090100944770490e-07,3.545308269070173286e-06,5.690316630792460249e-06,6.434496247073666896e-06,5.616853160207334907e-06,3.778507449881155387e-06,1.916145181742541327e-06,1.001101089924500110e-06,1.494429333096763387e-06,3.099329604450199645e-06,4.881606610514614053e-06,5.709360930871829272e-06,4.804036291259624613e-06,2.136631033562818060e-06,-1.524364564132411325e-06,-4.938481637181185016e-06,-6.937255498043355154e-06,-6.928889534853673896e-06,-5.130075818602732942e-06,-2.428288751351795722e-06,4.311208698177111027e-08,1.403066350601697766e-06,1.359329255910993656e-06,2.431195961245239939e-07,-1.241054607695432733e-06,-2.396224532358650348e-06,-2.841642572224999360e-06,-2.605690511646854374e-06,-1.988511836251921839e-06,-1.306052945495659925e-06,-6.824837578601593942e-07,-1.554139843024004694e-08,8.731732861789916522e-07,2.007750115424471142e-06,3.106099398669383814e-06,3.624765302746311972e-06,3.004837116441031394e-06,9.996615613617541570e-07,-2.098254820066633011e-06,-5.477529870229177263e-06,-8.100310475789236674e-06,-9.146655492744474979e-06,-8.399119154987990665e-06,-6.369427950957892105e-06,-4.086513738259034782e-06,-2.630366476584402537e-06,-2.626587383384474660e-06,-3.944707940914646620e-06,-5.751859317967510315e-06,-6.904647643356737306e-06,-6.497979144325103131e-06,-4.310895545755453361e-06,-9.357354237663231550e-07,2.473453296790211544e-06,4.716525008217323825e-06,5.085418792971528186e-06,3.674443822221712846e-06,1.322119789016322019e-06,-7.812245455556409341e-07,-1.630713840314447563e-06,-8.374807328880800719e-07,1.240976656447640903e-06,3.716690882398164024e-06,5.615407954821258904e-06,6.328990160699767562e-06,5.862221043782351564e-06,4.767858945108716001e-06,3.817653156593253197e-06,3.581737109185019297e-06,4.125699806931211594e-06,4.969381005720762185e-06,5.319333146540488974e-06,4.454115761281680964e-06,2.072212723347224139e-06,-1.562451842895482679e-06,-5.738354056476546002e-06,-9.608938297168776322e-06,-1.254018392256671982e-05,-1.432406367821923114e-05,-1.516317117943017383e-05,-1.545085597567061951e-05,-1.547476173730013009e-05,-1.520829232911098859e-05,-1.430661448669245429e-05,-1.231577589817184469e-05,-8.989548317064780135e-06,-4.545967946016609207e-06,2.834055336434845939e-07,4.462196874319638593e-06,7.040460585891424500e-06,7.557869514078588819e-06,6.271074402824969517e-06,4.088884950194169359e-06,2.227647476487280606e-06,1.726344943591045161e-06,3.027501783576063753e-06,5.804410928071556183e-06,9.108326253396067465e-06,1.176935381233870400e-05,1.287523823327484787e-05,1.212231229033582852e-05,9.895004499029161265e-06,7.054730511185774458e-06,4.547961858984969548e-06,3.018012452240982579e-06,2.593005591079227700e-06,2.931768288343731248e-06,3.484478276749580772e-06,3.825085597462249779e-06,3.884106092654749138e-06,3.965138930176099769e-06,4.538794962835762962e-06,5.920218636934399239e-06,7.997240042398233860e-06,1.015644553069547213e-05,1.146324619545498011e-05,1.103191072576031375e-05,8.428368520662919117e-06,3.925603105691972436e-06,-1.510441036586787968e-06,-6.513219909385956352e-06,-9.776891628802955109e-06,-1.050605436357708167e-05,-8.679215452515087926e-06,-5.029723964821636778e-06,-7.633340734674612822e-07,2.866142426383874829e-06,4.954663908882392463e-06,5.175481605825099788e-06,3.773601367535803129e-06,1.363523010700057679e-06,-1.359581618576787187e-06,-3.865700407426638207e-06,-5.901504903592523954e-06,-7.449708949900409756e-06,-8.590796438987921606e-06,-9.359978979240514413e-06,-9.681549637125424332e-06,-9.411992720875874110e-06,-8.459737018616428125e-06,-6.905628813358046563e-06,-5.045765950097897081e-06,-3.318195542226815917e-06,-2.137016176400762051e-06,-1.710231337320994373e-06,-1.933775683381263935e-06,-2.423464449912253917e-06,-2.682131096937102886e-06,-2.331327537447367509e-06,-1.299380411218649049e-06,1.290604839895399912e-07,1.435878397581436422e-06,2.116961216790461035e-06,1.942739539052492339e-06,1.106518984476616709e-06,1.811389575104026462e-07,-1.091548769497446791e-07,7.925756612839782285e-07,3.007323534514792341e-06,6.124209834853742770e-06,9.324209029432124079e-06,1.167206009083424475e-05,1.245042308246192002e-05,1.139529734405817388e-05,8.742586178827547373e-06,5.086351783337023633e-06,1.134037053465395807e-06,-2.519203156278398944e-06,-5.502305084468187346e-06,-7.645315595428666666e-06,-8.878534573862105627e-06,-9.148465232041477335e-06,-8.421923396223726337e-06,-6.779567207593094599e-06,-4.525966835268361666e-06,-2.212563436531859748e-06,-5.068777328539294646e-07,6.879769286872850452e-08,-5.877414737731667943e-07,-2.027170325934617081e-06,-3.370635636935663997e-06,-3.674633914161156839e-06,-2.391754723330367724e-06,2.973309218105119921e-07,3.472397024342382783e-06,5.833942351184648265e-06,6.300113071351393863e-06,4.566601217036895170e-06,1.343372433994863254e-06,-1.884634976059919488e-06,-3.501369497271365475e-06,-2.528098816163156260e-06,8.487960908954531967e-07,5.265347777357293107e-06,8.724645479973293995e-06,9.472742835651988801e-06,6.808761651134694171e-06,1.446693187467258538e-06,-4.752907668263293547e-06,-9.568782657779816497e-06,-1.136373937462572445e-05,-9.753327717507104150e-06,-5.696284851299849020e-06,-9.827728789083594190e-07,2.616784882269507763e-06,4.125439648827601338e-06,3.692734946296080950e-06,2.355076508721506080e-06,1.381572761213935971e-06,1.564600648022395170e-06,2.826089269606867202e-06,4.330771601417242400e-06,5.023133146029573293e-06,4.280191151639416589e-06,2.314718404230567343e-06,1.017124900425634140e-07,-1.139618411699181907e-06,-6.333582472511793573e-07,1.468171759143397727e-06,4.073425369801527641e-06,5.639842209055012138e-06,4.923740392566700573e-06,1.612923937901650857e-06,-3.482523836824123430e-06,-8.783155858420786273e-06,-1.266307678386023236e-05,-1.418289667625508269e-05,-1.347108208034053083e-05,-1.157404029538837373e-05,-9.865371401232823459e-06,-9.323525409445777265e-06,-1.004409333809721257e-05,-1.122306279483488108e-05,-1.160200822653849276e-05,-1.013400956112913709e-05,-6.527939026452332225e-06,-1.405102644999923835e-06,3.990455550945424364e-06,8.360399270826991862e-06,1.090324873332249480e-05,1.158211326486021561e-05,1.100644475684521810e-05,1.002932708183762086e-05,9.297311864189071050e-06,8.990168339102755628e-06,8.862390514056304135e-06,8.523103536016400983e-06,7.764734249529252021e-06,6.739723154342552785e-06,5.887824145420048302e-06,5.669708649999737358e-06,6.276064434710332294e-06,7.491523259603895489e-06,8.796910972478266984e-06,9.649660519596161854e-06,9.775342842535254104e-06,9.295441117291890884e-06,8.612338450257975782e-06,8.116644493186522444e-06,7.890857638512471854e-06,7.592831524096480407e-06,6.604688748335110693e-06,4.381108124771073261e-06,8.105448622900434689e-07,-3.616645896854341430e-06,-7.943665301381109856e-06,-1.113576077193764881e-05,-1.253181193693673894e-05,-1.212833781168950476e-05,-1.054759795920382698e-05,-8.704697474724263788e-06,-7.346175093055155644e-06,-6.700072808163476574e-06,-6.418293788983228161e-06,-5.837103760385759627e-06,-4.412978170846505397e-06,-2.097928652140210237e-06,5.500892899444996912e-07,2.587187824930713307e-06,3.126677442145861802e-06,1.781807404613389495e-06,-1.115397695389685500e-06,-4.628482181480551730e-06,-7.606050638460070805e-06,-9.154926554348451337e-06,-8.972598613405995829e-06,-7.394683458317345588e-06,-5.160139310821303078e-06,-3.032692827448191938e-06,-1.473348780708882578e-06,-5.129448577528499533e-07,1.429933307638310661e-07,8.661739395201093330e-07,1.865584775624232488e-06,3.082716404717350023e-06,4.259144726449707843e-06,5.113064246729234716e-06,5.506575088569120784e-06,5.503471093724833172e-06,5.292138092276786035e-06,5.032740799577831040e-06,4.731976877544785809e-06,4.227998257415144332e-06,3.297189906767593091e-06,1.817076586967569037e-06,-1.175791509789356294e-07,-2.203015845448047082e-06,-4.063291833313465760e-06,-5.441855737005991270e-06,-6.337507881199034947e-06,-7.001999407178170957e-06,-7.793788656438355815e-06,-8.965735341961078906e-06,-1.050558414584125134e-05,-1.212188017141023087e-05,-1.338733092842377237e-05,-1.396100185963286226e-05,-1.376172180987253765e-05,-1.298754785501720431e-05,-1.196071665976543919e-05,-1.087943816585431810e-05,-9.620571135488593017e-06,-7.722946189403605209e-06,-4.592409566941801998e-06,1.503554463488923700e-07,6.347209258418475250e-06,1.318177983128769299e-05,1.935521918392097259e-05,2.351622769335832524e-05,2.477604758769255317e-05,2.308467194567663237e-05,1.929216297463292871e-05,1.485021121633767874e-05,1.126563136293547359e-05,9.528555248224183363e-06,9.753119995380464814e-06,1.118018458385607311e-05,1.253871659502342646e-05,1.261151681134546194e-05,1.076645269531413169e-05,7.231103132591092656e-06,2.997853244235460266e-06,-5.990283008808276150e-07,-2.457248496537228642e-06,-2.192307022298882370e-06,-3.316801785913940362e-07,1.869006794241182992e-06,2.922242053849821939e-06,1.724725574164675273e-06,-1.951927286627961412e-06,-7.298377780662990208e-06,-1.271210921564580745e-05,-1.637106295110910442e-05,-1.692551916353972192e-05,-1.404207487159579937e-05,-8.580159141523587002e-06,-2.316391040784486412e-06,2.693533835537429429e-06,4.878921548404154802e-06,3.748366562383305718e-06,7.513162440434213582e-08,-4.410082647244267124e-06,-7.707117829109217760e-06,-8.345979460223322606e-06,-5.976678357900136873e-06,-1.506377273495790963e-06,3.277803715328446990e-06,6.450601335307107879e-06,6.751866804681791181e-06,4.118619460779028606e-06,-2.773296307619617659e-07,-4.505162770654830927e-06,-6.669423909603634066e-06,-5.695070826708789289e-06,-1.779364769216354087e-06,3.674016168801851881e-06,8.608230792725333699e-06,1.112366596964917835e-05,1.021393782644514244e-05,6.133483120877218220e-06,2.601330655826698764e-07,-5.475133905575364874e-06,-9.346631236670168048e-06,-1.046952369903927097e-05,-9.064215735632078410e-06,-6.262500343342689885e-06,-3.558359028130895518e-06,-2.146631172988553427e-06,-2.428597136692173423e-06,-3.884390150331705386e-06,-5.354100568757396171e-06,-5.598618062849880400e-06,-3.896711768886774693e-06,-4.214526204168113939e-07,3.769124226120340560e-06,7.132676859727308582e-06,8.276720545366397845e-06,6.566935586425498414e-06,2.452562687954136762e-06,-2.640332234175578267e-06,-6.824003651244578245e-06,-8.478935036681625915e-06,-6.907756566021447245e-06,-2.641471953731588966e-06,2.740912876704305355e-06,7.221732709491832005e-06,9.144671228116462062e-06,7.879569504623552869e-06,4.073309411351324674e-06,-6.245361995365659728e-07,-4.252389060842503711e-06,-5.355574748686839010e-06,-3.586822134193005501e-06,1.669562983118800709e-07,4.182606879080615994e-06,6.645933507647653115e-06,6.416060957771836755e-06,3.476746763524263430e-06,-1.112590444127078879e-06,-5.725415709754168891e-06,-8.889750454317353650e-06,-9.888176231188781944e-06,-8.970356511074273798e-06,-7.103859945195492390e-06,-5.410238646077498535e-06,-4.577546332726233919e-06,-4.539557280794570009e-06,-4.569194716576213765e-06,-3.722042363053153585e-06,-1.391411227752136982e-06,2.314429307989773173e-06,6.566106549348988215e-06,1.017895034632809774e-05,1.216183642727898499e-05,1.216948623624513023e-05,1.063211688859623039e-05,8.504809685267098032e-06,6.774507668139561776e-06,5.983988464377804948e-06,6.017373626846388375e-06,6.249684125816167461e-06,5.968796655856621963e-06,4.834004440442361071e-06,3.116985697837841868e-06,1.588091940191656740e-06,1.102012786923837872e-06,2.101327491371600542e-06,4.306870002402355505e-06,6.772135111289067699e-06,8.291456471758689432e-06,7.965435586475767525e-06,5.639558596820890459e-06,1.990160548552122814e-06,-1.792338745461741186e-06,-4.569071134060617610e-06,-5.785889418634167953e-06,-5.707595659998793112e-06,-5.237074026533856726e-06,-5.412689929473069665e-06,-6.839535183180209385e-06,-9.342846418391448834e-06,-1.201920449037560070e-05,-1.366083188033706761e-05,-1.334212806845306467e-05,-1.087886830225286955e-05,-6.937035968129312136e-06,-2.744083306962148874e-06,4.496278327378530545e-07,1.894940533632504940e-06,1.606795217263578365e-06,2.572669043662435130e-07,-1.224473253896085208e-06,-2.130164852699170571e-06,-2.288939045137499160e-06,-2.078903248053824752e-06,-2.152536824331627690e-06,-3.037338913048657106e-06,-4.825399669211639613e-06,-7.105967215556439235e-06,-9.160676377721035509e-06,-1.030530400339480846e-05,-1.019475988865485257e-05,-8.940047637232167353e-06,-6.994320641425275670e-06,-4.888445406496003257e-06,-2.968825282728560435e-06,-1.276366789659796618e-06,3.821326887684046831e-07,2.228954422169303474e-06,4.307197500569447399e-06,6.395517842772847404e-06,8.097367289087670450e-06,9.054427657717085314e-06,9.161912459802564447e-06,8.660260851139274540e-06,8.044221523476624840e-06,7.829471984157465304e-06,8.294923561156219351e-06,9.334227922895152669e-06,1.049528764907882711e-05,1.119136147253029526e-05,1.098156658802585605e-05,9.785728178233301362e-06,7.933408167343972259e-06,6.029304217768100033e-06,4.703899964626719098e-06,4.366559022743651357e-06,5.067569371237722704e-06,6.516230521642878990e-06,8.227325970427006209e-06,9.715747981573854113e-06,1.065089188788239558e-05,1.091617560251633349e-05,1.057174137639566274e-05,9.761303949742738484e-06,8.618413652353675548e-06,7.212501407121600579e-06,5.545646524669809615e-06,3.585989131034133855e-06,1.314565763117497109e-06,-1.232197109246015668e-06,-3.932418502747777861e-06,-6.565517883562143409e-06,-8.824330371519075873e-06,-1.036531534602154775e-05,-1.090285328624432707e-05,-1.033168825267938465e-05,-8.833035940015845761e-06,-6.903526265461636280e-06,-5.259889241731792068e-06,-4.619946229039322127e-06,-5.425004235405007906e-06,-7.617612873634939421e-06,-1.059001796704135119e-05,-1.336049920120358880e-05,-1.493571162256869794e-05,-1.472142060312185382e-05,-1.280136952613919350e-05,-9.943662511660231941e-06,-7.306521858526412063e-06,-5.952926095232546654e-06,-6.381262578807164577e-06,-8.285756688996044622e-06,-1.066626293126829785e-05,-1.225121621358489992e-05,-1.205174120135573437e-05,-9.799256111283097961e-06,-6.067403064466275357e-06,-2.021682009897624442e-06,1.089143658650533220e-06,2.467469121510938949e-06,2.084894180555523805e-06,6.448330595593811044e-07,-7.828229562060992036e-07,-1.276877854747054400e-06,-4.876402208659353296e-07,1.224294664946289318e-06,2.986809184649605449e-06,3.848024155561690312e-06,3.233221277944597818e-06,1.216426927888166631e-06,-1.509475325420494336e-06,-3.937701652323949517e-06,-5.179002032375899298e-06,-4.823744247076715107e-06,-3.082540625876665558e-06,-6.608527178693605248e-07,1.559518662611959488e-06,2.884770763671109529e-06,3.068352391020725958e-06,2.373884894996700166e-06,1.438948561566310742e-06,1.012503195992693699e-06,1.672950588999675084e-06,3.622113270906385899e-06,6.608886086372585313e-06,9.989215950077136381e-06,1.289451766032825413e-05,1.446340128596235033e-05,1.408554281967838156e-05,1.160369109741571844e-05,7.418903728715623618e-06,2.452498646261077348e-06,-2.054354051220512799e-06,-4.874024998058555907e-06,-5.172664331332063953e-06,-2.811261595406374860e-06,1.555496272376903405e-06,6.648393593190212791e-06,1.096918337988428366e-05,1.331021312631862206e-05,1.317836744753900949e-05,1.096128143039430417e-05,7.757934004572739940e-06,4.931484068599099142e-06,3.561995103566527052e-06,4.025555071616160793e-06,5.878060864042474479e-06,8.093366595197068502e-06,9.550928414698513612e-06,9.556077409667605509e-06,8.158385104587566282e-06,6.120861345976737395e-06,4.548274640156211986e-06,4.338224069251992502e-06,5.703774475511147300e-06,7.991693161727396466e-06,9.894382562965358088e-06,9.980627824513269697e-06,7.326124913724728265e-06,1.973462810676619891e-06,-4.983405291517218049e-06,-1.174029462882837668e-05,-1.642149604098961936e-05,-1.776302811545710857e-05,-1.556868847065949775e-05,-1.076175744292457164e-05,-5.021496550322458341e-06,-1.600438412575093774e-07,2.507941487367697417e-06,2.561521173424967015e-06,5.035597059809883285e-07,-2.550938401320081331e-06,-5.369226155232422762e-06,-7.061968286126121348e-06,-7.334281668385274011e-06,-6.459835004996982233e-06,-5.037228518985250228e-06,-3.672084490093009960e-06,-2.736857245033358509e-06,-2.297844265960017614e-06,-2.203298099020244646e-06,-2.248603459128020459e-06,-2.311437952414074636e-06,-2.387394803891670840e-06,-2.527851398770941075e-06,-2.743557799464903557e-06,-2.954053240424234347e-06,-3.026660846683757417e-06,-2.883139239887611874e-06,-2.598646179619672683e-06,-2.411756689978148405e-06,-2.613550935122360531e-06,-3.362172776347585583e-06,-4.530156956366914745e-06,-5.694255597482599165e-06,-6.311099758084534512e-06,-6.016455899882995553e-06,-4.897913863260847329e-06,-3.574902161526417391e-06,-2.996454788883617914e-06,-4.007209083673575379e-06,-6.867630169075701629e-06,-1.097114931334554236e-05,-1.493787823451839621e-05,-1.709979540739353841e-05,-1.619907250259338473e-05,-1.199498970330523844e-05,-5.485842490095844987e-06,1.392839192912606748e-06,6.498327562991102167e-06,8.338775860541415617e-06,6.684292995607031879e-06,2.653395737971471376e-06,-1.772615569256175183e-06,-4.596938733695429916e-06,-4.641353748278086505e-06,-1.999856584841592202e-06,2.078584604888371060e-06,5.806140623899071118e-06,7.675159752899577279e-06,7.103195236478677061e-06,4.623437524833147349e-06,1.562584615835399233e-06,-6.128882272358946043e-07,-9.597018892955146223e-07,5.739703301844127077e-07,3.218428779073005630e-06,5.816993462440181591e-06,7.386276659794672805e-06,7.526056179062069937e-06,6.502028624713621268e-06,5.001240975184191290e-06,3.720086046126421955e-06,3.010125047069191688e-06,2.753203208584608112e-06,2.502315407225818393e-06,1.784792368938149654e-06,3.919951430412974882e-07,-1.494106618385345242e-06,-3.385644855407228463e-06,-4.717338559748335326e-06,-5.084469836290534459e-06,-4.369235631732683288e-06,-2.711982810650216522e-06,-3.760219569049436399e-07,2.392415783690175926e-06,5.421074076785009859e-06,8.563884449028669622e-06,1.160229455762976595e-05,1.418638695895877326e-05,1.588245395509280678e-05,1.632400086682334511e-05,1.539095608216526400e-05,1.331230152308665922e-05,1.062047211544561468e-05,7.964514490172980627e-06,5.868363981743658613e-06,4.554265417209426331e-06,3.918416597253491128e-06,3.663592218220542707e-06,3.507864348183040606e-06,3.348326845024852009e-06,3.287386138537913750e-06,3.510968561865290445e-06,4.096483300453677264e-06,4.872602216442926380e-06,5.426495925656393771e-06,5.270789377509018845e-06,4.088764816177638042e-06,1.925722866735292978e-06,-7.830506543737625034e-07,-3.372438504222831937e-06,-5.219656250159344352e-06,-5.991538112620862778e-06,-5.743680527991140295e-06,-4.829184344639353416e-06,-3.678206832312821128e-06,-2.577590429352593567e-06,-1.574194164927275032e-06,-5.494230745297797607e-07,5.907908719050413051e-07,1.737220382463375406e-06,2.533181926560247524e-06,2.510895082240026391e-06,1.345374323799590838e-06,-9.151554068690246308e-07,-3.783627956611674099e-06,-6.492946379620485426e-06,-8.317505500392616320e-06,-8.901039922055233077e-06,-8.420702677289382010e-06,-7.495788493650526341e-06,-6.880869368136359072e-06,-7.097502693888188315e-06,-8.193448302156172830e-06,-9.752606678171437242e-06,-1.114604539080443164e-05,-1.188519146480639537e-05,-1.188274292373027001e-05,-1.147654755109352128e-05,-1.120141029673328669e-05,-1.143427691447228170e-05,-1.211300314551344912e-05,-1.269558930258346974e-05,-1.240069933757413434e-05,-1.061735047050464814e-05,-7.273629168551386311e-06,-2.965198076158333974e-06,1.238849599717579347e-06,4.231857830094696385e-06,5.341023652777792256e-06,4.606632362600445082e-06,2.735304507332396725e-06,7.546102349187192586e-07,-4.580187738015979052e-07,-5.430746061632344036e-07,2.455720971610693812e-07,1.244417480308412094e-06,1.761156016278666087e-06,1.431079381016095960e-06,3.750642535476788981e-07,-9.004042893511967840e-07,-1.784212080132390603e-06,-1.860283838598973239e-06,-1.071412463591854343e-06,3.171682996040830374e-07,1.902005653960631107e-06,3.345021521829504219e-06,4.474245518924781704e-06,5.239663292668115269e-06,5.584502285649369539e-06,5.352001101699834964e-06,4.325735174644031177e-06,2.408606530727071779e-06,-1.625073234985300234e-07,-2.723306050830387019e-06,-4.324499954645462290e-06,-4.099780098109802284e-06,-1.706195724281154606e-06,2.393343376613302921e-06,6.992351197687834014e-06,1.057881124254672351e-05,1.198392503661111598e-05,1.094308339107944056e-05,8.278923885182395607e-06,5.576898301041934484e-06,4.466927898919906304e-06,5.831534247007084816e-06,9.322137259642840221e-06,1.343934908120306754e-05,1.617172409379907536e-05,1.591423704430076715e-05,1.223882754951748749e-05,6.144346500602391510e-06,-3.473525958858129612e-07,-5.071137458910620309e-06,-6.664706964785117558e-06,-5.135978231801128795e-06,-1.787443684183403908e-06,1.456128140067110770e-06,2.982063954864584429e-06,2.228507143565330648e-06,-1.270741730271902960e-07,-2.606239222834486596e-06,-3.757832965980701399e-06,-2.946928697184205443e-06,-7.002464049723955892e-07,1.567397470978702049e-06,2.304687317744414675e-06,6.685386274079071109e-07,-2.971700883859048733e-06,-7.133936297700331349e-06,-9.887692674613260011e-06,-9.761968818458263515e-06,-6.455078134791928289e-06,-1.004629066481195464e-06,4.657560377695953440e-06,8.542980632741624177e-06,9.433286310302685168e-06,7.316294728503209656e-06,3.258521165136353487e-06,-1.177171632088591324e-06,-4.649704456802967537e-06,-6.537281736102700940e-06,-7.003242393713116265e-06,-6.661946577263474242e-06,-6.083870596488385599e-06,-5.442923818840946820e-06,-4.501654451292431004e-06,-2.917405831970426471e-06,-6.564174130930199243e-07,1.766051041501118541e-06,3.404127138209728875e-06,3.332729223742896704e-06,1.200728680476970455e-06,-2.429731623240089210e-06,-6.183704077367486987e-06,-8.417414988012372426e-06,-7.969822934784472670e-06,-4.757067744865779946e-06,9.949898396118235076e-08,4.703368175467813762e-06,7.190011903345159428e-06,6.540293352244952087e-06,3.019733215799964985e-06,-1.959764269978553601e-06,-6.483433399511375995e-06,-8.972870797135836917e-06,-8.828778265089288604e-06,-6.593795333728901697e-06,-3.592583753131996487e-06,-1.255487893632245199e-06,-4.670953129672050931e-07,-1.241652519922617016e-06,-2.843703844645148945e-06,-4.245477536475808143e-06,-4.659096829399785398e-06,-3.873342563570152449e-06,-2.253827865030060872e-06,-4.539188468933045839e-07,9.718087412279706629e-07,1.831740928007067637e-06,2.312390715504262823e-06,2.771338026886492108e-06,3.458698646718663390e-06,4.345074498955756979e-06,5.155479181453928972e-06,5.576194047146197227e-06,5.495007153112474029e-06,5.116658648035922235e-06,4.873211565563075011e-06,5.175382994270242864e-06,6.149846090954609605e-06,7.520267806372245697e-06,8.708621200583972224e-06,9.105785003220435287e-06,8.361782436511435481e-06,6.534819667959802649e-06,4.021931909973793128e-06,1.323635079759295159e-06,-1.206717373243810647e-06,-3.471494879168950339e-06,-5.529765857013430664e-06,-7.362935717821454374e-06,-8.677388725327075627e-06,-8.912918945595535569e-06,-7.510697501503346022e-06,-4.327267606342096775e-06,4.177257123574892813e-08,4.262661316910620277e-06,6.680110523884857155e-06,6.020252444814630182e-06,2.066914065655804406e-06,-4.041816668228895302e-06,-1.010729631790922366e-05,-1.369512067374783808e-05,-1.316234840162710496e-05,-8.427203220154409663e-06,-1.105374864131818146e-06,6.090495389106785092e-06,1.045361059286509725e-05,1.041138766702094565e-05,6.176726103355011850e-06,-3.716966752178853377e-07,-6.525287005402289188e-06,-9.917867920214063054e-06,-9.507086942238473931e-06,-5.935386810178564042e-06,-1.135186354313368096e-06,2.608759100111526062e-06,3.689282614277927833e-06,1.829459749528792307e-06,-1.911764461851353447e-06,-5.736062633840523812e-06,-7.984153071455521883e-06,-7.868266602820183156e-06,-5.731797088140612907e-06,-2.757772027230384860e-06,-3.149722589261710825e-07,7.133057166694343816e-07,2.950508574628156494e-07,-8.365170060546151169e-07,-1.634680230671661192e-06,-1.300125487643836172e-06,3.346749336498862597e-07,2.768576072355400703e-06,5.124124177250613887e-06,6.588684730953931470e-06,6.768459530819553527e-06,5.790112237636407272e-06,4.134110564785363588e-06,2.327447880269566103e-06,6.855003658446796692e-07,-7.541825484628726146e-07,-2.087102311740607400e-06,-3.295553756636174483e-06,-4.072120893400656564e-06,-3.845940274643394449e-06,-2.028427005984663044e-06,1.635399481576601337e-06,6.797376161075695682e-06,1.248121382852358051e-05,1.735224637208886364e-05,2.018724292697954585e-05,2.034503000330047871e-05,1.802700365102347229e-05,1.420478309907934129e-05,1.023881936325082780e-05,7.347965089231584405e-06,6.153296295701087294e-06,6.482807720334847425e-06,7.506622699846729409e-06,8.130165741462644973e-06,7.468867645734905290e-06,5.205168005803585694e-06,1.691145126413083570e-06,-2.225089802426748484e-06,-5.556895182521953344e-06,-7.562291912991412985e-06,-7.999611091919177420e-06,-7.168536672188054971e-06,-5.742936311197632061e-06,-4.481700160613244609e-06,-3.940109318207722869e-06,-4.288876813567170073e-06,-5.294490663161876037e-06,-6.449027521358467511e-06,-7.186361437212673146e-06,-7.100581699454647516e-06,-6.093154375530198306e-06,-4.407997953677361730e-06,-2.553207657068177366e-06,-1.141334629139693865e-06,-6.992845455305446669e-07,-1.502569011708422305e-06,-3.479387093996513688e-06,-6.211757606411132987e-06,-9.037365962299635420e-06,-1.123042233765337931e-05,-1.221685837815653791e-05,-1.176410222887203798e-05,-1.008441528950012239e-05,-7.807481945032798218e-06,-5.812096537837371950e-06,-4.951352856391451850e-06,-5.747660559376396680e-06,-8.157547382553204384e-06,-1.149891954704855278e-05,-1.459148414824708000e-05,-1.609314551498510509e-05,-1.494197698028766359e-05,-1.076156671184110421e-05,-4.080499036021914054e-06,3.735600970610274735e-06,1.084860756424702244e-05,1.551021983382770155e-05,1.663957417736250356e-05,1.420987440193116862e-05,9.290270346728677476e-06,3.705629907118526911e-06,-5.824018903280479204e-07,-2.158157043484283111e-06,-6.481320758985929848e-07,3.159452613083656297e-06,7.623658396999597789e-06,1.087572949658172631e-05,1.152163470744665376e-05,9.150335391768128898e-06,4.451203803708847330e-06,-1.099578193317836421e-06,-5.849410689186478092e-06,-8.622372068029114772e-06,-9.146680337495224756e-06,-8.086398163034683029e-06,-6.676605811510708946e-06,-6.129310452008971061e-06,-7.071838566455437043e-06,-9.260002921687688444e-06,-1.168443918832290310e-05,-1.301542038181202599e-05,-1.218560513723380243e-05,-8.855060017334097163e-06,-3.560896677540184872e-06,2.503249882152462457e-06,7.970283768696655947e-06,1.182816364584444848e-05,1.376693627857580278e-05,1.420769282941706851e-05,1.402293243301645303e-05,1.409186042263202922e-05,1.489677037755673426e-05,1.633366259859557348e-05,1.780218311054550481e-05,1.851055992601183047e-05,1.784087352939621210e-05,1.560736095904819893e-05,1.210550653612085674e-05,7.955967470986589763e-06,3.841444943697073655e-06,2.725181573340125064e-07,-2.513543399826600119e-06,-4.497515795234369300e-06,-5.728033629891879063e-06,-6.183681849035790839e-06,-5.739251525304090404e-06,-4.262198005027179486e-06,-1.785178530932590385e-06,1.350975474435241776e-06,4.484549335163909275e-06,6.790890119928035460e-06,7.564986586125235340e-06,6.512904302237147707e-06,3.918421774392482074e-06,5.959091582609735609e-07,-2.371109952669419183e-06,-4.013525389908094993e-06,-3.834480963301191325e-06,-1.999708448221405346e-06,7.163215913325147467e-07,3.209007883430333828e-06,4.440707846228630689e-06,3.807208422122626233e-06,1.340802468984227504e-06,-2.316787404825826248e-06,-6.151043811204648939e-06,-9.126012812085856796e-06,-1.052098929284969459e-05,-1.013761542932765532e-05,-8.316509148651870265e-06,-5.773387453602459572e-06,-3.326021459291350560e-06,-1.614975493035421577e-06,-9.148225473310353617e-07,-1.093697567975805641e-06,-1.723204584407497999e-06,-2.287729770974428739e-06,-2.409794693034816348e-06,-2.006263247313515633e-06,-1.318567266418818210e-06,-8.080744804653830964e-07,-9.580815705795797972e-07,-2.058611637261233264e-06,-4.056660003887751007e-06,-6.530402644390612672e-06,-8.800150018643883738e-06,-1.013866321430690014e-05,-1.000765230584299346e-05,-8.238912131827999346e-06,-5.099815279316083807e-06,-1.224499959568393462e-06,2.562479247142677434e-06,5.470726225120740877e-06,6.947952936411779738e-06,6.808098687451570296e-06,5.256794838069285096e-06,2.818309270072337184e-06,1.915477133176342915e-07,-1.925742581207461480e-06,-3.004335179510926041e-06,-2.807496453799909498e-06,-1.445132099128164146e-06,6.567588579241608514e-07,2.869976673194118381e-06,4.538991945167904777e-06,5.172769544317212466e-06,4.595804695745180508e-06,3.004236179530698352e-06,8.982852737973314734e-07,-1.095586106268895415e-06,-2.455197704724597244e-06,-2.961110592530588003e-06,-2.782959131959236812e-06,-2.412378523814475643e-06,-2.461015915226781268e-06,-3.398695294585404205e-06,-5.335335401011736028e-06,-7.936684114614993713e-06,-1.051234270128994353e-05,-1.224591894530138993e-05,-1.248040962336305340e-05,-1.095095362717210722e-05,-7.880005829066822232e-06,-3.905693380547791302e-06,1.220386452903280149e-07,3.397559800632262403e-06,5.377888899284284870e-06,5.898256101901624037e-06,5.165309365697531103e-06,3.652531478480965443e-06,1.947893498177219983e-06,6.046255813016846999e-07,2.870252130261914525e-08,4.145707733107649376e-07,1.725756162034189496e-06,3.713570535742413216e-06,5.970731836624881761e-06,8.018482115482857903e-06,9.419275557881336854e-06,9.893217566236854951e-06,9.403525281043718294e-06,8.175213787167265528e-06,6.628211679978424732e-06,5.237671026849544808e-06,4.367345976027967767e-06,4.139914058320499394e-06,4.399401641258849977e-06,4.785835012189153829e-06,4.894501391877941991e-06,4.453113060729276864e-06,3.438843116651156712e-06,2.080987517926620157e-06,7.450964513511473668e-07,-2.509205820721119579e-07,-8.040560123883448606e-07,-1.095365590069007388e-06,-1.520536081519839162e-06,-2.503290963335917772e-06,-4.268897208764082104e-06,-6.679362815142404295e-06,-9.212359817110992992e-06,-1.110896884435759605e-05,-1.164404707534814876e-05,-1.041736034100396371e-05,-7.547841524791750744e-06,-3.685552449513678162e-06,1.755689674856946623e-07,3.023231649466615257e-06,4.173634294345433843e-06,3.511293662543633197e-06,1.531780498333313899e-06,-8.295830106209387384e-07,-2.520562041044002414e-06,-2.728935563846643499e-06,-1.146373091244262336e-06,1.949697862000804915e-06,5.815322250003366181e-06,9.505871986480983143e-06,1.218509471432546448e-05,1.336689152563900879e-05,1.301415863881261116e-05,1.147912343939052277e-05,9.329588945446268231e-06,7.141904437908918097e-06,5.342137322297433638e-06,4.145086283646794178e-06,3.592618310309874989e-06,3.649784551898207873e-06,4.296809323552769604e-06,5.564129973453376929e-06,7.490301402218027016e-06,1.002353567666727484e-05,1.291905687737994156e-05,1.569296599273438923e-05,1.767497258818711832e-05,1.816371181571997253e-05,1.664387637260157323e-05,1.299127484528490096e-05,7.584217033257539108e-06,1.263104949811176223e-06,-4.870462110165822987e-06,-9.764068324489488598e-06,-1.273524430517240143e-05,-1.368763892565329671e-05,-1.313499514462047258e-05,-1.201095934127208018e-05,-1.132479618701015276e-05,-1.178917598243979395e-05,-1.356602850833500394e-05,-1.623587360873373364e-05,-1.900628942447820283e-05,-2.107160765742952375e-05,-2.196474444684525548e-05,-2.173964461744377045e-05,-2.089660868054313034e-05,-2.008397416121251642e-05,-1.972297365036478555e-05,-1.975091782681394630e-05,-1.963070961902827586e-05,-1.864688559761964556e-05,-1.635743180662242675e-05,-1.297197986804468341e-05,-9.437160891063309516e-06,-7.135340896197613860e-06,-7.291546599933150508e-06,-1.034523976834588412e-05,-1.559350512966630337e-05,-2.131372099149599897e-05,-2.536224631738062465e-05,-2.601653731850967234e-05,-2.269347493098071674e-05,-1.620986268758818505e-05,-8.446878374586692370e-06,-1.552509723983087374e-06,2.964218620804773335e-06,4.835403819874476699e-06,5.058719440412790235e-06,5.341917736023558116e-06,7.241003506020234361e-06,1.141005765130981335e-05,1.732053716082550786e-05,2.357128012590687134e-05,2.861466182832272362e-05,3.151815791392334400e-05,3.236902147984370930e-05,3.211966848534685243e-05,3.196609739950538392e-05,3.259937372307520259e-05,3.374136808472671451e-05,3.423089406711204817e-05,3.263747013094698234e-05,2.809573791903528507e-05,2.092300125597944393e-05,1.267712864982777416e-05,5.588141523018176350e-06,1.615365050221721973e-06,1.579960796803388724e-06,4.796651113774308573e-06,9.388857359810127742e-06,1.313799154751952784e-05,1.445833099878973892e-05,1.303407164296072309e-05,9.830585370038593816e-06,6.506160127961691937e-06,4.542745465768697439e-06,4.537562780889402019e-06,5.994209311131443983e-06,7.681840748631209678e-06,8.338165304844518514e-06,7.328112382019182335e-06,4.915521429645359810e-06,2.028613437426567783e-06,-3.227296236434475603e-07,-1.637890968554079696e-06,-2.192616022035647671e-06,-2.838978115593195562e-06,-4.458407881939579404e-06,-7.381791513239181156e-06,-1.111001067924565715e-05,-1.450396434520772224e-05,-1.635522089325639603e-05,-1.603708574694910117e-05,-1.388535272417420259e-05,-1.109573932803435212e-05,-9.177476231410274464e-06,-9.235386268649704205e-06,-1.144300274596627959e-05,-1.497036404170682460e-05,-1.839587648507146466e-05,-2.038622712198501818e-05,-2.029954688550478074e-05,-1.841882865867851249e-05,-1.572280257924089255e-05,-1.334103616115943450e-05,-1.199264917915144605e-05,-1.169733463594841704e-05,-1.188583673638101241e-05,-1.181660428909253694e-05,-1.104599154551316297e-05,-9.684204196639012603e-06,-8.301042099941041905e-06,-7.547840646444707785e-06,-7.722333791960985162e-06,-8.534497104288945663e-06,-9.218638693837080089e-06,-8.943324893968523706e-06,-7.302152156056132690e-06,-4.616024778017665116e-06,-1.869384718008919988e-06,-2.899287217109617319e-07,-7.655540484518664441e-07,-3.378649395882920745e-06,-7.283918611351960515e-06,-1.099184878135257934e-05,-1.293023590558398052e-05,-1.203432431596025534e-05,-8.116869966483126263e-06,-1.883838899789127488e-06,5.374094118150800642e-06,1.225160516489058424e-05,1.765511351484986316e-05,2.103505241176451823e-05,2.238483147191794981e-05,2.207266051065905063e-05,2.062269818453467188e-05,1.854478256461516080e-05,1.625231009358186113e-05,1.404835396584956115e-05,1.213433480191111051e-05,1.060980721849738894e-05,9.465861025322853218e-06,8.597950390561009745e-06,7.857706563183144136e-06,7.132167908731883193e-06,6.407236142157473020e-06,5.766869617470190540e-06,5.310785357998669814e-06,5.026297309316469226e-06,4.691889755990870285e-06,3.890878803785819322e-06,2.164683443116090075e-06,-7.419143489342622006e-07,-4.655466089060839687e-06,-8.893332738768615491e-06,-1.240046937916666485e-05,-1.407932677720021410e-05,-1.319355102823008972e-05,-9.680551684419302246e-06,-4.236704278254402197e-06,1.869535426914642722e-06,7.189062024941786087e-06,1.053886261715886551e-05,1.133896589782705191e-05,9.727447753363073192e-06,6.434749403508576525e-06,2.488876581357940528e-06,-1.126449411403605600e-06,-3.741824929108612935e-06,-5.126956068642405546e-06,-5.457871146509195573e-06,-5.164909755970854138e-06,-4.726344692461050921e-06,-4.475354687027991068e-06,-4.475751289689009849e-06,-4.501875444492927766e-06,-4.132478726926599776e-06,-2.936476702910086234e-06,-6.935191344196483529e-07,2.433880409692376254e-06,5.860313936190724902e-06,8.715925612265491471e-06,1.013965790029302665e-05,9.626601525282365847e-06,7.282843946510254267e-06,3.857658812365563770e-06
-1.100375412756926769e-05,-1.229780402353800918e-05,-1.269877331304436032e-05,-1.180403708436136822e-05,-9.654693292086928333e-06,-6.737001284336494043e-06,-3.791189323420165752e-06,-1.516711223694753122e-06,-3.099436607279117625e-07,-1.508966469579738725e-07,-6.810216354728916599e-07,-1.422696186142755210e-06,-2.027345820536490164e-06,-2.432614013457522856e-06,-2.859363307173322510e-06,-3.658955284991870533e-06,-5.090531406005157168e-06,-7.135426425260057689e-06,-9.432596171890793944e-06,-1.136079751800112679e-05,-1.223013220523608571e-05,-1.150545748081615618e-05,-8.980321705667925798e-06,-4.847462242077248350e-06,3.467175728368772909e-07,5.839453837138508413e-06,1.083524043894934985e-05,1.468570028954035318e-05,1.702256270589023586e-05,1.781372491316633299e-05,1.732976327783636474e-05,1.603005997212482821e-05,1.440189697597273841e-05,1.280519874750137704e-05,1.137936161113362922e-05,1.004912720705826165e-05,8.626433409459441330e-06,6.960167133012444578e-06,5.058534556938067314e-06,3.117311083942827150e-06,1.432697083496328661e-06,2.401166075985067928e-07,-4.328069898366494934e-07,-8.085353185710561356e-07,-1.256207905938779871e-06,-2.081618532494439809e-06,-3.318130559336695216e-06,-4.642131231353585741e-06,-5.484026168887012461e-06,-5.305310230109036750e-06,-3.914296615763349534e-06,-1.652620757207287257e-06,6.690099835628479649e-07,2.089451790493933175e-06,1.940227808332264919e-06,2.037474068776548774e-07,-2.401005550046285250e-06,-4.672949322930264688e-06,-5.427685534949573033e-06,-4.018912992218723687e-06,-6.389005971200010422e-07,3.747765479670060831e-06,7.810578407151591305e-06,1.041083642267277170e-05,1.105123642686283515e-05,1.001467905187467962e-05,8.144899610488792860e-06,6.395961016035659537e-06,5.382727221093122487e-06,5.148721794328693259e-06,5.243484175326771490e-06,5.037303799291623225e-06,4.084763704054492905e-06,2.339418140545970488e-06,1.199994175541590158e-07,-2.124786956373142662e-06,-4.094238684322368720e-06,-5.783136372873395965e-06,-7.413420473309998046e-06,-9.201983135020900186e-06,-1.112129052407859584e-05,-1.281879503924678674e-05,-1.376704174051358643e-05,-1.357228618455917253e-05,-1.226022515181979514e-05,-1.035119412642469742e-05,-8.644827524652674578e-06,-7.800444665347972591e-06,-7.931411416209962424e-06,-8.450169545503479732e-06,-8.285783700535146197e-06,-6.401941031638837264e-06,-2.372168537568041926e-06,3.284005776694578889e-06,9.198970030486929020e-06,1.367397464851751703e-05,1.538696524045227867e-05,1.395843767139519848e-05,1.010374810125665546e-05,5.299582604615164502e-06,1.129029747991536902e-06,-1.376994075590315587e-06,-2.092170693398601792e-06,-1.694255065243167248e-06,-1.196133366823898345e-06,-1.371815129680028196e-06,-2.376177582711796517e-06,-3.736211975526434193e-06,-4.683897211639400080e-06,-4.620619902121558387e-06,-3.445954510031559671e-06,-1.575651888898651953e-06,3.413520589756751996e-07,1.825082844235527174e-06,2.841083130440319700e-06,3.785984811701950927e-06,5.190894828655607749e-06,7.319809692423651785e-06,9.906155539651104793e-06,1.219561685882434318e-05,1.328953683512385939e-05,1.260887506092932669e-05,1.022362122229616078e-05,6.860918989477465684e-06,3.580178225975941768e-06,1.287361430418426872e-06,3.493892567056730298e-07,5.119246204010050620e-07,1.151019380336637436e-06,1.698722436552373693e-06,1.983960864549040294e-06,2.281582528941951074e-06,3.037845245535917393e-06,4.440845426646426047e-06,6.112446293248559513e-06,7.145782859537229821e-06,6.520728406336007818e-06,3.701714230525619324e-06,-9.122009998308995635e-07,-5.971607085773556971e-06,-9.671177410880876834e-06,-1.055704596471766918e-05,-8.260650656020102739e-06,-3.775889453157209625e-06,8.972097748102237004e-07,3.607727239537588958e-06,3.015356714527623455e-06,-8.027295000960266710e-07,-6.397433060503074899e-06,-1.162674711671283098e-05,-1.463806703412617925e-05,-1.467661377017096342e-05,-1.233556300123141791e-05,-9.148427861406312916e-06,-6.754775084886641836e-06,-6.076948317062727912e-06,-6.923895240051029069e-06,-8.203428879090516834e-06,-8.601836569226923036e-06,-7.349230982453560548e-06,-4.654791231307952326e-06,-1.582518124951535197e-06,5.565373839328879575e-07,9.587064968758107672e-07,-1.865516240029372996e-07,-1.750808822872971062e-06,-2.243069597388921850e-06,-6.108285756942842567e-07,3.154917080192272435e-06,7.933419351813648552e-06,1.196251005403200649e-05,1.366150794470901782e-05,1.237757326863485193e-05,8.684939418173380133e-06,4.094965737002326252e-06,3.313177562276374486e-07,-1.463577817269898952e-06,-1.202631579104527280e-06,2.063130532360788122e-07,1.396553416842509684e-06,1.263073241124576363e-06,-4.989415257597568621e-07,-3.291752432534707977e-06,-5.969356357326062737e-06,-7.438841187997590773e-06,-7.189368364422756847e-06,-5.488403783468711296e-06,-3.172322683965035978e-06,-1.170494156850873854e-06,-2.819031655477220063e-08,3.250470530743264720e-07,4.593438868220257259e-07,1.065727826153861368e-06,2.530294942584424585e-06,4.687599301525520125e-06,6.873206900047126947e-06,8.235100177295098917e-06,8.135532343362158659e-06,6.441732536558596159e-06,3.574350038440950377e-06,3.116030466497285295e-07,-2.536052250996126374e-06,-4.418729527874839134e-06,-5.183482923519158775e-06,-5.023777198615047303e-06,-4.305633805614540648e-06,-3.380626977755156769e-06,-2.478266514690335164e-06,-1.707831409362573184e-06,-1.132886286889480100e-06,-8.474004674063379352e-07,-9.943301563620306372e-07,-1.712043389394984415e-06,-3.041470167314003908e-06,-4.850560230417824127e-06,-6.822914162765557541e-06,-8.524297501696124710e-06,-9.524593454805819302e-06,-9.531104215476533792e-06,-8.487711794488376614e-06,-6.607629088972828896e-06,-4.325879777021750291e-06,-2.175962316750173136e-06,-6.142685302063314773e-07,1.623534051608047165e-07,3.405951359822138472e-07,4.866085499894027927e-07,1.371328307203310762e-06,3.645902721646373092e-06,7.469629890110456725e-06,1.225405327414649925e-05,1.668440307753366964e-05,1.909171549684376677e-05,1.809628483189366761e-05,1.328886935900848332e-05,5.641255850878915511e-06,-2.600220906139100522e-06,-8.588777339172546434e-06,-9.913409121446876136e-06,-5.593020618381834515e-06,3.410461070542344421e-06,1.443074028142003058e-05,2.404521830779748258e-05,2.936835360136165558e-05,2.914947553888701731e-05,2.419772331953236783e-05,1.694479755897431721e-05,1.034219857498669340e-05,6.592755288177927127e-06,6.288803325775188383e-06,8.331846740465663283e-06,1.063325928695989016e-05,1.122436958644520481e-05,9.219319635402634726e-06,5.166193646909023700e-06,6.432260413062160244e-07,-2.656394421038435048e-06,-3.852691459712472462e-06,-3.328112021141990926e-06,-2.468542553433966581e-06,-2.847524105194560436e-06,-5.303507663477143480e-06,-9.418447806711125972e-06,-1.369220155570548420e-05,-1.633255712489939824e-05,-1.624333018320323782e-05,-1.367390708374490452e-05,-1.016085859875060708e-05,-7.762814532757338315e-06,-7.970968391273864181e-06,-1.086675673119183574e-05,-1.498969386729128586e-05,-1.802087079248623804e-05,-1.796216900504824600e-05,-1.421869536139988629e-05,-8.018609573167087917e-06,-1.924508748129247411e-06,1.353863425275907282e-06,2.751289468366043214e-07,-4.740481160521357277e-06,-1.144487199334440258e-05,-1.677579980081341218e-05,-1.827079619316806288e-05,-1.520413283733870248e-05,-8.905815216880478533e-06,-2.122131927736554294e-06,2.258620535113422707e-06,2.494278611280890534e-06,-1.316993957286065099e-06,-7.434359727848311593e-06,-1.341651993896323179e-05,-1.730581026760028341e-05,-1.845992452661379850e-05,-1.764573244774089120e-05,-1.640280457785985859e-05,-1.605631206255563989e-05,-1.692148394106632076e-05,-1.811876419775263335e-05,-1.808234146390286917e-05,-1.547436361199140532e-05,-1.000530421042829159e-05,-2.714052944743253590e-06,4.452751468998644734e-06,9.555082562612682076e-06,1.160193562331626599e-05,1.103828703696909191e-05,9.522885587646515938e-06,9.101389868574244184e-06,1.118351000728033417e-05,1.583034486356982244e-05,2.170266054528424148e-05,2.669326188930757292e-05,2.893174672880739732e-05,2.767280535234436836e-05,2.364327969211920706e-05,1.869145630614974039e-05,1.491892418421821693e-05,1.371607894558051998e-05,1.515449779009616381e-05,1.800531064893086283e-05,2.034902063856832270e-05,2.046874347941056880e-05,1.760382170335524093e-05,1.223042703172333665e-05,5.776267670962963706e-06,-5.482813295838094917e-08,-4.004875893190827295e-06,-5.692963043536726919e-06,-5.584589428104774638e-06,-4.564185912266624792e-06,-3.364338073063499161e-06,-2.157966960290312844e-06,-5.188651555758220378e-07,2.241648723963064270e-06,6.548307759393326030e-06,1.212872461672727769e-05,1.791216558289080685e-05,2.233848500051239256e-05,2.395723419006880753e-05,2.205443308681027942e-05,1.702260589436487963e-05,1.029676838243109160e-05,3.865486693680219543e-06,-4.512942434807049609e-07,-1.666259897750215959e-06,3.665990759927734428e-08,3.421172734093530165e-06,6.719937097520777056e-06,8.342503833574738952e-06,7.484588778326761636e-06,4.400513868788098470e-06,2.418130847262383030e-07,-3.459302154927538391e-06,-5.443858111194485403e-06,-5.251387411741311794e-06,-3.409412995882378514e-06,-1.219434577664191662e-06,-2.339453645270269620e-07,-1.638970255748750963e-06,-5.787844948617611407e-06,-1.206462896896487272e-05,-1.911953789876156447e-05,-2.537073360925705447e-05,-2.956663174389321532e-05,-3.118927405083216688e-05,-3.055440435088220341e-05,-2.859327080214229568e-05,-2.642919891380642356e-05,-2.493569486210213710e-05,-2.445435509801237555e-05,-2.476843153449186371e-05,-2.531113416099963021e-05,-2.548922887343219588e-05,-2.496419026647456952e-05,-2.376827450688247237e-05,-2.222098129263054472e-05,-2.070901165008667515e-05,-1.945415796622497047e-05,-1.839153022578710861e-05,-1.721877765566286018e-05,-1.558722813809082462e-05,-1.333230762619903723e-05,-1.061876815231634263e-05,-7.916465954684440197e-06,-5.805280499186362301e-06,-4.693571416953170320e-06,-4.582187391291502621e-06,-4.992114792558506742e-06,-5.103652010769838735e-06,-4.059950035808016283e-06,-1.311045273782221410e-06,3.148626186474406352e-06,8.754431306281786098e-06,1.457352990024436809e-05,1.965307275360342085e-05,2.336964471818310613e-05,2.563382046690172801e-05,2.686563077964258361e-05,2.775520746717814957e-05,2.891539233872220666e-05,3.057959960995276045e-05,3.247838211476989609e-05,3.395020802898501432e-05,3.423931331109937034e-05,3.285051942061137961e-05,2.980388756491825529e-05,2.567346842198792802e-05,2.138708883736534799e-05,1.786837747451521638e-05,1.567264159029540949e-05,1.477336140522089725e-05,1.459265159627287783e-05,1.426389343603887822e-05,1.301366707466167356e-05,1.049791967375341167e-05,6.947747586384452185e-06,3.064785591802664306e-06,-2.825807486246077533e-07,-2.423307205151522268e-06,-3.145154440184901663e-06,-2.741290972162347189e-06,-1.831779303273397216e-06,-1.055112603834172812e-06,-7.838053067828120686e-07,-1.001879687519537186e-06,-1.398315550697887486e-06,-1.619638368990002340e-06,-1.541558205125051598e-06,-1.406450705337663557e-06,-1.739357281894543623e-06,-3.069653221309308956e-06,-5.592469088241122245e-06,-8.948426543413279225e-06,-1.225599683577483748e-05,-1.441463860414297649e-05,-1.456245051774142645e-05,-1.248500981820958278e-05,-8.778140252105185161e-06,-4.669048155280930316e-06,-1.553618323674189643e-06,-4.417182169532298101e-07,-1.552550841055243326e-06,-4.241643304238235359e-06,-7.295047962036031675e-06,-9.461104685071742722e-06,-9.982491645872158280e-06,-8.892142391189394125e-06,-6.946228079967563601e-06,-5.234854125464170649e-06,-4.658089081687473981e-06,-5.512876149275542322e-06,-7.379040048570235710e-06,-9.348391298656997424e-06,-1.047899757328697343e-05,-1.025364878319586282e-05,-8.824888436809882899e-06,-6.934906397062360787e-06,-5.554671522884850616e-06,-5.417875450471548249e-06,-6.670188230219234969e-06,-8.794265401717535989e-06,-1.083759939880762129e-05,-1.182915910925958931e-05,-1.118866836033628195e-05,-8.945536527856913790e-06,-5.682246284384553980e-06,-2.248978842488162551e-06,6.019012725815682340e-07,2.487788333249155224e-06,3.459455063268952251e-06,3.851072888028866222e-06,4.015329363237033927e-06,4.090764096408737509e-06,3.921260688423038492e-06,3.162856154122574361e-06,1.515730829971814529e-06,-1.042122506403638147e-06,-4.140580120296047010e-06,-7.082169785598564001e-06,-9.058948399593630879e-06,-9.425584388229041655e-06,-7.913147093455149910e-06,-4.702785209447152211e-06,-3.458126330280800089e-07,4.418511988880614412e-06,8.864096952300661470e-06,1.242553559880328501e-05,1.476114733192005721e-05,1.574662924931097019e-05,1.543988229005541977e-05,1.405232857908283022e-05,1.193464114516828905e-05,9.556150136219592915e-06,7.447512740150399490e-06,6.093198037539576855e-06,5.794673327600609985e-06,6.556093321310308424e-06,8.051411073905778433e-06,9.706954824412228919e-06,1.088578911183418009e-05,1.111187639270717361e-05,1.024733489425783330e-05,8.548652956209421290e-06,6.573776344355323769e-06,4.971961020064861179e-06,4.236182916253015156e-06,4.513387079297393363e-06,5.545150107233562808e-06,6.760857724457843643e-06,7.488279386709190537e-06,7.204423568846577191e-06,5.736912415591876034e-06,3.344868146649120111e-06,6.496569874746003269e-07,-1.564912120789411800e-06,-2.621173545593121329e-06,-2.199507664135214546e-06,-4.889886691449629945e-07,1.821608551344016557e-06,3.724297605653576721e-06,4.199743274048530603e-06,2.559167923643829950e-06,-1.297142905566609915e-06,-6.807080245494672145e-06,-1.290536348859646180e-05,-1.837540974897001331e-05,-2.227475730003724178e-05,-2.427038102868914342e-05,-2.473917559600709667e-05,-2.457253590818608808e-05,-2.474493943196091867e-05,-2.581588809195742900e-05,-2.758177052971922506e-05,-2.905017531252502357e-05,-2.878327997728360091e-05,-2.549725630679495431e-05,-1.867992515066947413e-05,-8.958648261827044371e-06,1.963680981014391384e-06,1.181417235989944195e-05,1.851844302227590236e-05,2.093232986498017490e-05,1.923988851260418950e-05,1.485162764216629325e-05,9.842484491675474007e-06,6.160773812721898051e-06,4.932801933719466970e-06,6.141232828847844229e-06,8.789241706172063674e-06,1.145130347959558738e-05,1.294949996556223595e-05,1.285274198709875953e-05,1.159089543877871723e-05,1.015980776935563465e-05,9.580111842704905424e-06,1.037679079658160117e-05,1.232286474132410456e-05,1.455499022813940310e-05,1.598883519141811027e-05,1.582400009831780397e-05,1.389554004627606158e-05,1.071321684755590179e-05,7.185907097252655430e-06,4.179582059122674094e-06,2.130650611036354102e-06,8.997146687182849916e-07,-7.438138903224556928e-08,-1.410222949946115038e-06,-3.400288598676143851e-06,-5.803948123079664933e-06,-7.921695259188414601e-06,-8.915505259867815893e-06,-8.220592439323457220e-06,-5.851311237385262127e-06,-2.456327234779424469e-06,9.027839951282525683e-07,3.148502577423161925e-06,3.584009701890433483e-06,2.122818920235170491e-06,-7.314595720565040814e-07,-4.123529564601353244e-06,-7.181268535353137421e-06,-9.299055323548953024e-06,-1.026480902138477315e-05,-1.021084556656952891e-05,-9.450226405560727897e-06,-8.300064900325626249e-06,-6.977594657094778228e-06,-5.599158798809137056e-06,-4.250489709621570613e-06,-3.061731252293748614e-06,-2.227781507242223069e-06,-1.954857000861092417e-06,-2.361893079603909697e-06,-3.393233198585588087e-06,-4.793255581745523711e-06,-6.160217644473537115e-06,-7.056459177694025495e-06,-7.127762951943854464e-06,-6.187510544633867548e-06,-4.245921305482286976e-06,-1.493608786370613213e-06,1.736137378632018555e-06,5.007806233692276422e-06,7.827511966747336761e-06,9.706192861627086196e-06,1.025465583613015819e-05,9.298935443210557943e-06,6.973964602679315955e-06,3.739050945999041639e-06,2.767956002400402077e-07,-2.713446216240222011e-06,-4.757644948365599729e-06,-5.779405875819729177e-06,-6.110934315578300181e-06,-6.316219588881062591e-06,-6.890289948579817217e-06,-7.969560750027979222e-06,-9.199989274706740425e-06,-9.847964446332099994e-06,-9.126614323654807682e-06,-6.599419537778003055e-06,-2.470185290003016158e-06,2.394297468213741372e-06,6.746077546100534505e-06,9.435608988075357893e-06,9.880258123932645855e-06,8.305681291874430176e-06,5.640405409791968880e-06,3.102080783076752808e-06,1.659465577666408590e-06,1.616224274967755519e-06,2.508690009331594638e-06,3.363361855101357731e-06,3.190349643802932130e-06,1.478023626633859550e-06,-1.544137448090274934e-06,-4.993815039627617925e-06,-7.724650578621424028e-06,-8.822346168895966868e-06,-7.969249098828011855e-06,-5.511372593094709587e-06,-2.215053345426718506e-06,1.143837244245161152e-06,4.135825275074006707e-06,6.793276758655582754e-06,9.432882106052185728e-06,1.229332902489026036e-05,1.520082224571070249e-05,1.746804066922061515e-05,1.811468850892200108e-05,1.632798265182674148e-05,1.194529509820186787e-05,5.709720782408062300e-06,-8.575389925294078054e-07,-5.948340294824312268e-06,-8.128089120905783652e-06,-6.882717483513419889e-06,-2.810913632405385265e-06,2.625670456945950400e-06,7.686664759679310459e-06,1.101884275290570135e-05,1.212130815979323190e-05,1.142514567314058129e-05,9.978949094279985761e-06,8.903870654197586587e-06,8.872246088222835573e-06,9.835823727847460817e-06,1.110277410027169121e-05,1.170069426335702406e-05,1.084137327589706953e-05,8.273833704803818765e-06,4.380604747076071604e-06,-1.325550028479499518e-09,-3.931474457219016839e-06,-6.722302202409314421e-06,-8.152251457292541731e-06,-8.467031048559572377e-06,-8.199926399088426626e-06,-7.912738988354123341e-06,-7.974339923103052690e-06,-8.456519231895140434e-06,-9.163541737464107680e-06,-9.756322181387460795e-06,-9.907245063714245579e-06,-9.429867333486043705e-06,-8.354153141713608052e-06,-6.942317221936811777e-06,-5.650563621869648530e-06,-5.040100790264063303e-06,-5.639430818230271350e-06,-7.771254573818113436e-06,-1.138239563348125469e-05,-1.594039378223189600e-05,-2.046474589562613359e-05,-2.372912441927986743e-05,-2.460656297566709273e-05,-2.245712585947940243e-05,-1.741322086790682329e-05,-1.043112498156353255e-05,-3.053864710108782525e-06,3.055577157820445912e-06,6.649105384720482464e-06,7.292585813548415248e-06,5.469139220652200380e-06,2.343351331783704569e-06,-7.159448016349999432e-07,-2.654570479885965252e-06,-3.078639314759556193e-06,-2.292665339929785348e-06,-1.036470286918151893e-06,-6.256594842368657093e-08,2.378870956583124897e-07,-1.381988395970792326e-08,-3.133260581473070842e-07,-9.853472882630363687e-08,9.103203398030303006e-07,2.539943941099608183e-06,4.254088365266018847e-06,5.455029903962905383e-06,5.830284640715637891e-06,5.548014827046363798e-06,5.179333950290618088e-06,5.370362932771935929e-06,6.428026851017543118e-06,8.046047549980578839e-06,9.343247894132486177e-06,9.235609862321263208e-06,6.988192987704066000e-06,2.681989929097262362e-06,-2.654083277262409890e-06,-7.352807240383384200e-06,-9.758206711943620440e-06,-8.938664797302678497e-06,-5.134580497859561219e-06,2.859220669364512894e-07,5.372858482190101089e-06,8.418472247023602330e-06,8.697311878178595024e-06,6.784654572517710332e-06,4.297620620572291026e-06,3.162001034722502279e-06,4.724612126343662219e-06,9.104995439964957022e-06,1.507614932444538278e-05,2.052899800231023898e-05,2.331731270633073975e-05,2.211643369158122305e-05,1.693274166494579703e-05,9.065355027415752649e-06,5.670457755098489951e-07,-6.536655334372209568e-06,-1.092721251168679668e-05,-1.230363425263756634e-05,-1.124496500534690310e-05,-8.753954510653543420e-06,-5.739583296307856282e-06,-2.690487169001915830e-06,3.350187914818930314e-07,3.452751407317563471e-06,6.615959319932742705e-06,9.413080099546859342e-06,1.112970444484217009e-05,1.105384495344237890e-05,8.867188178081469841e-06,4.912097764436620802e-06,1.797223233001288202e-07,-4.001136172064876832e-06,-6.449342762248507746e-06,-6.580268057565504587e-06,-4.621304823546540745e-06,-1.501442023719651907e-06,1.534114590540545131e-06,3.416942765948176590e-06,3.650074256710340676e-06,2.449833066987450806e-06,5.935401440534164910e-07,-9.460312972608525325e-07,-1.419076991967220744e-06,-6.013274024701326648e-07,1.129225832224629778e-06,2.956030250190817452e-06,3.951321705963566085e-06,3.436280693899404341e-06,1.240989174591637656e-06,-2.224860118362560207e-06,-6.109473069442598586e-06,-9.412370205135195880e-06,-1.133063105943674003e-05,-1.153839856184014626e-05,-1.030182659510325438e-05,-8.385586920750288874e-06,-6.777860822600541611e-06,-6.326410416438994931e-06,-7.415511896027572977e-06,-9.805600398578615556e-06,-1.270256997823783360e-05,-1.503861625336952054e-05,-1.586299211320030050e-05,-1.469388153813651607e-05,-1.169431280298366662e-05,-7.604024603115873208e-06,-3.458103709923172511e-06,-2.096898391027518648e-07,1.590174146641016809e-06,1.933223893590939030e-06,1.275324385221979104e-06,2.939172955124396952e-07,-3.990382875275831384e-07,-4.643651119545515724e-07,1.088339483420317886e-07,1.092093942671201970e-06,2.178455360137530030e-06,3.123276028162787123e-06,3.803918919263479161e-06,4.195995906298918256e-06,4.314001658484659960e-06,4.176763264754842002e-06,3.828173469530155636e-06,3.392636961874022022e-06,3.107360234460257429e-06,3.276976610604542016e-06,4.141952803516759877e-06,5.715048463767890909e-06,7.680356362848619518e-06,9.437156448357865942e-06,1.030468477386382318e-05,9.815102248552808381e-06,7.959037898114653946e-06,5.250682852083778785e-06,2.554612562709175059e-06,7.318029159885880489e-07,2.600377481443404771e-07,1.010743359886408298e-06,2.300339259916487984e-06,3.205951425126818374e-06,3.004501279762623862e-06,1.527226930139378033e-06,-7.445613120997525153e-07,-2.895340400831538656e-06,-4.004793085217512532e-06,-3.586860391280089987e-06,-1.827193584996068682e-06,4.960466180414820742e-07,2.370174056326036213e-06,3.012463502503422506e-06,2.218994863387584017e-06,4.342055319958372171e-07,-1.485601600608074890e-06,-2.694380954372013624e-06,-2.758098209672519248e-06,-1.846048936227211342e-06,-6.283255975432598057e-07,6.123117597550448614e-08,-3.715432944420150791e-07,-2.003708261604222673e-06,-4.368315429068698738e-06,-6.679679887293857927e-06,-8.195612635990066452e-06,-8.544866042192109169e-06,-7.873914339082226292e-06,-6.757413885057631442e-06,-5.925020554290312751e-06,-5.933495631038269749e-06,-6.926650360322310044e-06,-8.577394351620517464e-06,-1.022362630360592169e-05,-1.113142271982263225e-05,-1.077582250956443442e-05,-9.033039915128881789e-06,-6.219580444513474258e-06,-2.972716846957495202e-06,-2.097661211640366348e-08,2.072938504599075915e-06,3.107788496672854923e-06,3.309062415347825118e-06,3.236293382977352106e-06,3.557779201397908013e-06,4.768372560266197406e-06,6.956092980200172239e-06,9.717369894236559970e-06,1.227296651391240868e-05,1.375840192008111234e-05,1.358281069342394458e-05,1.170543338785739456e-05,8.697036548573969781e-06,5.536587636338819216e-06,3.211396581959651122e-06,2.289065855221792343e-06,2.660253044053588485e-06,3.588542584628219271e-06,4.067805044770276009e-06,3.337796134402556427e-06,1.318355142117867455e-06,-1.258088921720886251e-06,-3.106832224337536332e-06,-2.951164207447859861e-06,-1.376196035898462953e-07,4.981921980224856126e-06,1.109580342094249424e-05,1.640828112747078253e-05,1.934626721755866200e-05,1.918455195550007171e-05,1.630917227628684969e-05,1.200427798488121344e-05,7.868779196169582214e-06,5.138570177517689539e-06,4.225825363234557872e-06,4.672181126702419290e-06,5.505702538677613827e-06,5.796364862024224201e-06,5.118662479631964251e-06,3.694045887628264484e-06,2.164186890079711782e-06,1.144075465414975865e-06,8.176349130627929125e-07,8.085870599088738055e-07,4.023655456896220997e-07,-1.004671413399936188e-06,-3.486543975970050035e-06,-6.451174192308807608e-06,-8.890706376529259754e-06,-9.910281900695642532e-06,-9.261527556798673062e-06,-7.581403096008272296e-06,-6.172701099741941636e-06,-6.396045297701572544e-06,-8.956489124630404765e-06,-1.344738301498682112e-05,-1.841070806811094757e-05,-2.192942886287986006e-05,-2.250037729788022296e-05,-1.977971181443083525e-05,-1.483095739927228140e-05,-9.727765326469970368e-06,-6.667571398881788532e-06,-6.992216575116826420e-06,-1.056863138328088623e-05,-1.582461541934208717e-05,-2.043320848031136564e-05,-2.233635461179266945e-05,-2.063899242919541098e-05,-1.596515890797492408e-05,-1.011985668786839807e-05,-5.224398556121369405e-06,-2.735050900258431928e-06,-2.801568270200824613e-06,-4.254345992118794725e-06,-5.209382204427225498e-06,-3.993003659838583337e-06,5.160346634557353272e-08,6.244854661019004758e-06,1.286799025332814775e-05,1.791654921308561980e-05,1.994685507030689639e-05,1.862894135759806842e-05,1.477794111085180835e-05,9.892034995118403670e-06,5.451504165998697577e-06,2.323876638490423667e-06,5.395452990467001864e-07,-4.995160102367285506e-07,-1.531993237648116827e-06,-2.948677114533024305e-06,-4.557577940220986889e-06,-5.706749202092860541e-06,-5.675333824329965483e-06,-4.107406502017784226e-06,-1.251048441400422152e-06,2.123314066213851737e-06,5.079099342406750033e-06,6.956439289795264532e-06,7.674074769596165706e-06,7.740637678027529142e-06,7.976573881851022909e-06,9.091778745990664544e-06,1.132843711546972624e-05,1.433555716278778368e-05,1.731949593376185225e-05,1.938011536319459406e-05,1.986351883415924218e-05,1.857420064403590677e-05,1.577697150273268779e-05,1.202923752158872772e-05,7.957162415870234400e-06,4.090868948022595973e-06,8.126284751036830979e-07,-1.608914958550267342e-06,-2.975234013670701803e-06,-3.172178028167497603e-06,-2.249875433486950325e-06,-5.087566475206443362e-07,1.496488174823939092e-06,3.089651551768037328e-06,3.716739246632406007e-06,3.194586253647189798e-06,1.829179517947790607e-06,3.158972074100904152e-07,-5.603756896117810586e-07,-2.972905299767079711e-07,1.061399425639199272e-06,2.912169267752094369e-06,4.351968271023419402e-06,4.598200580675040644e-06,3.367300796205786931e-06,1.023356028554491237e-06,-1.582092142952852709e-06,-3.504939062794905404e-06,-4.145707103119143657e-06,-3.514655553948072135e-06,-2.197016968221462722e-06,-1.041639065613401407e-06,-7.341610762793672848e-07,-1.469845038651590467e-06,-2.884791742365892616e-06,-4.268676521031381887e-06,-4.939169453441652419e-06,-4.581899473939609639e-06,-3.387361799867656486e-06,-1.929098804135019790e-06,-8.630438375963821601e-07,-6.138496195751371201e-07,-1.207604782697182307e-06,-2.320343336722850415e-06,-3.491708473865234087e-06,-4.370274577013190742e-06,-4.854593768350647413e-06,-5.068048667766998549e-06,-5.208887894078911001e-06,-5.387436902946476843e-06,-5.559966238384186035e-06,-5.597382482880572655e-06,-5.432729964908285657e-06,-5.174328855741023294e-06,-5.088854902798220752e-06,-5.442710525132643198e-06,-6.290257967025063953e-06,-7.350169470191124464e-06,-8.077556521511536434e-06,-7.931223759792525399e-06,-6.710956392967245547e-06,-4.773443143098345839e-06,-2.974351793563643881e-06,-2.318146642993090528e-06,-3.460156660229085821e-06,-6.307843960331345942e-06,-9.946518970808722885e-06,-1.296855022231418641e-05,-1.408232605658049996e-05,-1.272162925774553217e-05,-9.353450053317670683e-06,-5.313233481101027333e-06,-2.222187559101946723e-06,-1.250377918245624383e-06,-2.574606267495360811e-06,-5.294163960046195257e-06,-7.849362226006817509e-06,-8.744357304035989370e-06,-7.228664050993844680e-06,-3.614663428780649060e-06,9.105218774494127682e-07,4.872732273680948869e-06,7.201949351122654190e-06,7.691776120204574100e-06,7.019385509406435980e-06,6.342892877668254119e-06,6.699147016776359303e-06,8.509424021139700298e-06,1.142635087290960504e-05,1.456808136887314833e-05,1.698696021782435719e-05,1.811264473273772681e-05,1.794453867100738283e-05,1.691926695198627502e-05,1.555966917789501628e-05,1.412428840899072775e-05,1.246309089133633501e-05,1.015855904190444018e-05,6.864563540708969731e-06,2.641226125600166061e-06,-1.916065554144059072e-06,-5.843114908644550024e-06,-8.196725351576287304e-06,-8.472772402215231129e-06,-6.839020028806788182e-06,-4.063738011990928257e-06,-1.176796369607976916e-06,9.665342771522115195e-07,2.006541042397065105e-06,2.140153528947262193e-06,1.916007575489006103e-06,1.891276390256054155e-06,2.337951120001229502e-06,3.144812516088086373e-06,3.946094936365160620e-06,4.384037632000395571e-06,4.346567068496794560e-06,4.045338217435051450e-06,3.895483721984907826e-06,4.270941198394549428e-06,5.276262254409566128e-06,6.662952413361415884e-06,7.936018244536122328e-06,8.591982517691574520e-06,8.360434515928322257e-06,7.322957843771568757e-06,5.852046321195058814e-06,4.408762279276266680e-06,3.309196608034418750e-06,2.580037974732737891e-06,1.970942488781624234e-06,1.107387802864178151e-06,-3.018541239233348865e-07,-2.308726669119331366e-06,-4.692232876115392973e-06,-7.050712199756055672e-06,-8.962415893963221196e-06,-1.013240227698250651e-05,-1.046409993561512695e-05,-1.004180328592891149e-05,-9.056068741679923088e-06,-7.723044592650495446e-06,-6.235391212720798292e-06,-4.750642294256190400e-06,-3.395851119207577488e-06,-2.262370875737857652e-06,-1.382448457597822734e-06,-7.049049098216468789e-07,-1.002283957023914235e-07,5.858614638382345443e-07,1.441972198996633650e-06,2.406257651832467320e-06,3.239585546103134046e-06,3.587436041863322165e-06,3.117195699419370409e-06,1.674198497602159902e-06,-6.175745782003389893e-07,-3.363807702733763968e-06,-6.021268230530151578e-06,-8.082883948648598481e-06,-9.247433881173241265e-06,-9.504235025990411792e-06,-9.105608588264061602e-06,-8.451789110315201931e-06,-7.946928009993525126e-06,-7.885201195211561414e-06,-8.397051085083137077e-06,-9.448044927181044851e-06,-1.086066850770763022e-05,-1.233476405049330678e-05,-1.346812580588089073e-05,-1.380322302553724698e-05,-1.292703452418444857e-05,-1.062142738936672948e-05,-7.015925932354156835e-06,-2.662485330906900244e-06,1.539921198066749259e-06,4.587614099965652635e-06,5.716452712724733052e-06,4.716063623783270331e-06,2.069636189051701980e-06,-1.167086119836161657e-06,-3.725162840082664716e-06,-4.586890387122501334e-06,-3.364042927658671318e-06,-4.261784650765199099e-07,3.279493064286794282e-06,6.638968496990321647e-06,8.832028973594957909e-06,9.640833885977803905e-06,9.477163228163610018e-06,9.129773586667395819e-06,9.360044364583125173e-06,1.053694611028574788e-05,1.247384356151489846e-05,1.452723955294871747e-05,1.589375875490781293e-05,1.595668711538687722e-05,1.452500730462304279e-05,1.187384242317582877e-05,8.596776636130836900e-06,5.364375398067925007e-06,2.709788479514067798e-06,9.251140401912669689e-07,7.872429306086721995e-08,9.818756940917755951e-08,8.413989825713026696e-07,2.107959109747451712e-06,3.601042226570233577e-06,4.898158043957030674e-06,5.495539131320612041e-06,4.949293839253624937e-06,3.070333257230307730e-06,7.907876061634315929e-08,-3.376647857270491349e-06,-6.383960070721165109e-06,-8.065742143679643784e-06,-7.904389397737476486e-06,-5.950002521819982879e-06,-2.817590795025358570e-06,5.318527676102024490e-07,3.136845320259901735e-06,4.364289460626579248e-06,4.090935408868529573e-06,2.677276971256154807e-06,7.668586055940649640e-07,-9.853306117710673158e-07,-2.134768644282393640e-06,-2.538792969669917043e-06,-2.308152801605446420e-06,-1.674370152678648885e-06,-8.559792535562656569e-07,1.193452287201797123e-08,8.688974534115137294e-07,1.673000534724550227e-06,2.351084256936277490e-06,2.794634487215959258e-06,2.904033537272305910e-06,2.648752015448531105e-06,2.099473720856281634e-06,1.406147235973294964e-06,7.312120590100057873e-07,1.770193631599705878e-07,-2.483305982747581647e-07,-6.056983190172511173e-07,-9.568447309432075457e-07,-1.299216469606782123e-06,-1.550564357406528604e-06,-1.601547949695203578e-06,-1.411202983078265055e-06,-1.088014168291523056e-06,-8.989951633058100422e-07,-1.183845467691367003e-06,-2.203779023651209313e-06,-3.996191624111509413e-06,-6.312316953019718594e-06,-8.679193116735862273e-06,-1.056635653883238845e-05,-1.158327442922545054e-05,-1.161528775288534851e-05,-1.083511369058067934e-05,-9.589779660442751300e-06,-8.226550320164411985e-06,-6.951682065054109658e-06,-5.795435762520538538e-06,-4.695506469469404317e-06,-3.641476928702242347e-06,-2.783600445814128408e-06,-2.423890921403352206e-06,-2.871419326990019477e-06,-4.224787653542045795e-06,-6.199296428223896481e-06,-8.111832787883745496e-06,-9.069616299703007166e-06,-8.308993452219616956e-06,-5.546234664662921765e-06,-1.178003904218831982e-06,3.778174047509062644e-06,8.003731944454676236e-06,1.034239103934472088e-05,1.022052958209517577e-05,7.850185049777060514e-06,4.130805748375222470e-06,2.945929407131864060e-07,-2.551320853926573340e-06,-3.793765415238910732e-06,-3.448822744470925585e-06,-2.028967567679019044e-06,-2.280347385730783179e-07,1.415098938961342556e-06,2.717059991433689789e-06,3.835223636683597849e-06,5.069363064443484392e-06,6.601287741725991208e-06,8.319348083095947816e-06,9.824716227856101101e-06,1.061772306456906365e-05,1.036562551442515668e-05,9.107182340651628924e-06,7.278030321297437958e-06,5.530515559145000220e-06,4.428011038805249887e-06,4.163356558584870308e-06,4.447588421431104003e-06,4.637702837244505058e-06,4.056549289833531672e-06,2.359741035124551035e-06,-2.274250392803749423e-07,-2.927515839380523509e-06,-4.692725035087403056e-06,-4.636530683792849113e-06,-2.426301546126966279e-06,1.540629764269224224e-06,6.260843081073465018e-06,1.049810062325888604e-05,1.324373251779214272e-05,1.406462481252984938e-05,1.319386833700316941e-05,1.133938503299318608e-05,9.314554165456732240e-06,7.671102285309394718e-06,6.503103640164156799e-06,5.499404411296532084e-06,4.196575400827251655e-06,2.287960942642026764e-06,-1.761755861219564216e-07,-2.798345786887595053e-06,-5.039895599588781537e-06,-6.505050104535843246e-06,-7.144023239608871674e-06,-7.261575051113761910e-06,-7.325028206393184433e-06,-7.678700820431460657e-06,-8.328709559027704787e-06,-8.929930971521797336e-06,-8.999038220694084090e-06,-8.248858715040578992e-06,-6.858902806034675731e-06,-5.512094424301408437e-06,-5.137779290341385841e-06,-6.454857716871619936e-06,-9.528594599945273649e-06,-1.357472788644858819e-05,-1.714621467712703211e-05,-1.866187263642063936e-05,-1.706491499349141331e-05,-1.231827105426936463e-05,-5.498127223868127560e-06,1.581475302537816372e-06,7.068435283119855306e-06,9.799219929255737778e-06,9.734591019754980446e-06,7.912147172002925266e-06,5.938588836761059038e-06,5.250649825321424410e-06,6.475310043387345390e-06,9.170752615897489102e-06,1.205361271795682913e-05,1.359799026249270521e-05,1.272900050784007696e-05,9.300897614958629741e-06,4.157549104943614014e-06,-1.233176667741809500e-06,-5.391365771797583363e-06,-7.405748372622920538e-06,-7.236884348298262838e-06,-5.634886105997332095e-06,-3.739414347395461675e-06,-2.561338431092213629e-06,-2.578003925520165765e-06,-3.601963903466267092e-06,-4.948490678067918907e-06,-5.796247959695678846e-06,-5.565474896061131114e-06,-4.152305527132134886e-06,-1.939301817033650007e-06,3.937312977981755698e-07,2.156180666252748870e-06,2.904367922750641007e-06,2.576480309418646732e-06,1.474013726116472554e-06,1.216209075322173047e-07,-9.259972851022947975e-07,-1.258588749905987986e-06,-7.173214403774805004e-07,5.826411958671595901e-07,2.303771043108824212e-06,3.986444686340797948e-06,5.167726031331935875e-06,5.490562264386373985e-06,4.780675651038047560e-06,3.076512090200905332e-06,6.086761535165187750e-07,-2.262033080555556882e-06,-5.128516292860643413e-06,-7.620262768061864064e-06,-9.467431644036383660e-06,-1.053882038320800137e-05,-1.085549742754134020e-05,-1.058376454345453992e-05,-1.000572657155339342e-05,-9.459856616449073164e-06,-9.247087936216169814e-06,-9.514989152194694750e-06,-1.015770488097211947e-05,-1.078658868741969162e-05,-1.081789343655757523e-05,-9.682005141651452745e-06,-7.095449165472216011e-06,-3.282397680767280308e-06,9.783814345520503523e-07,4.552505068175347886e-06,6.361333316092792167e-06,5.858410862972688919e-06,3.359465788193831810e-06,4.373586011121671345e-08,-2.429881906991556703e-06,-2.573295077161125389e-06,2.763655297470936077e-07,5.597689517350778135e-06,1.181741441795989482e-05,1.692129488928203283e-05,1.930587718949936768e-05,1.850137158674340827e-05,1.542782343045107256e-05,1.204055753115696173e-05,1.049475153244753730e-05,1.218704302261708209e-05,1.710335348107371191e-05,2.377589380724930864e-05,2.988121633919404039e-05,3.321910819941161050e-05,3.263628378525766015e-05,2.848349762995093328e-05,2.240947117758057615e-05,1.659887379091566338e-05,1.281127366586898310e-05,1.165728265809713070e-05,1.242375568208384644e-05,1.349626473014159556e-05,1.315303225715719207e-05,1.034931121695340439e-05,5.141795859310484120e-06,-1.406311691038418388e-06,-7.748519462594346174e-06,-1.252904871392298281e-05,-1.509146470312056648e-05,-1.562016425270260143e-05,-1.490987541815583346e-05,-1.393247636386305535e-05,-1.343781134695131264e-05,-1.376448275366042704e-05,-1.489516337271852347e-05,-1.665407248975263110e-05,-1.888622207815608144e-05,-2.150249189035320212e-05,-2.438495716915848352e-05,-2.725091156273246799e-05,-2.960721658705252893e-05,-3.086957124312697108e-05,-3.060999390320313842e-05,-2.879957126578350102e-05,-2.589386310369300260e-05,-2.268232366940574812e-05,-1.995229535359670415e-05,-1.812961870592985118e-05,-1.708552834623367972e-05,-1.622221637599784302e-05,-1.480490374681428681e-05,-1.237358676221851972e-05,-9.017521022401133501e-06,-5.360686225404463830e-06,-2.255537503798220590e-06,-3.374404668307793171e-07,3.296140832896843541e-07,3.273323117819622606e-07,6.305180589582597092e-07,2.148548611981698159e-06,5.288186549676048179e-06,9.754047402979255552e-06,1.468119733222123759e-05,1.902606194746345235e-05,2.201509216108703875e-05,2.343021963619273157e-05,2.360372629437477115e-05,2.315037610359416451e-05,2.259812486262205536e-05,2.212101092923454151e-05,2.151004578997653567e-05,2.038043550435539192e-05,1.848268744756294230e-05,1.593157002382796482e-05,1.321728963055424959e-05,1.098744705184057574e-05,9.716939961074832496e-06,9.445872853604747799e-06,9.729799460179908686e-06,9.833399740442975425e-06,9.070396424387693925e-06,7.118071093132161432e-06,4.152256055459821552e-06,7.458435601490635681e-07,-2.403808994755652895e-06,-4.771513976503535523e-06,-6.178047030124756626e-06,-6.771528341135929820e-06,-6.855028994803090093e-06,-6.677424270353591321e-06,-6.311851439829097238e-06,-5.682694562666706619e-06,-4.707794071765754460e-06,-3.453320063118200985e-06,-2.193883820464669611e-06,-1.331032686768410321e-06,-1.212143678455328756e-06,-1.955593727666664663e-06,-3.388511153059640807e-06,-5.139200941688942493e-06,-6.834454405650513729e-06,-8.286506193313383667e-06,-9.555463148651982408e-06,-1.084299377332690681e-05,-1.227407603053866765e-05,-1.369790298281634048e-05,-1.464129479101588543e-05,-1.447160940508097274e-05,-1.270898764988751030e-05,-9.333015288422207619e-06,-4.911368650764656126e-06,-4.536441249884836994e-07,2.971287036526374035e-06,4.688997986481653023e-06,4.727179825766665835e-06,3.815389232042830050e-06,3.055313747009991806e-06,3.399300661377506459e-06,5.174956203608965075e-06,7.883023620544634858e-06,1.037601105055625449e-05,1.135075664414593497e-05,9.940967343671598872e-06,6.145264487973777752e-06,8.965193344112808210e-07,-4.263211683432693474e-06,-7.764181651356006001e-06,-8.599089136938354902e-06,-6.676146501027599228e-06,-2.799197953561825001e-06,1.696174306927578081e-06,5.477292673512371131e-06,7.685702740743645105e-06,8.156402278857206195e-06,7.321551268934417272e-06,5.879979812090497490e-06,4.411809418687100332e-06,3.127051636689277711e-06,1.858432814505747163e-06,2.821424689246367458e-07,-1.763814155513407157e-06,-4.042567482770673396e-06,-5.902826973175516194e-06,-6.517183249351636996e-06,-5.279335193978347278e-06,-2.177363526747261931e-06,2.046333455195790098e-06,6.056254741916701384e-06,8.376710963132305538e-06,7.972348347739841810e-06,4.719960698537768583e-06,-4.391014735703351867e-07,-5.758301207425387811e-06,-9.283864726999951520e-06,-9.573318032435898056e-06,-6.255165850027957436e-06,-2.021178601681607682e-07,6.761591736360020630e-06,1.251254898227640132e-05,1.538755963877863438e-05,1.475297099481644284e-05,1.116470751547647495e-05,6.068699292100144274e-06,1.180104375100849252e-06,-2.192152237167851663e-06,-3.596024437925439383e-06,-3.489171306584757535e-06,-2.898822655671499566e-06,-2.863596549665077215e-06,-3.919656451551018257e-06,-5.861678515137591419e-06,-7.875140743568461899e-06,-8.963384646629785952e-06,-8.459951372043565123e-06,-6.383004118753751357e-06,-3.466790586930116653e-06,-8.565086889861970095e-07,3.930854570453628156e-07,-2.118974753751341476e-07,-2.375034352221285468e-06,-5.120980447623461652e-06,-7.196715868456005717e-06,-7.588135511699274820e-06,-5.933830934544405469e-06,-2.668938822945599614e-06,1.149499163312262717e-06,4.252357954652467665e-06,5.630829705678572512e-06,4.885541582489891166e-06,2.328322216156709061e-06,-1.182148635577606596e-06,-4.586553302937989528e-06,-7.007875184300472275e-06,-8.026024123476964517e-06,-7.753507654573524728e-06,-6.704097883263686387e-06,-5.524087602630128878e-06,-4.701060515602034383e-06,-4.365050483219073199e-06,-4.255127953384586203e-06,-3.858003501649200830e-06,-2.658463333346789176e-06,-3.980271048839380682e-07,2.766042138954142419e-06,6.271722765540539917e-06,9.336696853254916498e-06,1.124814134981116015e-05,1.164202257144335940e-05,1.065408296616613665e-05,8.872958735888239752e-06,7.107388496095716108e-06,6.060711591765971537e-06,6.050173067524235395e-06,6.893140703466262909e-06,8.010556610266872927e-06,8.700211564280845803e-06,8.453763612649363400e-06,7.170437095405709704e-06,5.169579312875318704e-06,3.002139819062291802e-06,1.160694658662046519e-06,-1.611558292820234106e-07,-1.134010270839135478e-06,-2.147273266944907153e-06,-3.530028773515845773e-06,-5.290817037435693515e-06,-7.026877504288299667e-06,-8.070734855848034554e-06,-7.817970850222532786e-06,-6.077515392711043265e-06,-3.259683164830653679e-06,-2.854697703813323674e-07,1.766559164935892681e-06,2.126471487890398814e-06,6.970331185279623295e-07,-1.862550343001145968e-06,-4.385981917718645162e-06,-5.680311273399900539e-06,-5.026069666569406794e-06,-2.475037180828408176e-06,1.183056287193183530e-06,4.761541693861963180e-06,7.164710387615530239e-06,7.803605657838786873e-06,6.766322174404597239e-06,4.692230092857351548e-06,2.436796393915221271e-06,6.990590696065678890e-07,-2.195413545413850860e-07,-4.390387413609970032e-07,-3.358205522905651658e-07,-3.027233572787020580e-07,-5.659683402778194930e-07,-1.138155404587034675e-06,-1.899682675971644560e-06,-2.730211696933143798e-06,-3.594608456340184138e-06,-4.528976521339055456e-06,-5.543547578593992820e-06,-6.516428530991222447e-06,-7.161722954719626928e-06,-7.112459804020849260e-06,-6.088964679205615497e-06,-4.067873988196762078e-06,-1.358393557895107799e-06,1.463846125105299319e-06,3.743030184412892781e-06,4.966697978225178093e-06,4.927335326017124314e-06,3.757733643992442034e-06,1.840938204141416507e-06,-3.460817209133505234e-07,-2.375490934641230091e-06,-3.943933315993393769e-06,-4.877009177836842082e-06,-5.103319914879051579e-06,-4.646962217059154442e-06,-3.656633947534163823e-06,-2.441776488971649609e-06,-1.456310439616853649e-06,-1.184175598210526889e-06,-1.936987391598097953e-06,-3.642761440401120048e-06,-5.742661248143734841e-06,-7.288835333859495075e-06,-7.251870234045874663e-06,-4.938413443308982978e-06,-3.442629628770154633e-07,5.728783180348204734e-06,1.187419166816808905e-05,1.654191457684964044e-05,1.857736284020079518e-05,1.761095635593386039e-05,1.413206002653806436e-05,9.222823573429674284e-06,4.083011319506002869e-06,-4.296376584917000871e-07,-4.034357475820823076e-06,-6.945663672641550150e-06,-9.543885751512038077e-06,-1.199047737652503920e-05,-1.400473343253937372e-05,-1.493069722539807206e-05,-1.406783927150402363e-05,-1.109572460022002168e-05,-6.365137567848397366e-06,-8.868472224806607158e-07,4.003629348365419577e-06,7.164289012844211177e-06,8.110351032125464769e-06,7.204319428083693165e-06,5.479020952791450812e-06,4.172344283320825240e-06,4.187340899503791419e-06,5.724065425215819135e-06,8.245167962583293032e-06,1.077773024328225072e-05,1.239663182514599265e-05,1.265472373257753105e-05,1.175852424066713077e-05,1.041616016938990720e-05,9.443346622487452851e-06,9.326780480546994107e-06,9.959690148867581924e-06,1.067684414436619949e-05,1.057026089526098733e-05,8.932725038099479384e-06,5.616895336511525294e-06,1.139370001346275507e-06,-3.520079320749154400e-06,-7.331544450151071833e-06,-9.649987749926479836e-06,-1.047276101420273919e-05,-1.040219038029358962e-05,-1.033033274177516229e-05,-1.098884293954653165e-05,-1.256803525537955237e-05,-1.457949548178479629e-05,-1.603018224776847566e-05,-1.584007495622439805e-05,-1.332907255313709806e-05,-8.567197525682807791e-06,-2.437711735375293064e-06,3.619116479033299364e-06,8.083559232439529966e-06,9.869171475803066286e-06,8.674161173831734234e-06,5.044132301833958021e-06,1.368680664376318869e-07,-4.704000725125344959e-06,-8.392858742988748531e-06,-1.039748812432883141e-05,-1.079409298497861071e-05,-1.009509916399009824e-05,-8.951923954811632974e-06,-7.871293737170340833e-06,-7.056665547587200705e-06,-6.414555002152379106e-06,-5.686704263022704737e-06,-4.620581273482406021e-06,-3.091974973007282742e-06,-1.137107099256077655e-06,1.090777392752092141e-06,3.387346940568292799e-06,5.533999923583369075e-06,7.290296316057025729e-06,8.372509953922960016e-06,8.472141675235914175e-06,7.350292765519097016e-06,4.991150929073889163e-06,1.740643195070654827e-06,-1.667691703736129663e-06,-4.265073832724281765e-06,-5.161691080848120431e-06,-3.912726166977475260e-06,-7.716581639571862163e-07,3.311897473840138147e-06,6.993164331432592129e-06,9.038382940924791516e-06,8.832833703712183947e-06,6.663181112786560820e-06,3.629101637131313844e-06,1.197936361923420999e-06,5.805296711239452148e-07,2.197981638156353022e-06,5.479879855373105435e-06,9.092706832242472922e-06,1.150511444084468502e-05,1.164332417338588735e-05,9.347629473523646522e-06,5.430837266324741453e-06,1.319994541562524809e-06,-1.550601465944389798e-06,-2.321244854706251602e-06,-1.012138319705534187e-06,1.562548224931282751e-06,4.203869394820059436e-06,5.851539482018880867e-06,5.977952002864091702e-06,4.691566668839024997e-06,2.541540438340725018e-06,1.605123644439394159e-07,-2.051517312453595335e-06,-4.040599713839460501e-06,-5.969954167185466215e-06,-7.945700719736762565e-06,-9.773950537744558449e-06,-1.090904558603532133e-05,-1.064916426903789744e-05,-8.499311455338873141e-06,-4.522727758840725960e-06,5.093054465021941845e-07,5.275345104684976328e-06,8.335570381941260592e-06,8.673460929321291548e-06,6.123269491528059680e-06,1.496915304447794395e-06,-3.657106705205362894e-06,-7.581662291244083855e-06,-8.929152662115130844e-06,-7.237360161793947862e-06,-3.085931199416046656e-06,2.121418425111339044e-06,6.664409179930889670e-06,9.114789206181674570e-06,8.825257297975542685e-06,6.126265814071415023e-06,2.166791050988590456e-06,-1.536050157468205013e-06,-3.670025235787346527e-06,-3.612333581099867588e-06,-1.647865375563892706e-06,1.158531069635920730e-06,3.386761723650819119e-06,3.821467700925778955e-06,1.931946306741790512e-06,-1.914822847868057411e-06,-6.592057863177741492e-06,-1.064703390153067962e-05,-1.285640865080816778e-05,-1.267880660265539478e-05,-1.042390379429630510e-05,-7.077586988688949946e-06,-3.869036679045047222e-06,-1.773511523482184751e-06,-1.165599443987260628e-06,-1.762169001626177932e-06,-2.857427610241991328e-06,-3.718753969474000135e-06,-3.944440800663470391e-06,-3.614306986298963662e-06,-3.174881224442975737e-06,-3.136332948511041262e-06,-3.750521366670750702e-06,-4.842859481390137995e-06,-5.885103260082514731e-06,-6.267121611766044143e-06,-5.620615655064838421e-06,-4.021103767576840589e-06,-1.959495630923942341e-06,-9.647005705294428198e-08,1.072720389474530589e-06,1.468500070152795893e-06,1.462510213241443423e-06,1.680814349586281187e-06,2.677217775650474892e-06,4.644229236102412323e-06,7.306216900125593311e-06,1.004217164214120760e-05,1.216692099374214206e-05,1.322246340774005942e-05,1.313453556598356654e-05,1.216874789911403124e-05,1.073038231347569656e-05,9.132014846740221082e-06,7.461321494703344262e-06,5.616125594006300009e-06,3.473744261384545150e-06,1.083855559200033133e-06,-1.238491038345546219e-06,-2.984804881590672090e-06,-3.660079729182563934e-06,-3.017117009179474486e-06,-1.193749477573203833e-06,1.319227266857248823e-06,3.860730179578739115e-06,5.836256484102438935e-06,6.891041055252010221e-06,6.946376864832161624e-06,6.108740251172004502e-06,4.532463157753210800e-06,2.334333966613541545e-06,-3.865936954566596877e-07,-3.449684947983950221e-06,-6.502373875640832079e-06,-9.032419324308795517e-06,-1.051683106002897981e-05,-1.065031486942168684e-05,-9.528663643099654558e-06,-7.664444005036308183e-06,-5.790999451169054999e-06,-4.527978891082240413e-06,-4.072266244956411062e-06,-4.086279225258327765e-06,-3.867236872919022205e-06,-2.735889120144809024e-06,-4.565742226561210191e-07,2.536247588235455468e-06,5.248766390835670731e-06,6.554773195702904124e-06,5.750280828120500750e-06,2.965381960380433213e-06,-7.855285621471246385e-07,-3.968163397177372583e-06,-5.159404054217969303e-06,-3.661221840798839964e-06,1.868574933271563432e-07,5.143101751593818419e-06,9.583213868291157316e-06,1.216217262250049165e-05,1.231650503954130732e-05,1.039201353342755052e-05,7.369171246644186116e-06,4.350538607902672921e-06,2.076109549757220064e-06,6.964999016766450517e-07,-1.152410934242486138e-07,-8.133241697545399291e-07,-1.608494066363928346e-06,-2.291292691743036617e-06,-2.345340770342436889e-06,-1.280541086264412160e-06,1.007549175389695154e-06,4.061761862465606124e-06,6.981787394770636103e-06,8.789447536613631889e-06,8.859745557546954629e-06,7.199083342560600452e-06,4.429215554569523114e-06,1.485793781811324179e-06,-8.154819752466772873e-07,-2.128595662904682409e-06,-2.674601565408280303e-06,-3.050994785047328097e-06,-3.863960151606085694e-06,-5.379505391349150882e-06,-7.371669889180463348e-06,-9.238063628062908605e-06,-1.031351958604379258e-05,-1.021414754961861672e-05,-9.035155098620769140e-06,-7.307152209297410911e-06,-5.741784281153932852e-06,-4.902159622045853820e-06,-4.964505805369139770e-06,-5.682790965040143625e-06,-6.559907757382835756e-06,-7.125135840341687340e-06,-7.170349977955216958e-06,-6.827533540618731703e-06,-6.457959564466067285e-06,-6.421304892718220622e-06,-6.851141043340300835e-06,-7.554839633683576927e-06,-8.088933498505044171e-06,-7.971799279410593384e-06,-6.928935266006889427e-06,-5.052676325376110066e-06,-2.800737587191781606e-06,-8.328157438479460804e-07,2.447503552978429184e-07,1.202887404504198903e-07,-1.091214555293403737e-06,-2.873032647327010845e-06,-4.474907127193499853e-06,-5.161145107562884583e-06,-4.452749297341823689e-06,-2.285519319652585799e-06,9.634333567719284843e-07,4.587173006256901294e-06,7.764566627625530779e-06,9.815613625529918495e-06,1.041774108659019686e-05,9.711076234382183859e-06,8.250141830657301291e-06,6.807105815864478476e-06,6.085084537463570655e-06,6.440089682461564370e-06,7.718264009423402613e-06,9.281749035237985449e-06,1.022907771718263935e-05,9.738324270370645263e-06,7.405622817321551446e-06,3.444511901438256632e-06,-1.339813550265652711e-06,-5.800083285062625373e-06,-8.829093827356816483e-06,-9.729030545900958974e-06,-8.428320932268866430e-06,-5.469607839213674506e-06,-1.785306127232627404e-06,1.640831068899017760e-06,4.091094920033212044e-06,5.296585812593418602e-06,5.437543898412697986e-06,4.990987967869825992e-06,4.509987026653799498e-06,4.429755299781178759e-06,4.964610139154018872e-06,6.107584989739197447e-06,7.698955525978551568e-06,9.511304319471710947e-06,1.131047255852946944e-05,1.288105351811427444e-05,1.403194240809339466e-05,1.460647849919284979e-05,1.451024424404258330e-05,1.374787425203628636e-05,1.244418113798361858e-05,1.082605574179699941e-05,9.160209651600727146e-06,7.666986864265301968e-06,6.446860750692921423e-06,5.453396454053747003e-06,4.525109714651142570e-06,3.460351698029233917e-06,2.099801284333186122e-06,3.810587315558824195e-07,-1.651354878945945842e-06,-3.871139512959939319e-06,-6.103405729248391362e-06,-8.140467096155308040e-06,-9.734830178509456804e-06,-1.058985273156737293e-05,-1.038292418965386085e-05,-8.846891811135047540e-06,-5.903783231682999898e-06,-1.805472020698594290e-06,2.789411492597089301e-06,6.866808004554869972e-06,9.260202011902946088e-06,8.966844509477324930e-06,5.482478242079199358e-06,-9.646201593902812423e-07,-9.377737123770803478e-06,-1.818869472626975686e-05,-2.564179155974273381e-05,-3.025151865122346250e-05,-3.119312902786971895e-05,-2.850719870177266668e-05,-2.306170507793647739e-05,-1.629347796606062877e-05,-9.816500783560944959e-06,-5.016108744557227068e-06,-2.739062459934974492e-06,-3.148554564663017315e-06,-5.758916036158251352e-06,-9.616598670000232099e-06,-1.356485346560925682e-05,-1.652250491386743895e-05,-1.771725072977077379e-05,-1.683251742109344952e-05,-1.404716100297696329e-05,-9.966378166141328065e-06,-5.460464706578021363e-06,-1.446035020599718157e-06,1.340293101766180442e-06,2.518594088115915250e-06,2.143102511148526138e-06,6.558888879708894579e-07,-1.269852026321222577e-06,-2.944907736486861903e-06,-3.862321841051668361e-06,-3.808156827933401091e-06,-2.848274883491764412e-06,-1.206850586419131535e-06,8.993719056962269509e-07,3.385593578251363836e-06,6.315035541308283317e-06,9.792514938993723413e-06,1.378688733450304788e-05,1.797999119743788380e-05,2.174111485103469264e-05,2.427602353150238549e-05,2.491663155824404283e-05,2.343864975829423194e-05,2.025972374238684939e-05,1.640265218246448329e-05,1.320016332298449791e-05,1.183251367464553487e-05,1.287497209339794525e-05,1.604589628376013429e-05,2.027474964726426012e-05,2.407923286254645630e-05,2.610741149009309747e-05,2.562502187719284985e-05,2.274723037243514892e-05,1.832278322834509379e-05,1.352960290717063530e-05,9.366163794038704276e-06,6.264674308946335600e-06,3.990725078801645839e-06,1.858432636578541376e-06,-8.558437188217912661e-07,-4.505731999457601548e-06,-8.866465625489844946e-06,-1.321708188031520168e-05,-1.666236613981799582e-05,-1.853158661428861090e-05,-1.866226576425971886e-05,-1.744270563720587972e-05,-1.561057316754502319e-05,-1.392252725197259792e-05,-1.286286276165330299e-05,-1.252389916459605835e-05,-1.269027791860495095e-05,-1.304972209848956734e-05,-1.339324476444261803e-05,-1.368851520693316666e-05,-1.399656594512147679e-05,-1.430328500604771670e-05,-1.439404570333609086e-05,-1.387803332614214560e-05,-1.237852739716712247e-05,-9.796786270909179240e-06,-6.493558441053433680e-06,-3.254911564634336598e-06,-1.013023926744089700e-06,-4.267112807763549549e-07,-1.519044896566462390e-06,-3.566097984292249167e-06,-5.325047959016981167e-06,-5.528939993444930562e-06,-3.438503820991734629e-06,8.005224745980057889e-07,6.167369712060372118e-06,1.115126059716678118e-05,1.434641751591055331e-05,1.499538551157397080e-05,1.324566176099697754e-05,1.002091614969493980e-05,6.586582247209431696e-06,4.023260456975338747e-06,2.847435854776709182e-06,2.929912563759514157e-06,3.708025677017937808e-06,4.548353538420045502e-06,5.060883710834752343e-06,5.215550860833058309e-06,5.234045271810628945e-06,5.354298029846688283e-06,5.625174213884934602e-06,5.856039267099210171e-06,5.743718760442149536e-06,5.089206311168867069e-06,3.962088163395484009e-06,2.702633887027360825e-06,1.750418480870427910e-06,1.396052718747700411e-06,1.605334245702934785e-06,2.029941854812853295e-06,2.213016738621204830e-06,1.880576202068057942e-06,1.148880026644969734e-06,5.124824925239965849e-07,5.940025169372838510e-07,1.773648660729720327e-06,3.898003456182291265e-06,6.243753904812304506e-06,7.788575325353707003e-06,7.678945601536514063e-06,5.668749815678880396e-06,2.298352285175426361e-06,-1.299572576589990910e-06,-3.898111620084094500e-06,-4.750921467037521610e-06,-3.966290127951767631e-06,-2.489955833204447564e-06,-1.690921957510300619e-06,-2.736778333043765200e-06,-6.049171080269534092e-06,-1.109351585907921007e-05,-1.659739100943157642e-05,-2.108828581424453393e-05,-2.349399998209509809e-05,-2.352922644747204540e-05,-2.170619000419651796e-05,-1.899519212064307763e-05,-1.632694038961293696e-05,-1.419103001229136851e-05,-1.251726144262377125e-05,-1.086888379212081135e-05,-8.813877023114698202e-06,-6.256058499370066609e-06,-3.542362487243087589e-06,-1.293100204594423004e-06,-5.604161807760345511e-08,1.965270550462362309e-08,-6.936655994378543727e-07,-1.454327485124799991e-06,-1.501782953928306880e-06,-4.220881984956078359e-07,1.662665950241434802e-06,4.178582621427593731e-06,6.411090766287142557e-06,7.877689454911227085e-06,8.566313220169519810e-06,8.915573210564282171e-06,9.549390474660326094e-06,1.090707704094588580e-05,1.296411208518454116e-05,1.519166881119288741e-05,1.678011617085360896e-05,1.701733322791057317e-05,1.563530006553955635e-05,1.295587898165450469e-05,9.767648170967382264e-06,6.997036540771881724e-06,5.332506549288338609e-06,4.974667951666544085e-06,5.615370917683818924e-06,6.634406371685613758e-06,7.402580794866752369e-06,7.542440601539762629e-06,7.035793992409569078e-06,6.154454416681971565e-06,5.278584977967149615e-06,4.711059670371708670e-06,4.578769034991408239e-06,4.849218669978953191e-06,5.422054742035345499e-06,6.218991603541388112e-06,7.209290463580522901e-06,8.359180741438037015e-06,9.549245603635818849e-06,1.052956151920726961e-05,1.096261690140257536e-05,1.055020116474336522e-05,9.184216393053805808e-06,7.036381967430839498e-06,4.524603360581970255e-06,2.154260924208318845e-06,2.993752040439140968e-07,-9.743410368472857081e-07,-1.956036646189315828e-06,-3.176100847642607230e-06,-5.177681242850318513e-06,-8.272812230856980837e-06,-1.238935403729765537e-05,-1.707186142888099921e-05,-2.162890730950964519e-05,-2.535621321252940795e-05,-2.773875029797963753e-05,-2.855549438472499877e-05,-2.786393109820558346e-05,-2.589878013945837629e-05,-2.295226894415003117e-05,-1.929796273002898276e-05,-1.518360111209101665e-05,-1.087303825968032659e-05,-6.688414510005042072e-06,-3.005727054446615025e-06,-1.871347891599358777e-07,1.526184826336390779e-06,2.108612079659944867e-06,1.779538054335013436e-06,9.427804341426398867e-07,5.291654055439999363e-08,-5.392307409604316828e-07,-6.981265010377557838e-07,-5.256462505522903112e-07,-2.853669048204166966e-07,-2.618785932305832178e-07,-6.146075886177616768e-07,-1.287080119764270962e-06,-2.009412095300502853e-06,-2.394514763871851845e-06,-2.092117504338555913e-06,-9.426357548082236764e-07,9.277384839338775122e-07,3.109390197100622166e-06,5.014644431857499041e-06,6.056525131821290084e-06,5.845219807986305407e-06,4.337845336668975952e-06,1.888954784212596297e-06,-8.212477441101993511e-07,-2.965364847134367039e-06,-3.802706930325819240e-06,-2.897018640173115562e-06,-2.491515899933866065e-07,3.698083390439790412e-06,8.184442946738734363e-06,1.234569524313868896e-05,1.544770748968728749e-05,1.706910238995610100e-05,1.718119849289261768e-05,1.611054020978176039e-05,1.440743013969900851e-05,1.266984971620202810e-05,1.137847767155850514e-05,1.078617111635789260e-05,1.088209732388759152e-05,1.142691325364072571e-05,1.203876790466347866e-05,1.230309240532342119e-05,1.188007983324797650e-05,1.058846086964466890e-05,8.449855098438012325e-06,5.684426540945764248e-06,2.657220605295151004e-06,-2.139855724725559527e-07,-2.566419701547827772e-06,-4.184926241190924776e-06,-5.050273908429568908e-06,-5.326765730757751825e-06,-5.293391748629866546e-06,-5.243262589194603255e-06,-5.387463098437103150e-06,-5.796429461674435725e-06,-6.395771266366222724e-06,-7.011620930338106152e-06,-7.443001903219411555e-06,-7.532591034341838754e-06,-7.213615037155032520e-06,-6.524252708948488352e-06,-5.593854752046431916e-06,-4.611617496806037367e-06,-3.787338656150059271e-06,-3.309672923507809359e-06,-3.305331993241092095e-06,-3.805364059075799903e-06,-4.729319277466684790e-06,-5.898727628993909107e-06,-7.083199359075764671e-06,-8.066805034845465772e-06,-8.707281690570224184e-06,-8.957034222170720138e-06,-8.829616944664185401e-06,-8.324880817775865969e-06,-7.355886795464937881e-06,-5.732223820312727476e-06,-3.235142634504845211e-06,2.267791670521694927e-07,4.446229457041820041e-06,8.825523055455948435e-06,1.244505872348938425e-05,1.430900705943722063e-05,1.369828937345112137e-05,1.049161771398458246e-05,5.303303181526904580e-06,-6.526210780398247590e-07,-5.948509464331489217e-06,-9.438681584520492481e-06,-1.066036911647278226e-05,-9.963070889197236829e-06,-8.301884594404249754e-06,-6.780468322767278649e-06,-6.146957320475404812e-06,-6.472811354525184559e-06,-7.162978490852139256e-06,-7.291044924527887939e-06,-6.097756119751505465e-06,-3.410958025175447338e-06,2.193762234442342180e-07,3.740844176324852368e-06,6.070591884943281033e-06,6.593184977791990910e-06,5.443760227542758502e-06,3.439145055495731422e-06,1.690147535203328018e-06,1.082139253605523913e-06,1.872746360898929718e-06,3.595257567417898140e-06,5.305256842000240332e-06,6.041806745379546695e-06,5.275480072410804479e-06,3.130977087479076928e-06,2.911229526551906159e-07,-2.350765670586904671e-06,-4.103300814796448084e-06,-4.746616217622378069e-06,-4.536542455169232155e-06,-3.964196339078883803e-06,-3.417869520582208836e-06,-2.938351342757750587e-06,-2.201066472590184939e-06,-7.318889163832853299e-07,1.763782635733842834e-06,5.140571588150840709e-06,8.768187336560152184e-06,1.173760328545727500e-05,1.322536354756873058e-05,1.284335651771027551e-05,1.080961144895760022e-05,7.864540326378374491e-06,4.978748166466056051e-06,2.991116652811560363e-06,2.335735483552314612e-06,2.959448428343818200e-06,4.433367260517975060e-06,6.174784225246315064e-06,7.662484147153549388e-06,8.558222100129950718e-06,8.715196372492914706e-06,8.117958264491979860e-06,6.822186786896175059e-06,4.938933798219046368e-06,2.657804980436115297e-06,2.633964321948619581e-07,-1.902826182179211333e-06,-3.544913261683031560e-06,-4.535513022759021185e-06,-4.984558064082831371e-06,-5.194207745069922359e-06,-5.500583034254737092e-06,-6.074624442323812836e-06,-6.794140571056664588e-06,-7.276988553441295947e-06,-7.085255095318456442e-06,-6.011240577749398274e-06,-4.292947697467322186e-06,-2.620661672373665666e-06,-1.889507586848207638e-06,-2.784238979736340145e-06,-5.385404237598987977e-06,-9.002465004848755276e-06,-1.235163301568350185e-05,-1.403909130781673447e-05,-1.315715959193098202e-05,-9.728406115956089446e-06,-4.781951804117294788e-06,-7.959147684194887832e-10,2.929560922718070691e-06,3.001369698171266414e-06,3.028348000285102959e-07,-4.007313221901949633e-06,-8.159432949719550417e-06,-1.047122451965674733e-05,-9.991369054230548328e-06,-6.827614374075383724e-06,-2.042165174506476355e-06,2.815568031781365828e-06,6.322604239590275299e-06,7.682321763133527520e-06,6.920982516220011719e-06,4.736088484383700426e-06,2.101916769296423729e-06,-1.725228201820523393e-07,-1.740683589462566800e-06,-2.762486030451986264e-06,-3.706757110684318215e-06,-5.024502109312262773e-06,-6.847540143155664023e-06,-8.841478789410874505e-06,-1.026894815680846737e-05,-1.023405213791622485e-05,-8.015312728279391013e-06,-3.370063189471673172e-06,3.291605340172955507e-06,1.092279783857428648e-05,1.805105873331873254e-05,2.313756551974614978e-05,2.499469678558170183e-05,2.314830585520051017e-05,1.803292403657354138e-05,1.094197652923673671e-05,3.719584689841828963e-06,-1.738048114281088059e-06,-4.031121859097390182e-06,-2.680332220338816964e-06,1.721883411113572979e-06,7.696971038843845067e-06,1.335030171563491586e-05,1.696868056312026064e-05,1.753928478211034807e-05,1.501313346854569267e-05,1.023384676762023828e-05,4.579085267063087802e-06,-5.347067730660500893e-07,-4.095496081871554211e-06,-5.737242130132790241e-06,-5.724841889042745127e-06,-4.732441478961263498e-06,-3.534933498339381954e-06,-2.741748298422465323e-06,-2.656067577686113931e-06,-3.271623010104229075e-06,-4.361010019304515407e-06,-5.589213435200588756e-06,-6.605006764597878043e-06,-7.100528954186451254e-06,-6.857617343947430190e-06,-5.800282804190213169e-06,-4.048482066366666404e-06,-1.939718447639076551e-06,2.283648714796580976e-08,1.311238130614216492e-06,1.568243652604392133e-06,7.768734456858357454e-07,-6.873216142286173900e-07,-2.173202355682842781e-06,-3.014789078456607406e-06,-2.831965780764846728e-06,-1.730745378446146943e-06,-2.938935166764294893e-07,6.560179171666991893e-07,4.283257748725764376e-07,-1.197144534667232755e-06,-3.830316724365474055e-06,-6.610723245866905628e-06,-8.576817746748359946e-06,-9.100012892856364582e-06,-8.178677917790812385e-06,-6.445708734748143219e-06,-4.875926611701833979e-06,-4.324221079610481158e-06,-5.111341457261809010e-06,-6.857436587460219716e-06,-8.649100335511517230e-06,-9.467179289286261888e-06,-8.676146075334048818e-06,-6.343310603160221713e-06,-3.234405329105750858e-06,-4.842381136022557095e-07,9.058063385937652124e-07,5.110583788298497895e-07,-1.334719262962800222e-06,-3.696683473649422474e-06,-5.454313976697914814e-06,-5.778017306166893742e-06,-4.450847886050646723e-06,-1.902340509256705689e-06,1.037187927177878543e-06,3.524558998137882374e-06,5.041741280711623903e-06,5.533657332900286621e-06,5.307674286089245214e-06,4.779008654962324035e-06,4.216422290165972031e-06,3.627649492160972013e-06,2.836255956427089850e-06,1.690630006098351074e-06,2.715058322245733643e-07,-1.034318002567485464e-06,-1.651620301342614711e-06,-1.076083174820677210e-06,8.561808315749676367e-07,3.832751647276224648e-06,7.142341283352671630e-06,9.937770894313602556e-06,1.156205708546098740e-05,1.178273332139449366e-05,1.082626250922159426e-05,9.206071787265550843e-06,7.441617136893538809e-06,5.818174661235691926e-06,4.310859303424289771e-06,2.705622286541341441e-06,8.422175670776101836e-07,-1.164090694216801596e-06,-2.857674854787202164e-06,-3.589461691977682434e-06,-2.817539560918049944e-06,-4.160776933537492814e-07,3.168604344163772251e-06,7.010064567942360493e-06,1.002038516909635901e-05,1.136319702066068537e-05,1.077858228414685616e-05,8.672959094461503218e-06,5.932288442331737215e-06,3.542076361590927505e-06,2.183746322624830426e-06,1.984290383724390361e-06,2.522687072618515858e-06,3.078190482308194644e-06,2.997863836286814062e-06,2.012385381284739240e-06,3.596725821515132168e-07,-1.332163239078296214e-06,-2.341955438237546694e-06,-2.195406960919134959e-06,-8.978614341215649856e-07,1.037447286264007693e-06,2.772752960891353086e-06,3.461120179957549386e-06,2.566714079880643068e-06,6.970822535248144533e-08,-3.512427679910765147e-06,-7.284355591070957255e-06,-1.024909495336494378e-05,-1.160626407119374180e-05,-1.098154177950991707e-05,-8.526785576378802050e-06,-4.871943804458694570e-06,-9.496353027801499850e-07,2.257048944518245924e-06,3.976497142315830602e-06,3.851034701991013772e-06,2.023641005080617605e-06,-9.189220856238449192e-07,-4.134147250392407522e-06,-6.788077321764748424e-06,-8.310992380341803649e-06,-8.556582230316338506e-06,-7.806941531301848390e-06,-6.621901951304798089e-06,-5.592665294994387391e-06,-5.100115442733879081e-06,-5.177689836968360647e-06,-5.534471249502990515e-06,-5.723767901763444847e-06,-5.377115957608218693e-06,-4.394055644876552497e-06,-2.999244709418301177e-06,-1.641599990266698540e-06,-7.856462460569929148e-07,-6.966939523187585251e-07,-1.323480047578220743e-06,-2.333114089601548315e-06,-3.277488658571768102e-06,-3.805435498971981148e-06,-3.813513094782019628e-06,-3.461366122703000228e-06,-3.048422811028623952e-06,-2.821081431374155267e-06,-2.816053905507955068e-06,-2.826817612419342001e-06,-2.515186836287999430e-06,-1.612061937901991286e-06,-1.010692263292023088e-07,1.716852835678536639e-06,3.321641831657477040e-06,4.195546479418254325e-06,4.062545804958157944e-06,3.026749332060553095e-06,1.537464432428789083e-06,1.932529939037328740e-07,-5.225200255054799156e-07,-4.472934577260569196e-07,2.124691496294274098e-07,1.010462300222556572e-06,1.498412285509486624e-06,1.450110526659920148e-06,9.578349259546568671e-07,3.545541731927295939e-07,6.678795355988655183e-09,9.069336055068827896e-08,4.769779601586376624e-07,7.894300757769041808e-07,6.172762550760520706e-07,-2.273715818745735567e-07,-1.543120251488212189e-06,-2.761925518026406044e-06,-3.167850577003457968e-06,-2.220726813628979919e-06,1.637061106414309448e-07,3.512632235615046064e-06,6.931327394266201364e-06,9.425475666373235155e-06,1.027664883506307623e-05,9.313272686377036035e-06,6.966624158524520174e-06,4.095922488933112119e-06,1.663775808282201070e-06,3.995208204293755892e-07,5.812315197231174552e-07,2.005714771130446065e-06,4.132185948834509847e-06,6.318789077894443543e-06,8.048471683383505161e-06,9.064949635415657674e-06,9.391434973089778830e-06,9.255612424816270529e-06,8.971386248813609314e-06,8.825248010380791388e-06,8.993643787429949984e-06,9.495905997251147439e-06,1.017872444815536301e-05,1.073343264669411773e-05,1.075539770029698171e-05,9.851542596671214713e-06,7.781792178609972117e-06,4.591438794817419515e-06,6.730471092997909565e-07,-3.293355205572951424e-06,-6.529944385491231157e-06,-8.427844037746449042e-06,-8.789000128315323771e-06,-7.933025679892406577e-06,-6.603613626194317677e-06,-5.692420565681880871e-06,-5.883558884016992559e-06,-7.367066724036440356e-06,-9.749090425906438613e-06,-1.220496106597696075e-05,-1.381438209363281957e-05,-1.393551893193947895e-05,-1.245686401561796021e-05,-9.821939378131186183e-06,-6.825796834790589311e-06,-4.284046773314947315e-06,-2.726238048020065150e-06,-2.242897425000006382e-06,-2.533482614768838470e-06,-3.104313121645652268e-06,-3.501176183261322091e-06,-3.461262698784579731e-06,-2.928887075215135193e-06,-1.962852067444129613e-06,-6.226073696084801199e-07,1.077306666922568890e-06,3.109377740269815114e-06,5.314383199440985717e-06,7.317763333436750863e-06,8.571083747046716829e-06,8.541694411530110538e-06,6.980633485866026757e-06,4.132736854846573336e-06,7.563048548582895864e-07,-2.100508515702691035e-06,-3.498489238265654702e-06,-3.012581683765300526e-06,-9.503558643088047336e-07,1.737590668096664377e-06,3.837504302883506014e-06,4.384403930270488504e-06,3.076681143095663910e-06,4.010767101994748485e-07,-2.592860470803786995e-06,-4.765784743320665918e-06,-5.389252200611166082e-06,-4.442649859851173409e-06,-2.574675933220076459e-06,-7.599425284247774138e-07,1.741364964692864723e-07,-8.089119129163232956e-08,-1.216281681774533749e-06,-2.511737223018698307e-06,-3.223675582682482278e-06,-2.950322888702561696e-06,-1.791395777441646308e-06,-2.364651288266792563e-07,1.137962604964683100e-06,1.984522463770459977e-06,2.336929752289374357e-06,2.518150472930002152e-06,2.865783708531682509e-06,3.442183128901717865e-06,3.910275477117139094e-06,3.667073340751642498e-06,2.181723527539606693e-06,-6.384668630664265223e-07,-4.263491047750009720e-06,-7.666867802514016131e-06,-9.735548187402371775e-06,-9.782756894948566232e-06,-7.912954750855575968e-06,-5.042586537496907203e-06,-2.537904962436380662e-06,-1.617223176161799339e-06,-2.787757244647855404e-06,-5.583738710441891612e-06,-8.740329580540846769e-06,-1.073758913812093820e-05,-1.047493782946889899e-05,-7.772209386056700228e-06,-3.469696800064536538e-06,9.188830776697336235e-07,3.844700256661331865e-06,4.368823450199010115e-06,2.531639065639504978e-06,-7.062770200822414845e-07,-3.910782352087974786e-06,-5.798529185640793909e-06,-5.760863158696630976e-06,-4.066971452984819348e-06,-1.677886842950958997e-06,2.241337993379571190e-07,7.703846465333988408e-07,-2.275257826913343406e-07,-2.221180611079959150e-06,-4.177582815940178253e-06,-5.008545924878176367e-06,-3.984999459455843286e-06,-9.720945561215785840e-07,3.583970157082406530e-06,8.873949421880165792e-06,1.402668262102349950e-05,1.835816723539977974e-05,2.148217208332460205e-05,2.327627370847656037e-05,2.376708126782871392e-05,2.302550476959415874e-05,2.113867650425869577e-05,1.826686687103241274e-05,1.473439578057410904e-05,1.107490685672829580e-05,7.968733580368627769e-06,6.065330901693102016e-06,5.749564533666541199e-06,6.953596887046057462e-06,9.112467454095736209e-06,1.130880393636409365e-05,1.257133702708182421e-05,1.221876138029591678e-05,1.010985280982525297e-05,6.690433999887565714e-06,2.809094665272240569e-06,-6.266796938997540733e-07,-3.008457740340376896e-06,-4.241232204608783413e-06,-4.716080426385357194e-06,-5.051474756459944134e-06,-5.723582157294527861e-06,-6.765476222315870652e-06,-7.692354736629438181e-06,-7.709430308149584828e-06,-6.123574767526197793e-06,-2.771778958847986270e-06,1.746587730770969279e-06,6.171842658371635159e-06,9.010942265485101583e-06,9.125095103996584041e-06,6.225306428572928377e-06,1.047389058298412918e-06,-4.889783824094820200e-06,-9.855539700205173757e-06,-1.257025951282376521e-05,-1.267597361456604888e-05,-1.081425247775138285e-05,-8.287222636106997614e-06,-6.464994466138599132e-06,-6.212996709865356263e-06,-7.593477045200746669e-06,-9.956894363356373338e-06,-1.234934888705039726e-05,-1.401470031396584839e-05,-1.473647765567705144e-05,-1.485963447839635543e-05,-1.500535589292464914e-05,-1.565364011066619094e-05,-1.683460195557383193e-05,-1.810597037844462100e-05,-1.883415290711014687e-05,-1.862371659936829231e-05,-1.764742924310028457e-05,-1.666840268188507344e-05,-1.670152630816289907e-05,-1.845581780450196292e-05,-2.183203920810614961e-05,-2.574863235310522711e-05,-2.842753410154990064e-05,-2.805457337182417740e-05,-2.354171773567962611e-05,-1.505346554582535463e-05,-4.052030864553879568e-06,7.175448954097831741e-06,1.631687102195221095e-05,2.183086411617257060e-05,2.341662395567133137e-05,2.198786205834209396e-05,1.919946742105874769e-05,1.675844592916853117e-05,1.581750662561363425e-05,1.667924003782616098e-05,1.887599609310854759e-05,2.151993358163753898e-05,2.371971365821222186e-05,2.487223665854029718e-05,2.473910388726973959e-05,2.334515505434908803e-05,2.082097641736141086e-05,1.731320385193003476e-05,1.301459202818859630e-05,8.268951544634279798e-06,3.643727211943004399e-06,-1.277994733658129765e-07,-2.357122258155106038e-06,-2.687769798524483060e-06,-1.318359774435692713e-06,9.709473487634626756e-07,3.039141105874887811e-06,3.786486143032061790e-06,2.579583519018410130e-06,-4.813762293344426135e-07,-4.573029062214673572e-06,-8.440372464147466496e-06,-1.085444925811128442e-05,-1.105389962544884866e-05,-8.999806653365353363e-06,-5.355247363915020851e-06,-1.214272266514270278e-06,2.299775582563809831e-06,4.406980828795492500e-06,4.881268095962879266e-06,4.039856887894459224e-06,2.541583773184140145e-06,1.090885488743916944e-06,1.676867579850463019e-07,-1.193594913014082681e-07,-1.387282192231516970e-08,5.089180910815607402e-08,-3.152258265177675210e-07,-1.252506854681865711e-06,-2.554307952571448968e-06,-3.721293674483895078e-06,-4.150119199086422091e-06,-3.385161769758884264e-06,-1.331718928348204596e-06,1.662500512793774184e-06,4.902851587147611511e-06,7.593558030784900570e-06,9.139745662067566727e-06,9.379209680653310887e-06,8.638866851321275067e-06,7.582064791668900729e-06,6.905652671591625998e-06,7.018170147613147048e-06,7.846430719964349662e-06,8.865093375290542725e-06,9.343057414095327055e-06,8.697415798132403816e-06,6.790277770121670840e-06,4.025499689963343989e-06,1.194055870093733235e-06,-8.638551994101189626e-07,-1.622653207763713838e-06,-1.089599885873483903e-06,2.247322939613707031e-07,1.565737936700635869e-06,2.294020285731561788e-06,2.167257294859421092e-06,1.408222888599740130e-06,5.315816459549820399e-07,2.450737679714770260e-08,5.004045533929602692e-08,3.299203204797782301e-07,2.715411252115506206e-07,-7.216468607145259171e-07,-2.912082569981328131e-06,-6.035105863160976728e-06,-9.354161148787126795e-06,-1.194632444345977808e-05,-1.308822875644237823e-05,-1.256425177050590598e-05,-1.075671086777080464e-05,-8.481248132229333224e-06,-6.647840989922289750e-06,-5.902669702425500051e-06,-6.405349217776104551e-06,-7.824796365474448006e-06,-9.533539452816926682e-06,-1.089529105677226054e-05,-1.151176000013497407e-05,-1.132956610262428020e-05,-1.058347142813859543e-05,-9.628229643954670135e-06,-8.752961128088067191e-06,-8.064738237719466134e-06,-7.482640028081860741e-06,-6.826807575554929891e-06,-5.946738739094720501e-06,-4.824394348012432074e-06,-3.608397142253181166e-06,-2.570673514539901836e-06,-2.008540631904258517e-06,-2.131965326812264241e-06,-2.975693229400346787e-06,-4.364373573885069645e-06,-5.942411738103666744e-06,-7.263257728317337884e-06,-7.916657524152519740e-06,-7.658593158637213349e-06,-6.501340200523580756e-06,-4.726286037829439255e-06,-2.803543494762294863e-06,-1.236345961800812996e-06,-3.823019727917946287e-07,-3.209539379170355216e-07,-8.253016886994347502e-07,-1.454568447688125132e-06,-1.732537723595272812e-06,-1.335487378254780226e-06,-2.077228247247093030e-07,1.443489515215454270e-06,3.263486306005036302e-06,4.912887102630019735e-06,6.194077950830726262e-06,7.082790436224906527e-06,7.661972879495139945e-06,8.011023132431117420e-06,8.127041542390413151e-06,7.931641525138217325e-06,7.359818475765215947e-06,6.470304668284517634e-06,5.495606209613207305e-06,4.780797708969078303e-06,4.628370336729626121e-06,5.132554717074165096e-06,6.108283891201913742e-06,7.177721798718884900e-06,7.988517648894644146e-06,8.450787637250570545e-06,8.847741019720325122e-06,9.725444184583855009e-06,1.158275810135224271e-05,1.450489269313308528e-05,1.794353644937918849e-05,2.080022975545140331e-05,2.182883472200144808e-05,2.020280478884027271e-05,1.598230562466595290e-05,1.023138863070161903e-05,4.682107143041965190e-06,1.057334944009637058e-06,3.424914327067634953e-07,2.344387943514688500e-06,5.759374582880127146e-06,8.740911882825826777e-06,9.718165877286169413e-06,8.090270376047125071e-06,4.472269755556910632e-06,3.781528822891242213e-07,-2.505908428160288372e-06,-3.109769285443973729e-06,-1.454383463976439510e-06,1.404844927987374982e-06,3.924172133565614801e-06,4.828644781372444990e-06,3.706691751554142354e-06,1.159377971220975538e-06,-1.550638899688555621e-06,-3.157140589268359075e-06,-3.017912730799937233e-06,-1.403571495374936631e-06,6.782231886546212256e-07,2.010648176179615159e-06,1.763587583927505205e-06,-1.464617310266017663e-07,-3.100012495137087281e-06,-6.172607075228722115e-06,-8.656004035145205302e-06,-1.041708020896625110e-05,-1.190662686872296730e-05,-1.382391306331536261e-05,-1.662841682292612734e-05,-2.017041759780131797e-05,-2.364758320859230265e-05,-2.592206391286657984e-05,-2.604382616269935977e-05,-2.371881892916127187e-05,-1.948811250616533752e-05,-1.452891292756205202e-05,-1.017387644312003675e-05,-7.377358926414931115e-06,-6.373023939237934443e-06,-6.664824537396057869e-06,-7.329797337680347535e-06,-7.469879115654360893e-06,-6.597361756307654550e-06,-4.791830478656750630e-06,-2.589150760142365299e-06,-6.886524529343491962e-07,3.672217497928414936e-07,4.001778569249627103e-07,-3.746314254214847009e-07,-1.471926888312871908e-06,-2.329015393235463615e-06,-2.480398972502984343e-06,-1.664475747881667400e-06,1.401914972808138327e-07,2.725157232784441497e-06,5.689455315924185915e-06,8.505621556984662446e-06,1.062793665910457514e-05,1.164196940807706017e-05,1.141835121631658860e-05,1.020139181768440657e-05,8.564445985033757603e-06,7.211682589825220336e-06,6.683507896068047551e-06,7.089771648763454445e-06,8.008143208712146832e-06,8.625690297825085596e-06,8.089816011428553551e-06,5.923381697181820599e-06,2.308132165306515893e-06,-1.915274130280287090e-06,-5.556319714038505060e-06,-7.568394370058163152e-06,-7.503991661500393812e-06,-5.714314672814424231e-06,-3.190712516008033985e-06,-1.115521176153507043e-06,-3.323049730530700202e-07,-9.876182240902430110e-07,-2.514327748307443816e-06,-3.958831469839755050e-06,-4.484126521150477036e-06,-3.793498863485355364e-06,-2.260608136353681445e-06,-7.014142511841760852e-07,9.318217508152339381e-08,-1.792765839477485733e-07,-1.118351831563755302e-06,-1.777103102441618548e-06,-1.124443952433529850e-06,1.408597964189976123e-06,5.569393180826425296e-06,1.029684745096208056e-05,1.411611140694117253e-05,1.574146168977966949e-05,1.461474643016660724e-05,1.113760870255225903e-05,6.499497072587929545e-06,2.189060569677999411e-06,-5.852204812344695126e-07,-1.311562523138104242e-06,-2.652542402373575820e-07,1.731408741907800047e-06,3.735647648669753942e-06,5.085062368901938994e-06,5.598681265204316609e-06,5.520601911236160381e-06,5.279724242351483191e-06,5.218431198953029560e-06,5.435591453516973338e-06,5.806870547684508748e-06,6.137977860319584771e-06,6.334006433703729143e-06,6.468264407459785290e-06,6.703552809161632404e-06,7.116177254282211490e-06,7.541572636031435278e-06,7.559525361188977487e-06,6.663842022484062193e-06,4.553330289436620245e-06,1.396644284018361153e-06,-2.087967490935176654e-06,-4.822369458033584587e-06,-5.782604097786544899e-06,-4.470037090353066257e-06,-1.220491231337271219e-06,2.816754837256509360e-06,6.060574921255455842e-06,7.105811898086794165e-06,5.307277403087127792e-06,1.081306232512682443e-06,-4.224554225074102294e-06,-8.859655565747582515e-06,-1.138439723784224281e-05,-1.126782050899950332e-05,-9.106898013038866417e-06,-6.364826578610205168e-06,-4.735204574165188225e-06,-5.406143011042776075e-06,-8.546543040711337098e-06,-1.324121736837605114e-05,-1.790225049204724250e-05,-2.096942577878413614e-05,-2.158045608928362279e-05,-1.990451110990512938e-05,-1.698725726798063298e-05,-1.418351950305775064e-05,-1.244996531666853112e-05,-1.184189676472354378e-05,-1.146802453316872228e-05,-9.942818625582798504e-06,-6.135398625709439370e-06,1.394939243922436802e-07,7.832870920924634264e-06,1.494474294872086123e-05,1.928570591138826192e-05,1.939339900716023746e-05,1.519326261633232638e-05,8.094496716555115443e-06,4.601946915366094175e-07,-5.326982147900002707e-06,-7.796663145857575823e-06,-6.912667389755643258e-06,-3.964271174500212063e-06,-8.943482530952221472e-07,6.133100161542198537e-07,-1.366078265289702017e-07,-2.630602670844801871e-06,-5.510961119671482337e-06,-7.320716399382916428e-06,-7.248721365461940478e-06,-5.507243229862357024e-06,-3.166714432911209188e-06,-1.547308700162239843e-06,-1.487961725514083514e-06,-2.871086161978545413e-06,-4.648154720903259726e-06,-5.355513204509457971e-06,-3.860442099725341267e-06,3.980393103678118625e-08,5.469661611317518020e-06,1.085440620166235493e-05,1.463829812508854964e-05,1.598386846740526253e-05,1.510648260602531858e-05,1.308508800538414287e-05,1.125621606742603116e-05,1.050825538743455659e-05,1.083997632541163595e-05,1.140780487334869261e-05,1.103226350578707941e-05,8.895760785066745316e-06,5.063822537554430103e-06,5.514310254066262340e-07,-3.110361938883474531e-06,-4.594588694856570417e-06,-3.422511716596622894e-06,-2.042651528135237467e-07,3.648734896172907226e-06,6.597411070677923942e-06,7.697549620773727746e-06,7.010481087592079152e-06,5.500593730718257074e-06,4.479213827863659044e-06,4.883663652612766719e-06,6.761659048832178199e-06,9.224169617195148693e-06,1.088999250381307830e-05,1.059518265265937785e-05,8.006879735306062881e-06,3.830452898760807563e-06,-4.955761326605515426e-07,-3.466009952181997347e-06,-4.208242033968553493e-06,-2.874144466502539440e-06,-5.415399750050124027e-07,1.314134399278722331e-06,1.510620736587787535e-06,-3.236594657252261610e-07,-3.642133574352188528e-06,-7.308567198313936262e-06,-1.017424061506320600e-05,-1.160695788755050558e-05,-1.171841959108840983e-05,-1.120299973102535266e-05,-1.090028045005879645e-05,-1.132371734940889143e-05,-1.239718008036525355e-05,-1.351841097855107015e-05,-1.389399863818261587e-05,-1.295677373396540632e-05,-1.064926187291615805e-05,-7.442336006895548712e-06,-4.103818264777019499e-06,-1.356999923641820290e-06,3.902238928337941327e-07,1.123298699815656675e-06,1.101544706159382511e-06,6.447022201639895512e-07,-3.247886980406396884e-08,-8.433881754797537778e-07,-1.717625954488754736e-06,-2.453696371368687157e-06,-2.663870144045872905e-06,-1.884616817079081370e-06,1.793295121720296470e-07,3.404311282372116622e-06,7.145077683006906746e-06,1.037398786405327512e-05,1.203541459489997865e-05,1.147112092576618508e-05,8.721529542031230175e-06,4.553758576383809267e-06,1.899357695992283201e-07,-3.151658634896725314e-06,-4.703778713003933555e-06,-4.395589481250640608e-06,-2.803789361787129930e-06,-8.535257314433843919e-07,5.792005422114090002e-07,9.833006839801266120e-07,3.246306766754022937e-07,-1.057949897821960895e-06,-2.682700811585553279e-06,-4.147210996830961712e-06,-5.238043987789051082e-06,-5.902450725238757100e-06,-6.137800736597440335e-06,-5.892559974332001330e-06,-5.050999091132033580e-06,-3.510456522797288118e-06,-1.295683308116003228e-06,1.371516114314957476e-06,4.102792077424445540e-06,6.467631808145010240e-06,8.146490894815798666e-06,9.027839642417356643e-06,9.196445890567745828e-06,8.825698955333230138e-06,8.046354744199761604e-06,6.880727174368606436e-06,5.292404972155998236e-06,3.327310337121504347e-06,1.255230541930294593e-06,-3.965491820899790242e-07,-9.782423162377142782e-07,1.016565448653709841e-08,2.629005057446037992e-06,6.344817832724133658e-06,1.011971200489140370e-05,1.274249248271630444e-05,1.327854353273101564e-05,1.144403697371311726e-05,7.729075193451244463e-06,3.200671185914024879e-06,-9.374536289230975104e-07,-3.835126432596142726e-06,-5.314528363383183492e-06,-5.872175327378322442e-06,-6.365548856731164412e-06,-7.534474229772790546e-06,-9.586638713032122848e-06,-1.204783106831470971e-05,-1.395317321306065498e-05,-1.429410115239205430e-05,-1.251338899359088903e-05,-8.814993425186070758e-06,-4.139052933500607636e-06,1.941123239166273895e-07,3.015263099774502185e-06,3.776956179822017493e-06,2.755804865262216108e-06,9.001654169890868189e-07,-6.040802943371005324e-07,-8.537906201511583729e-07,3.938499973879341931e-07,2.645373210385860910e-06,4.917587177592957481e-06,6.185222780198984695e-06,5.825320760013934404e-06,3.865108062727591432e-06,9.362408110843562776e-07,-2.027282750791657694e-06,-4.199374875439377587e-06,-5.193247147808125891e-06,-5.173749432742607199e-06,-4.717363695914772766e-06,-4.501887316247037356e-06,-4.978743016587150164e-06,-6.177456439559513326e-06,-7.719992797940859435e-06,-9.019638251757771722e-06,-9.554984045603852788e-06,-9.083076021769906000e-06,-7.696470890482797758e-06,-5.713576054290909634e-06,-3.476487691737792814e-06,-1.173171677136782174e-06,1.218953351122521806e-06,3.841477300656839969e-06,6.772737242838979110e-06,9.864956053921022258e-06,1.270446720357334878e-05,1.473503359652889993e-05,1.549544351436081316e-05,1.485485708835050990e-05,1.311969901372319891e-05,1.094238887599218139e-05,9.058933358244003809e-06,7.971384637318928756e-06,7.726178333024668032e-06,7.899816565148804208e-06,7.805948348615369996e-06,6.829560422080359300e-06,4.729076520199716520e-06,1.759900579884449528e-06,-1.440809829094364775e-06,-4.150314372503579651e-06,-5.888923904336705715e-06,-6.616142898389616978e-06,-6.697030985968245541e-06,-6.660159812907548054e-06,-6.877811094868613905e-06,-7.341781170067450759e-06,-7.660240441615520632e-06,-7.285138976647000892e-06,-5.854666887748531365e-06,-3.467064917188650669e-06,-7.289788375096699119e-07,1.466666362564558287e-06,2.336915042703159483e-06,1.584945962467238545e-06,-4.389622995385898000e-07,-2.885777597943982553e-06,-4.804572382949311858e-06,-5.596403548480772577e-06,-5.296110665285219748e-06,-4.531917010644992136e-06,-4.172548639027570298e-06,-4.833393502253804637e-06,-6.493973156782184557e-06,-8.433928032527263489e-06,-9.541576472031217015e-06,-8.861286553725474405e-06,-6.117010232209743888e-06,-1.946509594860415420e-06,2.289857948622319989e-06,5.060103616563312104e-06,5.328567301827404625e-06,3.033162871348622372e-06,-8.545919244859644765e-07,-4.722636216198777014e-06,-6.990655864402159203e-06,-6.758994425165229446e-06,-4.145021790859206263e-06,-1.660971249445860840e-07,3.760479423045407146e-06,6.456963418974269407e-06,7.466479030313707078e-06,7.165794361506965573e-06,6.481869554075646848e-06,6.372236381109141358e-06,7.332304071786120402e-06,9.165104669091078516e-06,1.110956868638818209e-05,1.224429237141642277e-05,1.195348106415855939e-05,1.022163732578851766e-05,7.618809192664140854e-06,4.997473139129630008e-06,3.064676679448953152e-06,2.049336362158811469e-06,1.629762505406998575e-06,1.151058361140773192e-06,1.508381530174055704e-08,-1.960078168039356629e-06,-4.397803692820951855e-06,-6.515559660838479314e-06,-7.503287031501124894e-06,-6.944832465517264716e-06,-5.074138760272046060e-06,-2.732135606502786741e-06,-1.029122943922522987e-06,-8.560677028456487803e-07,-2.462658575042862325e-06,-5.296170870981335741e-06,-8.183775505431108301e-06,-9.791363773579630315e-06,-9.169980327093379217e-06,-6.159596113643297014e-06,-1.477013273291286561e-06,3.554127259081065585e-06,7.523370585145395071e-06,9.489922872233136860e-06,9.344712846797736356e-06,7.825939318142036849e-06,6.178856202361641969e-06,5.599004426676232833e-06,6.690830112491243880e-06,9.171378612965046554e-06,1.195069978516458629e-05,1.356545407324894777e-05,1.279326899904279874e-05,9.195048645597792881e-06,3.356133579780475093e-06,-3.282348834711524841e-06,-8.941863030630922476e-06,-1.216785660347920150e-05,-1.236577143200744877e-05,-9.994389222611776798e-06,-6.342676227717287524e-06,-2.991005631780022504e-06,-1.187949708056212911e-06,-1.402961381043326944e-06,-3.231145603021962515e-06,-5.667627887604680516e-06,-7.607906624170960821e-06,-8.339575063990868056e-06,-7.809233357598074191e-06,-6.564167394968970823e-06,-5.424105851863339629e-06,-5.059378892840234114e-06,-5.682202230592291424e-06,-6.987269822362160803e-06,-8.345693472007996438e-06,-9.130982893498669473e-06,-8.999773865611660449e-06,-7.988568649777438326e-06,-6.396581845954850061e-06,-4.543692788264561317e-06,-2.557456094117230046e-06,-3.201085267110772497e-07,2.390567884782453460e-06,5.649610247178034983e-06,9.177047036079401211e-06,1.231343698306758024e-05,1.422262913887827790e-05,1.423959206616397607e-05,1.219328264488986565e-05,8.534493998998223904e-06,4.190015945762953322e-06,2.015818693549082204e-07,-2.680616609417216043e-06,-4.254259688667462345e-06,-4.850693721955451873e-06,-5.068146516907452216e-06,-5.399691732929701056e-06,-5.955272306006235529e-06,-6.423542001794130438e-06,-6.288023019710363698e-06,-5.172852813329864158e-06,-3.121114971857427584e-06,-6.433327596767448945e-07,1.501985188063170056e-06,2.685774213192446022e-06,2.742108577630480565e-06,2.072399980115258508e-06,1.452203201477599010e-06,1.631472383043564015e-06,2.934014890862555041e-06,5.069612758137302807e-06,7.265452909596351326e-06,8.656109527693506059e-06,8.731335243313383338e-06,7.604110860888604237e-06,5.950526731863823378e-06,4.644318732009337187e-06,4.273452642965537710e-06,4.796214596429395657e-06,5.529546944417118190e-06,5.492723249194065306e-06,3.940992558347260158e-06,8.151320600117931096e-07,-3.136332576998065223e-06,-6.646434186187753041e-06,-8.505719728305534240e-06,-8.147079659506701362e-06,-5.945063303613295499e-06,-3.067347072755868823e-06,-9.338472252402497317e-07,-5.351146425330778918e-07,-1.937808748136900718e-06,-4.221548322201513268e-06,-5.887480171491084425e-06,-5.553328862754656942e-06,-2.612011211243627269e-06,2.452670621459822299e-06,8.238351412655307154e-06,1.300216698273419427e-05,1.537804914021170311e-05,1.491130966087958163e-05,1.218355158796496487e-05,8.495738106877532682e-06,5.276292439490031416e-06,3.491754930629434795e-06,3.314218878843643168e-06,4.163017914193394742e-06,5.060404383903575984e-06,5.108253561959266790e-06,3.862410763768589904e-06,1.456554124403709013e-06,-1.538906002088298907e-06,-4.415477080754310142e-06,-6.621664163673538765e-06,-7.924239872381779861e-06,-8.393600449083967038e-06,-8.264205969249164435e-06,-7.771471023302387022e-06,-7.055038242874840852e-06,-6.161212544352553915e-06,-5.112889346388651640e-06,-3.980868199017001456e-06,-2.901660322355910493e-06,-2.031241185055857091e-06,-1.470837886751650223e-06,-1.220192603238284280e-06,-1.194915055452678829e-06,-1.300822392457092243e-06,-1.518018090232403914e-06,-1.936814534785312012e-06,-2.714141133411475487e-06,-3.967613942195084283e-06,-5.665917537968148303e-06,-7.582863985888141120e-06,-9.351449314808638535e-06,-1.059967191799235671e-05,-1.110237200731586323e-05,-1.087043319311998026e-05,-1.012898714890882601e-05,-9.194192008136456811e-06,-8.312264840367309440e-06,-7.544850353171153353e-06,-6.759906057623345644e-06,-5.730408357950951973e-06,-4.285335730300495194e-06,-2.430111516677686590e-06,-3.716112789625438964e-07,1.564400049337997564e-06,3.077397307644569666e-06,4.020312580981324695e-06,4.446282500413751604e-06,4.555876943536112330e-06,4.582169401718652617e-06,4.682633156842458397e-06,4.897164586248175107e-06,5.187244140589469388e-06,5.519396579963365745e-06,5.928353134309028427e-06,6.509188409415323191e-06,7.335775062294732408e-06,8.356329861437790404e-06,9.341780420839576290e-06,9.940514719090884601e-06,9.832643984178668034e-06,8.911387433618082031e-06,7.388276137575108475e-06,5.745807578213786318e-06,4.537485561944372067e-06,4.122508390018087611e-06,4.471692215520269794e-06,5.159780376379315851e-06,5.570758201363495277e-06,5.228768761212682661e-06,4.087802677533367680e-06,2.615784058821680819e-06,1.600466486309263318e-06,1.745724755093897395e-06,3.247238675909988476e-06,5.570595543954930656e-06,7.576331300917361489e-06,7.975452883187014280e-06,5.930466002551026624e-06,1.525380178256056500e-06,-4.134707372844987833e-06,-9.277208924922380402e-06,-1.214430522336110954e-05,-1.171879095745585159e-05,-8.173725810816629981e-06,-2.838709531830391694e-06,2.313004532325031583e-06,5.438941552318606879e-06,5.529755398047653406e-06,2.741596026340859104e-06,-1.768936126313319061e-06,-6.409773486150960523e-06,-9.846575033507454314e-06,-1.150842929719236762e-05,-1.169334801613973845e-05,-1.125779314305733252e-05,-1.106965295528801216e-05,-1.150569263032980367e-05,-1.223838773140116504e-05,-1.240609646926737813e-05,-1.107128476982425232e-05,-7.735521402951277519e-06,-2.659416267484498331e-06,3.164863852281420902e-06,8.373876142434892602e-06,1.175843917221172960e-05,1.271848700008117427e-05,1.145407111909398943e-05,8.826458761579096009e-06,5.970810689163071411e-06,3.841605888957858698e-06,2.883386424855976436e-06,2.946166333204051517e-06,3.448610883501842552e-06,3.689101118116181155e-06,3.158286383236017421e-06,1.728713775386630474e-06,-3.327183387288968225e-07,-2.503786707155068672e-06,-4.217819076040036536e-06,-5.056118659212084973e-06,-4.858715736408640958e-06,-3.734363689473730788e-06,-1.989388135215905111e-06,-1.500900426029611342e-08,1.826409826127572755e-06,3.286130458123483771e-06,4.267748979698960291e-06,4.814427130179576878e-06,5.050664496700717053e-06,5.097574727919034586e-06,4.992931315490561958e-06,4.652033000940434374e-06,3.895324979918249656e-06,2.542372713989296381e-06,5.380012853449864371e-07,-1.948155053476063589e-06,-4.506682928352500695e-06,-6.584509893942405905e-06,-7.667438243577437163e-06,-7.477614235580363534e-06,-6.097550313942691277e-06,-3.958027941892732574e-06,-1.686732041074847387e-06,1.200208377866166324e-07,1.102005592287400771e-06,1.226343109784413929e-06,7.311230729597670219e-07,-3.948273599693015288e-08,-8.168795334177478019e-07,-1.511128909255533501e-06,-2.187965931954846934e-06,-2.945854520929758224e-06,-3.777660129989358575e-06,-4.511253686595584689e-06,-4.877109512423732525e-06,-4.673159249679433377e-06,-3.931627232152404388e-06,-2.978628289970281083e-06,-2.327202699720794628e-06,-2.434779158769011854e-06,-3.438682357530772925e-06,-5.010873003858977135e-06,-6.425507400855999097e-06,-6.830151457121413534e-06,-5.605178013263517774e-06,-2.642797634515008758e-06,1.591326374064531283e-06,6.247215009450894067e-06,1.043938237142241200e-05,1.358379654977871757e-05,1.555867939409031511e-05,1.661812239114968405e-05,1.711928200658722411e-05,1.722452223017216153e-05,1.675420743600363198e-05,1.528355789478885070e-05,1.243961034039992333e-05,8.234886928664552976e-06,3.239266175133212729e-06,-1.535401450708102937e-06,-5.015516898652415036e-06,-6.540894200623575971e-06,-6.196872978271165672e-06,-4.817927011553842558e-06,-3.630567371997935179e-06,-3.683988208522281581e-06,-5.333885571016974693e-06,-8.035432583709802918e-06,-1.056406753903451097e-05,-1.158020278088975054e-05,-1.028347887389719065e-05,-6.848204967198962795e-06,-2.423779896152431952e-06,1.318451965314853884e-06,2.899343550886753426e-06,1.689430187327193579e-06,-1.787675304368518879e-06,-6.046839265699008740e-06,-9.248313425709912638e-06,-9.957173486289774944e-06,-7.728747559222377963e-06,-3.275101102255677920e-06,1.846032703491916851e-06,5.873516651223870083e-06,7.536842611415541742e-06,6.515487572043221490e-06,3.491810092570571922e-06,-1.950834292588057505e-07,-3.124290310062080414e-06,-4.347798959569889952e-06,-3.706643548197995019e-06,-1.807511033381532179e-06,2.949298862429798891e-07,1.552831526467248989e-06,1.324359005729922621e-06,-4.295516972569709431e-07,-3.199247215129410190e-06,-6.175293008384315818e-06,-8.568850685671427738e-06,-9.871078175202730086e-06,-9.963740518138756506e-06,-9.065715931552088195e-06,-7.567429475468496512e-06,-5.841272148845406284e-06,-4.110787112495065702e-06,-2.422680630104281980e-06,-7.137984927365635273e-07,1.076669187934120356e-06,2.914567720621303133e-06,4.646621526375186531e-06,6.055862868384954762e-06,6.966358252521473806e-06,7.341171290369460471e-06,7.319427281936925093e-06,7.167376441935266426e-06,7.161131966740759164e-06,7.454838476929423412e-06,7.999211429551335712e-06,8.554687861244615840e-06,8.799243778174313190e-06,8.483949285779725325e-06,7.562986865308300033e-06,6.233646523452908740e-06,4.863270563808357987e-06,3.834964414198603393e-06,3.384901737293454389e-06,3.509736032491652531e-06,3.988738257403269632e-06,4.507939693972847366e-06,4.821797109379152844e-06,4.868891297676217071e-06,4.782734795861044648e-06,4.794901831965593849e-06,5.086101001330962904e-06,5.669972408535809109e-06,6.377527541262635469e-06,6.954916224777082939e-06,7.222521458993602264e-06,7.204579055193126434e-06,7.148359166929845168e-06,7.407699536437569005e-06,8.239487555223002933e-06,9.614541644451849613e-06,1.114660505536183591e-05,1.219081176546388991e-05,1.208068190597837061e-05,1.040172457940675304e-05,7.176763053501897687e-06,2.876048642633418569e-06,-1.753858825906848385e-06,-5.964452722434967985e-06,-9.259186628449353937e-06,-1.151768304524599115e-05,-1.294705278340440023e-05,-1.390075466996840065e-05,-1.466498700913163059e-05,-1.532012457054626007e-05,-1.573937160029795646e-05,-1.571401073858799292e-05,-1.513183167924866764e-05,-1.411248982389235685e-05,-1.302877957667714113e-05,-1.240013895283071732e-05,-1.270424890150097647e-05,-1.418670646165099700e-05,-1.674519386308149523e-05,-1.993015259120830559e-05,-2.305805765220179761e-05,-2.539614981594193855e-05,-2.636023737151068695e-05,-2.566974002595088245e-05,-2.341930813422995127e-05,-2.004701125905321564e-05,-1.620249648421841744e-05,-1.254475375199259322e-05,-9.525746130872358769e-06,-7.234131491930631608e-06,-5.368973338776577831e-06,-3.376984402161216610e-06,-7.228980755425487430e-07,2.806034441471016603e-06,6.899123606055030055e-06,1.074231577902837667e-05,1.329272018196438349e-05,1.372242595097685050e-05,1.184756340497424681e-05,8.334389039909177990e-06,4.550193148215241442e-06,2.080035545700469641e-06,2.093820049992729771e-06,4.840511647392549872e-06,9.512434579572011454e-06,1.456629215686329991e-05,1.837574903283826285e-05,1.992471360314340131e-05,1.921748469291404530e-05,1.720713602953712827e-05,1.527327362671742568e-05,1.450409499429701721e-05,1.514162959594456360e-05,1.647470887536770897e-05,1.724199817485269937e-05,1.634543611369558203e-05,1.350619740399064438e-05,9.511561899719499940e-06,5.900707521810285021e-06,4.224153753303549918e-06,5.240122547306368186e-06,8.460861752419074550e-06,1.230057773544682156e-05,1.477969944808518169e-05,1.445580601898325635e-05,1.112579536080011024e-05,5.945401260116327043e-06,8.948279854490533218e-07,-2.156733382058007148e-06,-2.333077655393951736e-06,-1.487231704320872648e-07,2.768779478415045251e-06,4.487973854697537009e-06,3.708442190353716601e-06,3.599455113700683891e-07,-4.419145561552304617e-06,-8.891366974653369833e-06,-1.158956998591359431e-05,-1.199587957275623081e-05,-1.069096698861972054e-05,-8.918416613161334411e-06,-7.816582685352617722e-06,-7.741360376467908998e-06,-8.049850922395396943e-06,-7.466553133594034307e-06,-4.841379577451629351e-06,1.039105822419853113e-07,6.446208394377348904e-06,1.234368576660762873e-05,1.581207661189617245e-05,1.562047609298597756e-05,1.186590639136348150e-05,5.941741985976127916e-06,-8.673397170915321691e-08,-4.397135118553368660e-06,-6.176743680819393132e-06,-5.884875485303248898e-06,-4.908402504492418438e-06,-4.803430807360700598e-06,-6.506278768800141973e-06,-9.892676160818976761e-06,-1.387636982334122907e-05,-1.696810847824137459e-05,-1.799983027089424055e-05,-1.665901507177473806e-05,-1.359359405472626341e-05,-1.006999344710705881e-05,-7.379649785461781296e-06,-6.290064524254129138e-06,-6.786193100437250573e-06,-8.185586170529136871e-06,-9.526753202022465286e-06,-1.001669423905914759e-05,-9.327454812737222788e-06,-7.635831141031519797e-06,-5.439560000201198421e-06,-3.282819971554060197e-06,-1.539554219262062356e-06,-3.407483570819010976e-07,3.625055373887907615e-07,6.782172188022287301e-07,6.842599574361508868e-07,4.166421550167692267e-07,-8.141171536690488085e-08,-7.064059180572227927e-07,-1.289381578377587570e-06,-1.648898297670927033e-06,-1.666171647597132171e-06,-1.328123393318649014e-06,-7.064652051870747662e-07,1.118373543892317277e-07,1.088647169946266826e-06,2.237855781702105819e-06,3.553003749820285400e-06,4.903332398473068878e-06,5.979860476652057297e-06,6.359833269012846902e-06,5.693790606390314933e-06,3.937483730520655114e-06,1.499972586255329308e-06,-8.036674704551279320e-07,-2.020340488077436038e-06,-1.456673957970907745e-06,9.696036685901602184e-07,4.604208368785861679e-06,8.246937492995147487e-06,1.060398938019344416e-05,1.081740344885705058e-05,8.838013159965776700e-06,5.469135435505410769e-06,2.053391180313839985e-06,-6.383897917825995981e-08,-6.119911575718055037e-08,2.065343626146663769e-06,5.554181369790630484e-06,9.227460390444448195e-06,1.196303188756556624e-05,1.307611497142115350e-05,1.246256792169785595e-05,1.048378990385764437e-05,7.696638430759937625e-06,4.589267008464295193e-06,1.452397406653238343e-06,-1.580012622688668445e-06,-4.389586657867724755e-06,-6.753761388192245714e-06,-8.345983284601109784e-06,-8.871557527401712669e-06,-8.262208215365726918e-06,-6.804296060649831729e-06,-5.100904071636540806e-06,-3.854462772631359892e-06,-3.557843889640358939e-06,-4.242464025331231263e-06,-5.417227957705736917e-06,-6.246737142417604289e-06,-5.902747100062113357e-06,-3.936489891863839975e-06,-5.044856538257895135e-07,3.655397482409514755e-06,7.488714255126130529e-06,1.001466490228417359e-05,1.067508337397065085e-05,9.500808563878854692e-06,7.040522615277893040e-06,4.101858607177183140e-06,1.429213822573017966e-06,-5.434681581064171668e-07,-1.773992490631360728e-06,-2.517458127575430006e-06,-3.121703712993606519e-06,-3.816005678544956462e-06,-4.585200615792954087e-06,-5.173328412143341930e-06,-5.202005643481962332e-06,-4.345146450411992439e-06,-2.487884106088986826e-06,1.873533717750915995e-07,3.212984129315628945e-06,5.938882293904555847e-06,7.693674816460949233e-06,7.961178733448528449e-06,6.526996864191610705e-06,3.556470431529752779e-06,-4.216513598892742952e-07,-4.630572756481477281e-06,-8.237212801676183698e-06,-1.057015114202083367e-05,-1.129670906664496841e-05,-1.049698374746045140e-05,-8.603304738872920285e-06,-6.222354563266167773e-06,-3.905477442390110594e-06,-1.958244675461350162e-06,-3.681601104292451803e-07,1.119317389556295769e-06,2.812294021343862309e-06,4.860913101298914011e-06,7.126555383193862255e-06,9.200822145315486986e-06,1.057294533911847308e-05,1.087020557228148685e-05,1.005445322901093911e-05,8.471642507313307803e-06,6.717331220807154004e-06,5.370212836784843187e-06,4.715371438475965322e-06,4.593319502466607097e-06,4.459150527075862192e-06,3.639326113773103276e-06,1.676205904509500235e-06,-1.400070953614080813e-06,-5.008906130204087951e-06,-8.211332670389806025e-06,-1.008446063397119484e-05,-1.011612718112104337e-05,-8.440351940360918463e-06,-5.800736223750354305e-06,-3.250783051695363968e-06,-1.721233572858346927e-06,-1.647470523766359213e-06,-2.823678412423234623e-06,-4.545710342254299601e-06,-5.970257923715408450e-06,-6.517728060458606522e-06,-6.128297582442534230e-06,-5.253733310257283834e-06,-4.596437994839411470e-06,-4.729259664096292383e-06,-5.785550403561186335e-06,-7.371860636995569943e-06,-8.744367575625351178e-06,-9.160003339462462104e-06,-8.228585669308972081e-06,-6.094328446470946394e-06,-3.361689452881517140e-06,-8.073284204909443755e-07,9.766752678403939739e-07,1.834093054413998518e-06,2.073811121743634315e-06,2.273901232961914512e-06,2.967770363480795752e-06,4.372117120270067441e-06,6.286992611970242035e-06,8.205570406871809779e-06,9.565342389728059605e-06,1.000781267894544098e-05,9.520698525285267789e-06,8.406638195595700344e-06,7.114457745414578324e-06,6.033201291191449587e-06,5.353833021086697764e-06,5.051822167380292496e-06,4.969791704978297453e-06,4.927331409508096247e-06,4.783583734337595042e-06,4.424214976066774189e-06,3.705880002863838977e-06,2.427254233760221741e-06,3.813646823312289636e-07,-2.513549718348620432e-06,-6.072432160215290643e-06,-9.788200591217764408e-06,-1.292964173311138095e-05,-1.478010813876694581e-05,-1.491969254900732560e-05,-1.341308910938947734e-05,-1.079842872644803389e-05,-7.867442408564758309e-06,-5.335867855479478236e-06,-3.565054239453625201e-06,-2.473482947688157717e-06,-1.678014764626323741e-06,-7.805223800206014905e-07,3.653168630187992022e-07,1.562347415080175908e-06,2.409509343988753927e-06,2.593017148247841779e-06,2.153504113352366339e-06,1.555230467720454710e-06,1.488293679138789577e-06,2.489243390561454819e-06,4.584005264817317446e-06,7.168367173899621075e-06,9.229888290785821274e-06,9.833456802012630700e-06,8.636617127696697736e-06,6.158885825981177718e-06,3.633738029089883566e-06,2.477290158170789861e-06,3.610964099719292890e-06,6.968583070077082825e-06,1.144605366932278049e-05,1.534326446602713700e-05,1.710493945744063395e-05,1.601337415655123520e-05,1.250222296382932985e-05,7.941945063062359227e-06,4.004332136871289043e-06,1.916389703559563522e-06,1.960551524794906790e-06,3.446758959979260790e-06,5.141724963515319880e-06,5.915959415442563318e-06,5.273856367803125546e-06,3.510937812081248745e-06,1.448422335631040600e-06,-8.310255029151744843e-08,-7.183687800033069371e-07,-7.374681203227587365e-07,-8.704897599532962818e-07,-1.853541756457411956e-06,-3.992665838969367237e-06,-6.976711715542631206e-06,-1.003329780291199149e-05,-1.232867419441054459e-05,-1.338082088595721681e-05,-1.325666751314753435e-05,-1.245453876568715024e-05,-1.155567225973021061e-05,-1.085956847079413017e-05,-1.022317409735678570e-05,-9.201308848890480034e-06,-7.405683858877097307e-06,-4.865495497465896407e-06,-2.161861933715968027e-06,-2.300386607544822333e-07,8.855726929581298210e-08,-1.487494463588803813e-06,-4.453816705230125682e-06,-7.677826773415713629e-06,-9.884413569114329287e-06,-1.023861922528124741e-05,-8.735719308738122522e-06,-6.200555197652771425e-06,-3.892554160247402608e-06,-2.909370588062691953e-06,-3.679108979687643075e-06,-5.780638190867219455e-06,-8.163157407105912377e-06,-9.639571270452873967e-06,-9.404207599808474982e-06,-7.332781972680323893e-06,-3.949155136402780384e-06,-1.162433751941910525e-07,3.364694664479159199e-06,6.042457195028821150e-06,7.875193785721261482e-06,9.080520786046390662e-06,9.903656791107916447e-06,1.045291430979230152e-05,1.068579745435203929e-05,1.052212814590402762e-05,9.980451813108681100e-06,9.227321551355584939e-06,8.495687035159085824e-06,7.923358497573229474e-06,7.423993380723086305e-06,6.691315733148175707e-06,5.357989086549656405e-06,3.231556404941986127e-06,4.723434978326144209e-07,-2.400195068187079735e-06,-4.694709938396652370e-06,-5.840921109661690783e-06,-5.636408255481259478e-06,-4.316181073023485387e-06,-2.410094934500216215e-06,-4.706659489558282254e-07,1.174836217075572431e-06,2.511039045266085495e-06,3.719487631073283860e-06,4.942736713289735033e-06,6.082946691078469866e-06,6.773310924456183402e-06,6.558745866775008600e-06,5.192644893472567473e-06,2.874678710129019889e-06,2.715527019112369565e-07,-1.725666424653150724e-06,-2.406280074467345428e-06,-1.603681355074791331e-06,1.805956021927525349e-07,1.977295291025325089e-06,2.792810086269810619e-06,2.083085470892068027e-06,2.156873794118479688e-08,-2.576804059350224882e-06,-4.641891062552030382e-06,-5.355061709477878726e-06,-4.526990176273478950e-06,-2.664601243616508940e-06,-7.034847356122734455e-07,4.516826400788525468e-07,3.471197410162807285e-07,-8.403844723355287371e-07,-2.434834824104316423e-06,-3.616324235975246984e-06,-3.809686765923507192e-06,-2.916322507145640055e-06,-1.295547362157047945e-06,4.630523931315962090e-07,1.834836964337556641e-06,2.566113063131280724e-06,2.703323852014706332e-06,2.465612912031872992e-06,2.063966501880618212e-06,1.584230459364376067e-06,9.950827532567280843e-07,2.549223100641754223e-07,-5.715028618048439875e-07,-1.277733888170717759e-06,-1.594659106884957841e-06,-1.337847427509899768e-06,-5.270657128779483035e-07,6.064380764242580293e-07,1.741892222700524361e-06,2.654706005885257261e-06,3.353956930596102645e-06,4.080015979816892498e-06,5.149068333602008098e-06,6.723622561680664965e-06,8.639905682173905320e-06,1.040135947212617445e-05,1.136088770225126005e-05,1.100960724009375343e-05,9.225501310542195006e-06,6.349445878459819795e-06,3.043408429485494647e-06,-1.076466461434305467e-10,-2.349343051141959012e-06,-3.977318151240578009e-06,-5.190338819417484314e-06,-6.388781815856835160e-06,-7.797096705115235944e-06,-9.313517974948110279e-06,-1.056096083939367393e-05,-1.110737924543423117e-05,-1.072903558181505693e-05,-9.565833309092454051e-06,-8.077245750446982334e-06,-6.817573331240625637e-06,-6.149721649033213683e-06,-6.052500763184829771e-06,-6.128226902312895250e-06,-5.811470032970254108e-06,-4.673283380400430658e-06,-2.664851844505884401e-06,-1.759907876582238496e-07,2.120843313444684652e-06,3.562585874862157351e-06,3.780799268439340497e-06,2.847198998611591666e-06,1.221617898505127888e-06,-4.575994060599771695e-07,-1.631297608017890350e-06,-2.007083665677479137e-06,-1.608408292694670076e-06,-6.926924092533816950e-07,3.947356701181551296e-07,1.350147269206121917e-06,1.974928012279350094e-06,2.174677903762148922e-06,1.932424219538643279e-06,1.296336531886364329e-06,3.927316756124057057e-07,-5.614581793531668518e-07,-1.287585258587888360e-06,-1.535977864388596430e-06,-1.213649430218989637e-06,-4.834875763517101474e-07,2.369921835241236698e-07,4.098863095427146865e-07,-3.921608916833829941e-07,-2.256396998487379817e-06,-4.817562772069540026e-06,-7.336278793273774609e-06,-8.955909237972257909e-06,-9.037256551032503516e-06,-7.425272725045799000e-06,-4.525499331137940507e-06,-1.151358870081190846e-06,1.792795296466493968e-06,3.654153251642820532e-06,4.252447075568093903e-06,3.892561195662974974e-06,3.179530931683434760e-06,2.733884593822101914e-06,2.941101424490420823e-06,3.839799255319503802e-06,5.178049508314346457e-06,6.585965091290155185e-06,7.765160926197441397e-06,8.601526688387974096e-06,9.158433776934601727e-06,9.573064792815257412e-06,9.924740238473189543e-06,1.015008999195893387e-05,1.004742993552167192e-05,9.362734840134105132e-06,7.909438874493838223e-06,5.662817009561440956e-06,2.788703187764211228e-06,-3.981795444913741057e-07,-3.519283203794491993e-06,-6.220919569880833122e-06,-8.235695157211806401e-06,-9.407226824855154522e-06,-9.688342365989229769e-06,-9.130341503049743654e-06,-7.874451010756622037e-06,-6.143437307287783081e-06,-4.221773489190196842e-06,-2.413800152267595705e-06,-9.807371361982188581e-07,-7.239880218938604037e-08,3.209816628454306785e-07,3.733834763181934673e-07,3.742262282973289051e-07,6.359800967492814660e-07,1.385546593963623265e-06,2.675403425744900545e-06,4.346832775068826114e-06,6.062559182283350033e-06,7.404149765926561689e-06,8.006932921033715127e-06,7.689036044885436870e-06,6.527766620548580923e-06,4.849599251836347678e-06,3.128101446060253387e-06,1.819392294906144516e-06,1.193983815805758061e-06,1.233044196392899101e-06,1.638051762282381693e-06,1.958970560298957041e-06,1.793810829871300742e-06,9.753680157721856526e-07,-3.408210848144945657e-07,-1.734221876898939553e-06,-2.704217903457081551e-06,-2.901496775968392793e-06,-2.297712392553345972e-06,-1.209294679000036294e-06,-1.587714775116513860e-07,3.634221136208879581e-07,1.219744593640661708e-07,-7.656451361330261686e-07,-1.905938178266146898e-06,-2.841005922028029251e-06,-3.284997525494334479e-06,-3.260930432837825960e-06,-3.064992012226030865e-06,-3.077640652006481554e-06,-3.525235578576350261e-06,-4.326189742759416315e-06,-5.112970501383794481e-06,-5.426086289235898831e-06,-4.978794218011330413e-06,-3.845577052561904983e-06,-2.461469605170354235e-06,-1.418381142745006597e-06,-1.157253399195712850e-06,-1.719568510029673821e-06,-2.699926533710769679e-06,-3.440205000206616363e-06,-3.376174277585844554e-06,-2.358574645178467292e-06,-7.731390899087653212e-07,6.185521790178056448e-07,1.050701317669208721e-06,1.537825498526791364e-07,-1.825104922724534372e-06,-4.107222167527526065e-06,-5.744366410523514987e-06,-6.084979836325785274e-06,-5.110128786644609460e-06,-3.463062484514044602e-06,-2.145898749408898465e-06,-2.024164641709737789e-06,-3.379515465313697047e-06,-5.731632478252745071e-06,-8.020977570520703871e-06,-9.069448956294874262e-06,-8.103176006130202703e-06,-5.095664961360804304e-06,-7.803776885605276872e-07,3.658947741481750084e-06,7.065091553540732789e-06,8.732394059590133120e-06,8.605721638085906473e-06,7.201040574710251709e-06,5.327225605864565712e-06,3.763904138420450271e-06,3.037651659905741465e-06,3.357353890302295530e-06,4.673153289566798727e-06,6.768791153173119860e-06,9.311012270717326073e-06,1.184482362350231289e-05,1.379105573887712055e-05,1.452344789732341681e-05,1.355742655409947340e-05,1.079643154559746407e-05,6.708938747544500196e-06,2.303064855186401154e-06,-1.156509235978014948e-06,-2.614475247235436421e-06,-1.684190955676536880e-06,1.120777830750753648e-06,4.523404519695709400e-06,6.965422540280402919e-06,7.242926933009575613e-06,5.014693504019883859e-06,9.457553334589061233e-07,-3.589707773256596610e-06,-7.116708427520937283e-06,-8.700138732576219821e-06,-8.320799923788979699e-06,-6.814782937375663983e-06,-5.413248246502609022e-06,-5.111082590478806361e-06,-6.172914931192189094e-06,-8.014442259503924424e-06,-9.511155138127825941e-06,-9.577284772502845351e-06,-7.727861943663654406e-06,-4.348775840292852541e-06,-5.456198182606346977e-07,2.351715537454943726e-06,3.387049974100849592e-06,2.392884116891619040e-06,3.170931761603050045e-08,-2.542968512346733958e-06,-4.231397225423468448e-06,-4.472880543274955602e-06,-3.446462651810289604e-06,-1.908316966472634151e-06,-7.649021056563813814e-07,-6.028482851132938340e-07,-1.406291820341777754e-06,-2.590431333517798712e-06,-3.320796547673276743e-06,-2.950510145751359958e-06,-1.357590111190928374e-06,9.790335194397860767e-07,3.194943595403496385e-06,4.437732129526879759e-06,4.255853913353500931e-06,2.800156087383405594e-06,7.538610942532491928e-07,-9.653375249506374168e-07,-1.587561710231156845e-06,-7.862759986457938656e-07,1.232114798163685015e-06,3.862302449837526007e-06,6.375182274175900194e-06,8.198354188586976448e-06,9.080529285541206577e-06,9.086857185971804494e-06,8.457730003359511305e-06,7.424157655791471211e-06,6.081780188352644031e-06,4.383256858831873619e-06,2.240100160586453107e-06,-3.340497068834780179e-07,-3.127212552881204058e-06,-5.741874440314454692e-06,-7.720222292925981689e-06,-8.724916317448851968e-06,-8.686740378217482403e-06,-7.842967249807697807e-06,-6.641013051961072001e-06,-5.546425484386329681e-06,-4.841385284415354797e-06,-4.506881738978766508e-06,-4.244740914902139393e-06,-3.631696834255499493e-06,-2.336457640853967249e-06,-3.008530058975252089e-07,2.198254980595387022e-06,4.635628487861155345e-06,6.434819639721397188e-06,7.188244367396685603e-06,6.803739658669865252e-06,5.516794598900616621e-06,3.770500442568755369e-06,2.025391905632211715e-06,5.903028709360281779e-07,-4.501374566675683866e-07,-1.187357322293773088e-06,-1.757823327196103319e-06,-2.207970299327718970e-06,-2.433530077448527896e-06,-2.229930780991888162e-06,-1.428283800494047050e-06,-4.090454060882269234e-08,1.671603068897735200e-06,3.264597759654024282e-06,4.291212280723474731e-06,4.522099354413633571e-06,4.092520339571527408e-06,3.488888345644452876e-06,3.356588269334031131e-06,4.197275575086461362e-06,6.086210821374325494e-06,8.546418290396646145e-06,1.065883987665083019e-05,1.138788915202397388e-05,1.000257846406070471e-05,6.419844373734258829e-06,1.316008734836287385e-06,-4.059453540237828509e-06,-8.311257378564345570e-06,-1.040510290577807723e-05,-1.005084914516087893e-05,-7.801922235143572169e-06,-4.823183386546362848e-06,-2.415944612973473017e-06,-1.492080388919765849e-06,-2.214231441603695557e-06,-3.952957611824715923e-06,-5.580072906091798808e-06,-5.974888330068992507e-06,-4.527625134191687343e-06,-1.422965171015384602e-06,2.420637267658305895e-06,5.731744615504477005e-06,7.422061561388308974e-06,7.042613958821168102e-06,4.957338869720029912e-06,2.155288516463787161e-06,-2.156021494361878335e-07,-1.382737130411106936e-06,-1.306296902131826996e-06,-6.922000923306121337e-07,-6.489877792833148192e-07,-2.142152521935606376e-06,-5.497175350908489649e-06,-1.018551176534286490e-05,-1.500092597441697422e-05,-1.855365496425008523e-05,-1.986028663740904910e-05,-1.875920824409794469e-05,-1.595976132560384159e-05,-1.270290015141435262e-05,-1.019281848085142668e-05,-9.066077184882311590e-06,-9.145154243663836081e-06,-9.585507719060362645e-06,-9.335192015636627785e-06,-7.676022916268682641e-06,-4.578792194634727056e-06,-7.004081515209295235e-07,2.968651858341038454e-06,5.621983002541902547e-06,7.051618341710412356e-06,7.742192125351269100e-06,8.590103187508517870e-06,1.038528991833457671e-05,1.331929271220551511e-05,1.677842672370827688e-05,1.954532955504628743e-05,2.033145028945377721e-05,1.839596035094156107e-05,1.395607377491509970e-05,8.185808422042281234e-06,2.790812689250363247e-06,-6.560116739783176971e-07,-1.324251611485340016e-06,5.832053766364607692e-07,3.971579765368291183e-06,7.343744598325211402e-06,9.404826659894913575e-06,9.515753714533185256e-06,7.821156730710160178e-06,5.041242893081525824e-06,2.070391718579359032e-06,-4.053074154457200800e-07,-2.099718940516700346e-06,-3.075502977531067771e-06,-3.529583865353159239e-06,-3.569449557192682801e-06,-3.118706695122027518e-06,-1.999931436427231358e-06,-1.320983294654051100e-07,2.289483023723108842e-06,4.754467899323587429e-06,6.584906585170980278e-06,7.209071665383678990e-06,6.428552704157810832e-06,4.541999897117952551e-06,2.256143239226331149e-06,4.168605405457658689e-07,-3.221804627840922835e-07,2.504363034267490630e-07,1.836831881338034397e-06,3.761630695645751847e-06,5.232746203290515247e-06,5.615576739335233272e-06,4.615683189939084699e-06,2.319433965333084319e-06,-8.915618202771111254e-07,-4.490790650221721908e-06,-7.952519267803084005e-06,-1.084820477475869029e-05,-1.288619333989843604e-05,-1.391455424115111160e-05,-1.391256602217495316e-05,-1.298381544729360525e-05,-1.134664876815758519e-05,-9.309379729145083847e-06,-7.223134647677432741e-06,-5.418879313546924658e-06,-4.146092591615947867e-06,-3.530743915250319078e-06,-3.560181729021284587e-06,-4.090354149171609992e-06,-4.865810497835953256e-06,-5.548467492615929888e-06,-5.761443688213429953e-06,-5.158398645448289311e-06,-3.518789100890473816e-06,-8.474575319781426726e-07,2.563903504388091578e-06,6.158703766497106174e-06,9.241411129551687988e-06,1.118211716202382730e-05,1.162862099071982220e-05,1.063598478836201488e-05,8.647453185441544417e-06,6.321980432444149297e-06,4.275186314545951981e-06,2.846042633735698416e-06,1.994782338872520628e-06,1.377829819884458915e-06,5.605072958166135216e-07,-7.393921249859488727e-07,-2.498659845581747551e-06,-4.400387001006664460e-06,-5.998645663291464661e-06,-6.945309505704818957e-06,-7.157819065730990615e-06,-6.841482340028098147e-06,-6.360870897250027337e-06,-6.037451789051317205e-06,-5.988895848815899119e-06,-6.097989762701266011e-06,-6.121244090738015147e-06,-5.863734722962255508e-06,-5.306445342466705066e-06,-4.600696296050103654e-06,-3.927115564455473523e-06,-3.306928024887518222e-06,-2.496542507394650307e-06,-1.061785297144362651e-06,1.371669324149670546e-06,4.808021399244068920e-06,8.688730763287420538e-06,1.196256957082995674e-05,1.344360654378836156e-05,1.233074822868910406e-05,8.657010298650934824e-06,3.438083233463685543e-06,-1.592193426961845781e-06,-4.586681873283689392e-06,-4.292046040434680246e-06,-5.566107332231645591e-07,5.588305268314707023e-06,1.231901361291384432e-05,1.772059762065087584e-05,2.050116538603615382e-05,2.041974275415813449e-05,1.826004802656981348e-05,1.538536797437633100e-05,1.308986374119830343e-05,1.203832325842468780e-05,1.202991562046227853e-05,1.216455674478021917e-05,1.130960297759663497e-05,8.642028589123133879e-06,4.026732235038468068e-06,-1.917865213646353273e-06,-8.069885826617985558e-06,-1.324053836242163409e-05,-1.660477945394591191e-05,-1.795774706212710986e-05,-1.771789707587929208e-05,-1.670582981617965818e-05,-1.580794452668274057e-05,-1.565966575852716181e-05,-1.645480934144806973e-05,-1.792741315289743897e-05,-1.948851280980961785e-05,-2.045481754685517646e-05,-2.028816642961631396e-05,-1.877196516336179652e-05,-1.607600543690666887e-05,-1.269602354225074984e-05,-9.291579421111843820e-06,-6.477173996085154459e-06,-4.637528356754622515e-06,-3.830544982739819660e-06,-3.809271237551300132e-06,-4.146768032162274488e-06,-4.404619278844203843e-06,-4.268292891671261764e-06,-3.592323250949062042e-06,-2.348495285881857637e-06,-5.260799863882367692e-07,1.936650500870877806e-06,5.126507392446815478e-06,9.030438282757112490e-06,1.337808912583707281e-05,1.756055955494837078e-05,2.071630853642670621e-05,2.199731711093152437e-05,2.092559969236712882e-05,1.767701723740579831e-05,1.313259269285534617e-05,8.627741914116414301e-06,5.471138105154424763e-06,4.429073739982647374e-06,5.410977316326207457e-06,7.517320464194324306e-06,9.449523751383629886e-06,1.010730744467133469e-05,9.099248985065555459e-06,6.922028510098351794e-06,4.715267735339642363e-06,3.702041125910564527e-06,4.580657084889419959e-06,7.161962626847347990e-06,1.043048343266793583e-05,1.300195628115142271e-05,1.375556136941162499e-05,1.233366190697058779e-05,9.268652127611954586e-06,5.682539858911729081e-06,2.716621532537937213e-06,9.794290757230338973e-07,2.857443144913253737e-07,-1.927391906442518210e-07,-1.454611507190226382e-06,-4.123621212680995085e-06,-8.110804549929667581e-06,-1.264993988650138321e-05,-1.667673092485399204e-05,-1.934659415373285698e-05,-2.042052061999468680e-05,-2.032447855056553201e-05,-1.986264233302677167e-05,-1.974544814609050021e-05,-2.018611333530477382e-05,-2.077769434469920023e-05,-2.071168473334242984e-05,-1.921960672246450546e-05,-1.600488725133641807e-05,-1.144106872531826202e-05,-6.436356910469195775e-06,-2.036542512594405322e-06,1.031390840024370623e-06,2.649391080530161981e-06,3.298112690830666472e-06,3.767031351410991828e-06,4.742035803122886738e-06,6.477646328319110299e-06,8.704504358661371984e-06,1.079548826078416404e-05,1.208546195100398814e-05,1.217555037346838743e-05,1.107999124327365380e-05,9.169312362533333640e-06,6.971070769943240011e-06,4.950805310893455528e-06,3.383572011145907247e-06,2.355799554036179989e-06,1.854750351764250523e-06,1.857849839762142116e-06,2.350139655610436864e-06,3.260752269423110054e-06,4.376399014208466835e-06,5.317380641428626288e-06,5.630211335351032517e-06,4.977614366958899970e-06,3.335100901099087859e-06,1.078573750813117113e-06,-1.110836685454266104e-06,-2.508170225376461532e-06,-2.663814762675544977e-06,-1.629186813894874982e-06,2.958023276505181328e-08,1.452881612351367155e-06,1.854706033585866192e-06,8.737425903345770737e-07,-1.249909146537704587e-06,-3.752864694460098699e-06,-5.647294461360463595e-06,-6.110169717735371676e-06,-4.798803029408006016e-06,-1.969212288575128413e-06,1.634876514578500361e-06,5.058148623883488181e-06,7.452580252186279865e-06,8.317680195004025363e-06,7.591590644658755972e-06,5.592643389342892690e-06,2.865965088819269486e-06,8.948965298642621549e-09,-2.466553864077470648e-06,-4.211355073652452545e-06,-5.061731569536867081e-06,-5.027714737960759553e-06,-4.263285682224645692e-06,-3.024685876417549587e-06,-1.617160268531650423e-06,-3.334042645170449685e-07,6.052303058524493740e-07,1.089281362355486640e-06,1.132289327635301475e-06,8.525826146323490930e-07,4.365702970800347301e-07,9.708455735651216382e-08,3.371093621114870663e-08,3.925806134332459563e-07,1.220497537675934478e-06,2.417780317282614264e-06,3.711079712614921802e-06,4.678249203455884382e-06,4.848287984868518207e-06,3.866900939431224793e-06,1.674876097129392386e-06,-1.383135675805141944e-06,-4.594255056081982432e-06,-7.080480440783106099e-06,-8.114240470705152191e-06,-7.424175735445827922e-06,-5.351204062272372998e-06,-2.764754524872063172e-06,-7.507160190134797351e-07,-1.905824221436275927e-07,-1.411267205974126942e-06,-4.062503292339808593e-06,-7.278966558623136859e-06,-1.005288713349146857e-05,-1.164446416718024289e-05,-1.184231334951729078e-05,-1.096352111025576823e-05,-9.613975592114546128e-06,-8.347107575777685661e-06,-7.402119377911599854e-06,-6.649591086904720865e-06,-5.752982610906482842e-06,-4.434902291271167897e-06,-2.683195362045521141e-06,-7.735668552573376466e-07,9.014010382984479478e-07,2.087480582623944370e-06,2.843251491113675482e-06,3.512019623216771541e-06,4.490179100600742667e-06,5.921103626995842414e-06,7.505629171018831045e-06,8.571542338504493737e-06,8.404482292105205189e-06,6.685246161677019897e-06,3.793603266168311559e-06,7.821509915615799794e-07,-1.016918388479436482e-06,-5.924704498227726514e-07,2.226088152542165001e-06,6.604329603858237017e-06,1.100596220566709283e-05,1.384476557588496070e-05,1.418292788917956847e-05,1.213679511653439654e-05,8.787040148133079307e-06,5.634554327901053571e-06,3.872377536112614101e-06,3.838381090906350850e-06,4.921382627398638891e-06,5.959749451832220677e-06,5.916359401653680966e-06,4.470307265016643129e-06,2.210267131436970878e-06,3.250316975934719481e-07,-4.640422993033267532e-08,1.539617319462854888e-06,4.536067305993647525e-06,7.623735753939872787e-06,9.337481972254496341e-06,8.779210813867769896e-06,6.050478736920994885e-06,2.184931288308170946e-06,-1.376846487741283278e-06,-3.489634450103540715e-06,-3.815649653238894588e-06,-2.888319010141019207e-06,-1.715216043967138588e-06,-1.156110518687676053e-06,-1.428932142996197685e-06,-2.018650358547597022e-06,-2.034647812126604508e-06,-8.072879458834265463e-07,1.624937874223295098e-06,4.431227330398032492e-06,6.378646849236762878e-06,6.498890535496123096e-06,4.666154939614405956e-06,1.750707582394669286e-06,-7.693612994827184673e-07,-1.562921964379437461e-06,-1.813229788686623717e-07,2.622167024108986762e-06,5.184233043787531386e-06,5.716369131928513240e-06,3.201783452585346879e-06,-2.048346168957135919e-06,-8.470778851925926344e-06,-1.393510438528764468e-05,-1.670709518478153273e-05,-1.621864877792892519e-05,-1.327059937608131761e-05,-9.581834387923729039e-06,-6.926076469573281786e-06,-6.297786342643591601e-06,-7.519872031814165176e-06,-9.466963465443020340e-06,-1.075648931950270067e-05,-1.052421773491730802e-05,-8.872070144620522204e-06,-6.764190682995198751e-06,-5.448458478212456143e-06,-5.733102328309091831e-06,-7.518656472995811930e-06,-9.839807678770869768e-06,-1.139107692567921214e-05,-1.124706320944771548e-05,-9.383376112798867666e-06,-6.713225585515075130e-06,-4.616846445366351299e-06,-4.214628879956496389e-06,-5.772849505950735540e-06,-8.559640123133018192e-06,-1.122721818198516501e-05,-1.251449820244357277e-05,-1.189322634252842061e-05,-9.812147467971165589e-06,-7.410372285750837499e-06,-5.856945465039783291e-06,-5.675645487045189067e-06,-6.424071433544751520e-06,-6.908229984434742746e-06,-5.827600608809990072e-06,-2.512920887753434291e-06,2.636535761335784293e-06,8.257387087826141919e-06,1.262904473345375817e-05,1.448164316563957611e-05,1.359651068303790395e-05,1.089459453207680632e-05,7.968945867395702977e-06,6.299765710157926473e-06,6.549306681713695678e-06,8.288852299014265126e-06,1.028640703409414622e-05,1.119802564051846466e-05,1.030411283344539493e-05,7.915219939966187246e-06,5.244615119373747402e-06,3.815935198638086179e-06,4.705099376632742424e-06,7.992177928699149343e-06,1.268785728875076529e-05,1.716201633867629476e-05,1.986025829879231076e-05,1.996623389753159701e-05,1.770950290844742608e-05,1.420037235852624497e-05,1.089829205715658061e-05,8.978447922799292759e-06,8.882872919388715092e-06,1.023027293469521879e-05,1.207953306151608161e-05,1.338724415191395796e-05,1.343852954926454501e-05,1.207789426256486230e-05,9.683306388021280841e-06,6.945751469084214222e-06,4.582131288160343896e-06,3.102946979294120149e-06,2.699202909639820095e-06,3.247630648472179621e-06,4.394867319024643346e-06,5.678843452565445549e-06,6.662660899580133188e-06,7.066979249930324090e-06,6.877791853317013534e-06,6.386754678253124481e-06,6.116250536772928077e-06,6.612484787781926378e-06,8.154932021306159694e-06,1.049850709321441596e-05,1.279108251641352902e-05,1.376206558585709984e-05,1.216372225734540294e-05,7.313748148170773403e-06,-4.953753391531407637e-07,-9.933182611820695894e-06,-1.899508331464893891e-05,-2.568387443900886080e-05,-2.874033017152360125e-05,-2.810910261078638527e-05,-2.492702756867194489e-05,-2.102841135628871904e-05,-1.818053426842436440e-05,-1.738671225285572000e-05,-1.856112822448653736e-05,-2.070294339240554528e-05,-2.246201478946941593e-05,-2.280966828553357862e-05,-2.149219535093938759e-05,-1.906682721149343635e-05,-1.653533793138012420e-05,-1.478870434416070677e-05,-1.415806465874140660e-05,-1.429514701357460588e-05,-1.442207856965820900e-05,-1.379509952920892126e-05,-1.212173904973382192e-05,-9.708581105672456132e-06,-7.272104473692136703e-06,-5.531327797992540312e-06,-4.816691154795190161e-06,-4.913487631633085312e-06,-5.221576717924546035e-06,-5.133012742349517641e-06,-4.405709296029995835e-06,-3.312867073603571076e-06,-2.474197518350824169e-06,-2.456745393328714789e-06,-3.369865458351709653e-06,-4.693601258731950345e-06,-5.461020856689526484e-06,-4.724354984020652572e-06,-2.073883155947122327e-06,2.064615172717738533e-06,6.526673174331119588e-06,9.876839177402358601e-06,1.103344875687253408e-05,9.751028727917892362e-06,6.725732418507284965e-06,3.272662396320277121e-06,7.331714257582677334e-07,-1.005109314258305746e-07,7.290695868629747790e-07,2.471626840873701074e-06,4.125524637733859226e-06,4.981691653977268700e-06,4.980405055316656506e-06,4.711386053769466355e-06,5.073041568012133303e-06,6.776391842165861635e-06,9.948938938732023821e-06,1.403303950880137268e-05,1.801880570996535204e-05,2.088512154759429999e-05,2.202767643876725801e-05,2.147292485262710317e-05,1.979436414518265293e-05,1.779740042094618948e-05,1.614439380641007209e-05,1.510325199160023201e-05,1.452310202507356477e-05,1.401724711482916716e-05,1.323301646854470338e-05,1.205912038349268033e-05,1.067149825218158039e-05,9.414459282376182287e-06,8.600751676363946688e-06,8.347423902109742011e-06,8.531782793493837086e-06,8.877332653417540953e-06,9.107467588284246678e-06,9.073879972103322182e-06,8.790335112697044410e-06,8.362952752590980754e-06,7.868893900791246147e-06,7.262409621474022700e-06,6.367609313666382879e-06,4.964768696253933107e-06,2.922597445024309132e-06,3.028783793087579278e-07,-2.620803075547829358e-06,-5.442258822662065825e-06,-7.761143467655084617e-06,-9.314057579827481591e-06,-1.003985630488006818e-05,-1.005800607592225223e-05,-9.583482971280215415e-06,-8.829779958892396721e-06,-7.949945522707302649e-06,-7.037927091260190846e-06,-6.175949766341393164e-06,-5.488469853034133589e-06,-5.161823316171916930e-06,-5.409884536021265917e-06,-6.397069036098925863e-06,-8.154202894687477684e-06,-1.052846322981486644e-05,-1.319427389560562421e-05,-1.572584715035039424e-05,-1.770659590478733023e-05,-1.883660267358391069e-05,-1.900124813985056222e-05,-1.827967273923177953e-05,-1.689410299001537513e-05,-1.512205327935178978e-05,-1.320612378339763035e-05,-1.129635529185204874e-05,-9.447089934477277500e-06,-7.667280001529852177e-06,-5.997712011819150138e-06,-4.571239032499812634e-06,-3.612923563770278411e-06,-3.360340699065779494e-06,-3.924334048926799425e-06,-5.150792250544876320e-06,-6.563031305738628872e-06,-7.445985944544349314e-06,-7.077313666517755037e-06,-5.036593575215112774e-06,-1.466331484128587766e-06,2.849086423365829240e-06,6.663441213154273409e-06,8.679038570340373606e-06,8.047691724016222469e-06,4.759560329311680715e-06,-2.606529764611994247e-07,-5.422493726667484484e-06,-9.023088270022498113e-06,-9.874298185780885746e-06,-7.747713909981780546e-06,-3.448093135379113575e-06,1.520185774879978008e-06,5.554788685614319208e-06,7.571047853554659901e-06,7.374938710329584253e-06,5.648928429882541342e-06,3.580648542241051789e-06,2.319541271449682468e-06,2.511055160340702439e-06,4.104668665364325814e-06,6.491113566001883662e-06,8.866966115655354458e-06,1.062769795559115129e-05,1.159694080507563621e-05,1.200035465703211067e-05,1.223088328219603666e-05,1.255593174662841215e-05,1.293505165657166678e-05,1.304466856171342240e-05,1.248682131047264866e-05,1.105734037727574166e-05,8.918681890052720178e-06,6.577295505067734479e-06,4.672992139974596481e-06,3.689299642768251002e-06,3.735306533980511712e-06,4.510469304513736373e-06,5.466967801603989450e-06,6.081940915717810906e-06,6.098014053912772809e-06,5.611573100639008455e-06,4.970849725837662831e-06,4.545182747486532660e-06,4.491107916719277082e-06,4.638757984104741984e-06,4.557430332823975122e-06,3.767566063054581922e-06,1.994728453126370032e-06,-6.566299480216582031e-07,-3.690917499603612353e-06,-6.376422558495550207e-06,-8.001294865161284663e-06,-8.127528913857951057e-06,-6.749751491371663289e-06,-4.309917204961319038e-06,-1.573098483829121721e-06,5.893984943193024765e-07,1.445577366405557289e-06,6.149225348329912953e-07,-1.802986797208281803e-06,-5.218692539715063354e-06,-8.678254622095913268e-06,-1.111191949006798249e-05,-1.165542035856386960e-05,-9.954070858405030057e-06,-6.340280534666070286e-06,-1.795310108024941118e-06,2.328244705100581208e-06,4.753362651027640620e-06,4.742081631998018108e-06,2.392581512289354958e-06,-1.366179854435426943e-06,-5.104286959563383856e-06,-7.430583825508427861e-06,-7.529751331507422764e-06,-5.473717530375103943e-06,-2.172635683149005075e-06,1.017181069517898198e-06,2.861905331627491364e-06,2.751314586516964957e-06,9.190162579317145446e-07,-1.705424914689761976e-06,-3.935614614424160142e-06,-4.855123147959406805e-06,-4.196192539485386184e-06,-2.409606641050406964e-06,-4.099161158653272670e-07,8.733147998348894270e-07,9.262770894215780737e-07,-1.302675958181096561e-07,-1.623613887333737846e-06,-2.663156732299888981e-06,-2.565675437492712713e-06,-1.178207604051122307e-06,1.041784538254191357e-06,3.217804702715416135e-06,4.428366461007909615e-06,4.101093776797024841e-06,2.262259947178340248e-06,-4.575594183433968270e-07,-3.059525134753442164e-06,-4.556766677503976420e-06,-4.348347960212204473e-06,-2.443054434261450318e-06,5.505625617701440613e-07,3.661485005312718779e-06,5.927985823346340510e-06,6.758932210485715317e-06,6.141447189845650748e-06,4.608563093048319913e-06,2.974222993505056647e-06,1.940094125847248132e-06,1.740537441828315083e-06,1.989309292572470595e-06,1.817641192964158438e-06,2.714811604015596514e-07,-3.186251678057816919e-06,-8.289638292827385805e-06,-1.389577502058609727e-05,-1.830063694566967043e-05,-1.985501749524902609e-05,-1.764519559744267304e-05,-1.194896133948637893e-05,-4.249254000707419174e-06,3.236521591168090645e-06,8.345556934250421938e-06,9.763988114322526328e-06,7.497871346324351637e-06,2.821855930056629285e-06,-2.271615810950492889e-06,-5.884218556060870647e-06,-6.935526164554676523e-06,-5.495092866193857334e-06,-2.601005206072351644e-06,3.234178424387314888e-07,2.166508469407325909e-06,2.612036417433922281e-06,2.198003491945102448e-06,1.948577991586568794e-06,2.780356845016430044e-06,4.983757425023385385e-06,8.032291264948866446e-06,1.080494909023268299e-05,1.210484395058168050e-05,1.121918795087816543e-05,8.255365636380366124e-06,4.104483971698589394e-06,6.504787573114835578e-08,-2.685126076370887421e-06,-3.523934731606105582e-06,-2.544791369170410431e-06,-4.022970953306332159e-07,2.046656768911360983e-06,4.115368267106564154e-06,5.501541933564934698e-06,6.272006701053535767e-06,6.670622303175453811e-06,6.884498779477596798e-06,6.906593547792719146e-06,6.562310053673462963e-06,5.667552842209386111e-06,4.211513718745267270e-06,2.447182371159140284e-06,8.277908622631861926e-07,-1.849474740169070363e-07,-3.430541569179759595e-07,2.515904355716865521e-07,1.171560237391186076e-06,1.843437732766954744e-06,1.801665504315473671e-06,9.006274957599646348e-07,-6.108454493388944434e-07,-2.185242084850684124e-06,-3.200443584434790920e-06,-3.217459270675249542e-06,-2.166870724154619571e-06,-3.912240765183752112e-07,1.471637945006054722e-06,2.720135026500192238e-06,2.851336649629327674e-06,1.760403203309633303e-06,-1.959608794400494464e-07,-2.301494500080008048e-06,-3.722956848977483573e-06,-3.818021302042513533e-06,-2.402158779043264037e-06,1.301034171094294183e-07,2.893623445706728235e-06,4.802570511618668469e-06,4.971975720563669949e-06,3.082714469805490229e-06,-4.431090891172157870e-07,-4.548650486906904968e-06,-7.913072132304229474e-06,-9.452831505435447550e-06,-8.750432075221783397e-06,-6.223139737559352835e-06,-2.946802235544777768e-06,-1.997217636837883444e-07,1.078464295957089102e-06,6.712914243390817430e-07,-8.634976365237569703e-07,-2.501683487820905410e-06,-3.274872917382229642e-06,-2.757602366890981652e-06,-1.282260072887500573e-06,2.258284587300123770e-07,7.150443404650836059e-07,-4.536840314696903385e-07,-3.165597391904560655e-06,-6.583708568302172986e-06,-9.543449405613471594e-06,-1.111590105232172403e-05,-1.105490286077832208e-05,-9.896078364078548620e-06,-8.648756739230227769e-06,-8.230171319856737647e-06,-8.929864478285594036e-06,-1.018804142097522421e-05,-1.082218989423460133e-05,-9.612637814192271648e-06,-5.970363846783093794e-06,-3.545665639120588767e-07,5.784902084642039773e-06,1.054283401465465231e-05,1.234372886375184620e-05,1.062212951631313986e-05,6.084121302995997554e-06,4.255207916050168129e-07,-4.368653361601415312e-06,-6.828533512403406584e-06,-6.550391669166283744e-06,-4.260429680898474944e-06,-1.385306964281579116e-06,6.535612561849226851e-07,1.090068093329332270e-06,1.183574818482199350e-07,-1.264125792717770492e-06,-1.775900577885756212e-06,-4.759587272292108440e-07,2.793302348078451820e-06,7.328905274738675101e-06,1.186257420896095228e-05,1.507082239970536438e-05,1.606519874322662804e-05,1.466463682085716294e-05,1.137209657690901564e-05,7.115383754066301323e-06,2.900579355850864487e-06,-4.683974400210198274e-07,-2.517637490589382556e-06,-3.085472789856555092e-06,-2.233229313842951509e-06,-1.685362677324764894e-07,2.777395319501412947e-06,6.138218336866409218e-06,9.324623369851293536e-06,1.170966336465666353e-05,1.278742989218740791e-05,1.234711965757985542e-05,1.057515677380121248e-05,8.018708617482944525e-06,5.406693962672675618e-06,3.396159772177604557e-06,2.352990817184517446e-06,2.262371737128337776e-06,2.801826612215821435e-06,3.530524958220526322e-06,4.094712066248494360e-06,4.348861499750683139e-06,4.344551172028653635e-06,4.214446742036575924e-06,4.034984091129551473e-06,3.757127836146838838e-06,3.247196982299221877e-06,2.406915804276456236e-06,1.286682825416907666e-06,1.028842625287230420e-07,-8.756484938255989592e-07,-1.523367355481952591e-06,-2.022119512731711245e-06,-2.874649432407065115e-06,-4.714457394113650388e-06,-7.968008129492524182e-06,-1.252189742159509759e-05,-1.757663606669006732e-05,-2.180514879012144757e-05,-2.379912815571809365e-05,-2.264069997476448115e-05,-1.835280427862902056e-05,-1.200753493528150802e-05,-5.405489017571334344e-06,-4.261454438669351784e-07,1.694975012908344646e-06,8.570443910376707285e-07,-1.867127339182408810e-06,-4.675506507612695728e-06,-5.787143470042305450e-06,-4.184778884624016157e-06,-3.574847831962694667e-08,5.385347654234142133e-06,1.023373776664080916e-05,1.285592066188688109e-05,1.244842066360290640e-05,9.339657328824400992e-06,4.791757031770093660e-06,4.295810440207472130e-07,-2.440299539725936329e-06,-3.324304011079894609e-06,-2.651736810683858266e-06,-1.481080602957563373e-06,-9.610940186328582337e-07,-1.800937835055524823e-06,-3.980167058297922835e-06,-6.805215841858773513e-06,-9.256950555509192108e-06,-1.044993664760097258e-05,-9.991359590325221598e-06,-8.093296824389816841e-06,-5.417545233638949438e-06,-2.754301497236698133e-06,-6.985693677866528600e-07,5.319311927231122475e-07,1.078326893584479786e-06,1.264921845513492650e-06,1.378534903178478413e-06,1.520853611090031012e-06,1.598437686152143352e-06,1.435312711663711188e-06,9.298782442269349979e-07,1.616053531257657383e-07,-6.123547327392085783e-07,-1.067319781125379303e-06,-9.678911717760881471e-07,-2.897538624015586706e-07,7.533880759569062530e-07,1.787102517707853079e-06,2.416163428749360465e-06,2.360032977530084167e-06,1.527068025116903369e-06,7.507516153109549514e-09,-1.993256505378035169e-06,-4.235621467568279268e-06,-6.499115940668353009e-06,-8.591837194182952848e-06,-1.032986976640082425e-05,-1.151763184814269368e-05,-1.195563879213398753e-05,-1.148112516155094260e-05,-1.002354998625374449e-05,-7.645637839049453013e-06,-4.547320339970201540e-06,-1.029393336395502142e-06,2.566794604227438136e-06,5.919466307847202033e-06,8.769401998631320017e-06,1.094433980610558875e-05,1.237506516319387933e-05,1.311235607349436509e-05,1.334054508343379920e-05,1.336822454140543587e-05,1.357347886484583114e-05,1.429773845130233672e-05,1.571378028122966044e-05,1.772238060411097601e-05,1.993835052587715468e-05,2.179913874795791915e-05,2.277489747826705996e-05,2.260224135405046206e-05,2.143552752456913616e-05,1.982994845120360149e-05,1.853770503425496182e-05,1.818481415425303525e-05,1.896101391120547366e-05,2.046433329738702023e-05,2.178531655533302841e-05,2.181535807688892754e-05,1.966374818665546075e-05,1.501555239013921934e-05,8.283223520885968865e-06,4.906414570352978177e-07,-7.059893948810449188e-06,-1.320036605753387965e-05,-1.722861384364251348e-05,-1.904514212562143696e-05,-1.907309731697140828e-05,-1.802956330745888869e-05,-1.666367563130630619e-05,-1.556458762924499913e-05,-1.508464335718205957e-05,-1.535643344128638578e-05,-1.634369714747445262e-05,-1.787275505903034234e-05,-1.963271479014266804e-05,-2.117801773225786805e-05,-2.198364632208543682e-05,-2.157764580014413536e-05,-1.972113297315844431e-05,-1.655647785825393851e-05,-1.263423066595676167e-05,-8.772537060153188918e-06,-5.782403209361872801e-06,-4.167661805811554305e-06,-3.936784265519049228e-06,-4.623487497785507581e-06,-5.518670956687664000e-06,-6.012453918482518619e-06,-5.885315127084625083e-06,-5.405340566433301109e-06,-5.179448688883027956e-06,-5.827170852249920056e-06,-7.635806857566459645e-06,-1.036870146905280114e-05,-1.332538876028169121e-05,-1.562860236431534217e-05,-1.660047838637852534e-05,-1.604580733522693008e-05,-1.430685572773628021e-05,-1.206864196007892538e-05,-1.001750868272653336e-05,-8.526358048279135133e-06,-7.521522463429350588e-06,-6.589290725015072826e-06,-5.255355288890483326e-06,-3.282636202435799674e-06,-8.271548755803322300e-07,1.630044913918402922e-06,3.536309965428333091e-06,4.568277278812991442e-06,4.816787972849533577e-06,4.753763351588896961e-06,4.995144303915199749e-06,5.983721762850385446e-06,7.760926759214971743e-06,9.952775928630801266e-06,1.198395721536312585e-05,1.341259689228419848e-05,1.420967586005675859e-05,1.482802199050266630e-05,1.600760389268676668e-05,1.839663088434144997e-05,2.216569343867356688e-05,2.680566494823476468e-05,3.122132753338124043e-05,3.409858120940677218e-05,3.439704549863970299e-05,3.176082582213713540e-05,2.667468228286440100e-05,2.030321150530963329e-05,1.408504200409270706e-05,9.251815827494491913e-06,6.461882954669519954e-06,5.677403274984707850e-06,6.303613231745579064e-06,7.501967091313522123e-06,8.530402551346539955e-06,8.973938782625271287e-06,8.794849499672080983e-06,8.218198288624833415e-06,7.535312513775134731e-06,6.928394855299422010e-06,6.391459389698113212e-06,5.765643330694501544e-06,4.850562504026306431e-06,3.523223429024113086e-06,1.802310186337891590e-06,-1.691840626978198099e-07,-2.205810291189692473e-06,-4.177266669357132718e-06,-6.067832713325614004e-06,-7.965471386619089156e-06,-9.985445666014654932e-06,-1.216761060508956909e-05,-1.440203848560006279e-05,-1.642685952884192867e-05,-1.790942474449776990e-05,-1.858139427790460999e-05,-1.836856426071516277e-05,-1.745197776390468864e-05,-1.622248447710123698e-05,-1.513740109332844269e-05,-1.453554511519452902e-05,-1.449309321550999075e-05,-1.479231462337723885e-05,-1.502877607317396863e-05,-1.481818763542982348e-05,-1.401087744220820418e-05,-1.280745229495113726e-05,-1.170545360842448574e-05,-1.128211662016429696e-05,-1.190024322508489006e-05,-1.347307016652589586e-05,-1.541197029475858070e-05,-1.680700453774783948e-05,-1.678428324511010292e-05,-1.489416319646078546e-05,-1.135550582933220698e-05,-7.032629223882789632e-06,-3.134795240115699331e-06,-7.534365996166178039e-07,-4.311899193678964877e-07,-1.949645486632664977e-06,-4.429480207453434940e-06,-6.698487548612968570e-06,-7.763882549620703644e-06,-7.181368842498344024e-06,-5.165754876741697574e-06,-2.411236290837087536e-06,2.756468384758059627e-07,2.345709193979437369e-06,3.704608321515569554e-06,4.657387173295533639e-06,5.649194187732259386e-06,6.951488758743280245e-06,8.464349789450223088e-06,9.739445100916921632e-06,1.021059222440552282e-05,9.510743144679860902e-06,7.710432346397673635e-06,5.353861407914846379e-06,3.271581943516997972e-06,2.259111708895297533e-06,2.772624321378704578e-06,4.776923178526829045e-06,7.799261906131342310e-06,1.114062815077728354e-05,1.412754497016727558e-05,1.628545513339682557e-05,1.737514298239572802e-05,1.731859636843001071e-05,1.610074177678860863e-05,1.373531900454038196e-05,1.032807542304697872e-05,6.193097788804412014e-06,1.926483522001067944e-06,-1.650578174122276559e-06,-3.700336858324979057e-06,-3.659199325290010988e-06,-1.478806073631867349e-06,2.309783740569172883e-06,6.760835315500840438e-06,1.084934361889961937e-05,1.383054084921497043e-05,1.545910911644136554e-05,1.596943382221357769e-05,1.583671081292358543e-05,1.544990539041035649e-05,1.487304028333828829e-05,1.382525222338122964e-05,1.189394708553764588e-05,8.868069309786065428e-06,5.006529890193484404e-06,1.079929245861069683e-06,-1.866601148009141372e-06,-2.938836895859390559e-06,-1.812796705922183661e-06,1.056995666496274860e-06,4.554317038564072204e-06,7.307009672864561470e-06,8.208992139881831661e-06,6.829502917710674086e-06,3.532349350590651447e-06,-7.372130904469012078e-07,-4.887729523120535611e-06,-8.131521576781109548e-06,-1.024550583711577277e-05,-1.153875285442862984e-05,-1.256785199319289503e-05,-1.376023931656930851e-05,-1.514199885775699887e-05,-1.630559702250853550e-05,-1.662775236239688242e-05,-1.562151828671595874e-05,-1.324126951900154397e-05,-9.984569127843146344e-06,-6.735705986700811402e-06,-4.420854265672330606e-06,-3.633319652264869890e-06,-4.398262858858052465e-06,-6.177589796683700204e-06,-8.103382192070079254e-06,-9.327190360309040823e-06,-9.329189438958660442e-06,-8.061944277292354530e-06,-5.888581649871718523e-06,-3.370490547435863964e-06,-1.019705669792662620e-06,8.691790275723133973e-07,2.247335195173049194e-06,3.217084144387065843e-06,3.890467935146532149e-06,4.290611701803219361e-06,4.350237160205761658e-06,3.999786211542113233e-06,3.283431736402837552e-06,2.423397708940075393e-06,1.780071026154794894e-06,1.712381529169896518e-06,2.399701411561693181e-06,3.713397465772624393e-06,5.208854789397977174e-06,6.255169289737762874e-06,6.255600676480976855e-06,4.868144364460851591e-06,2.133134530464191061e-06,-1.545212107223411528e-06,-5.552705248964266314e-06,-9.285942602859655919e-06,-1.234515433999285776e-05,-1.462091004622328241e-05,-1.624692253636912832e-05,-1.745175231594084974e-05,-1.838550254605111347e-05,-1.900507620502611691e-05,-1.907149611596122045e-05,-1.826014320578883904e-05,-1.633372712107976468e-05,-1.330054713501642604e-05,-9.487683832496321103e-06,-5.495253555112280049e-06,-2.046576234417507195e-06,2.110046210488873047e-07,8.843986458404923836e-07,-6.535918184471876517e-08,-2.326361055915772367e-06,-5.329552187845136507e-06,-8.393445735006830859e-06,-1.087241602981193941e-05,-1.227118565500268476e-05,-1.230786471588328294e-05,-1.092693638746379745e-05,-8.274594374865422528e-06,-4.650474592573403122e-06,-4.459977247100385491e-07,3.923998544807940522e-06,8.089269690011938665e-06,1.178107706723749246e-05,1.486448540895245567e-05,1.733527076238123798e-05,1.928052972349244190e-05,2.081592441521396580e-05,2.202362921057628671e-05,2.291679893811713944e-05,2.344611119938286095e-05,2.354513145227468628e-05,2.319236718601190616e-05,2.245833543975592873e-05,2.151126368197297579e-05,2.057359316692769656e-05,1.984494956445077669e-05,1.942451516633446988e-05,1.926821832974867497e-05,1.920221180345025675e-05,1.898994002265705255e-05,1.842673950908781547e-05,1.742390963241540058e-05,1.604855971260605243e-05,1.450368035128080256e-05,1.305627175985022751e-05,1.193998600876383916e-05,1.126587343771853052e-05,1.096959186783500361e-05,1.081013210603155987e-05,1.042001751746501102e-05,9.394786176095478472e-06,7.401798835948799001e-06,4.284031333823703998e-06,1.325830724897242347e-07,-4.696604888364326663e-06,-9.637728872895178069e-06,-1.403998559157406491e-05,-1.733585654472927782e-05,-1.920309993919852408e-05,-1.966101830583562437e-05,-1.905526411109332636e-05,-1.792326300751300990e-05,-1.678229197914130039e-05,-1.592266378888534633e-05,-1.529736263608864438e-05,-1.456640166714327753e-05,-1.328822159810523272e-05,-1.117918010411329519e-05,-8.320382783005994353e-06,-5.203771618353290040e-06,-2.577205350528390376e-06,-1.143826830963777680e-06,-1.249275539857673949e-06,-2.709704348473389529e-06,-4.877919840375423950e-06,-6.934754208290953263e-06,-8.278559611100098914e-06,-8.825235753554210486e-06,-9.060346967019380226e-06,-9.797071284063519204e-06,-1.173926204917577571e-05,-1.505658442131335317e-05,-1.919042070846391343e-05,-2.301094833557759588e-05,-2.527832212882898997e-05,-2.520358461925576560e-05,-2.283820464878876053e-05,-1.908565302523405408e-05,-1.530146061850152315e-05,-1.265070283569637636e-05,-1.152446426996747535e-05,-1.130864777792249809e-05,-1.064445496700843403e-05,-8.087273507293203192e-06,-2.869697508576669865e-06,4.594573844487961713e-06,1.272572759361797196e-05,1.933784021268549310e-05,2.251386119039202184e-05,2.140941418746889315e-05,1.662099486575527142e-05,9.947608711544223114e-06,3.650956925272687632e-06,-4.522881436466751080e-07,-1.660328232004621131e-06,-5.302627667610246525e-07,1.541238328519562888e-06,3.076127511464778441e-06,3.239149299567326828e-06,2.188675173618838825e-06,9.093085758699786463e-07,6.377790511602020770e-07,2.185576040740990135e-06,5.498003240274002054e-06,9.658047436003004663e-06,1.331582209835773585e-05,1.531656623726763557e-05,1.521402153560633014e-05,1.342840859939918927e-05,1.099524256124174310e-05,9.053565799337689318e-06,8.337861418476444862e-06,8.914304720669717299e-06,1.026030500817253913e-05,1.160684204634048675e-05,1.234066487351346228e-05,1.225689258786299424e-05,1.155594356787598193e-05,1.062793530992572273e-05,9.778213525047973058e-06,9.061593775408734647e-06,8.309559093912133969e-06,7.308427607842227801e-06,5.993963044664342238e-06,4.523321503732246570e-06,3.169588655696453505e-06,2.105086682126618872e-06,1.222142691388104863e-06,1.306281085741882740e-07,-1.629398999777346793e-06,-4.258356798006577159e-06,-7.441128117063268312e-06,-1.034111758109924019e-05,-1.190035569260856376e-05,-1.133295845611592051e-05,-8.574379631477042953e-06,-4.441941217475906835e-06,-3.872115221978656258e-07,2.079295772403434652e-06,2.037184510041867657e-06,-4.290131089729177658e-07,-4.257624985903270861e-06,-7.879797415862948667e-06,-9.916211897107659885e-06,-9.772897137216295950e-06,-7.857320152896234947e-06,-5.322583395554535199e-06,-3.478178600657015808e-06,-3.164058821262346786e-06,-4.391981882699704029e-06,-6.413323510840775086e-06,-8.152813572418475568e-06,-8.766950801080050355e-06,-8.035667688308544126e-06,-6.397872779766961034e-06,-4.637735159596391489e-06,-3.413125919061561174e-06,-2.893417860971096696e-06,-2.703627894534377000e-06,-2.196838260019696650e-06,-8.932657635013008726e-07,1.168445705955479206e-06,3.374837844927136348e-06,4.822187401551811160e-06,4.800125518741314372e-06,3.218547642748209614e-06,7.431076509449763599e-07,-1.449924621233982406e-06,-2.194505381946214419e-06,-8.839981190796596177e-07,2.216860409162331496e-06,6.048976211134589531e-06,9.190182488669353084e-06,1.044088640699180473e-05,9.299987496498997552e-06,6.129750758449574222e-06,1.960167385033691635e-06,-1.954417253039441760e-06,-4.618194428027591044e-06,-5.616867141866431360e-06,-5.177079282844626496e-06,-3.984343046708403929e-06,-2.873724280771803817e-06,-2.530006407362895144e-06,-3.292286468391891917e-06,-5.089450143497610917e-06,-7.480766199334436890e-06,-9.762440418403412769e-06,-1.111797993794645563e-05,-1.080870298501159470e-05,-8.394418425381365434e-06,-3.940083172706039363e-06,1.873634917856793386e-06,7.823229389601881815e-06,1.243593505397679820e-05,1.444630475349913264e-05,1.326192393706497583e-05,9.242740946184829917e-06,3.646842897052910374e-06,-1.774994220774520729e-06,-5.397558752785458819e-06,-6.306745500060615787e-06,-4.606653157122329866e-06,-1.317024057324276581e-06,2.090621190025723058e-06,4.309778766920585119e-06,4.697223324432590748e-06,3.445595006035022251e-06,1.382253282185633226e-06,-4.792391158466900191e-07,-1.404407907018517667e-06,-1.203249835626776232e-06,-1.977225208284652528e-07,1.049191062251828005e-06,2.069944357558615841e-06,2.707766693014645121e-06,3.110495570221374957e-06,3.535899248384234602e-06,4.106440892649148981e-06,4.671581794253825396e-06,4.863928607352490473e-06,4.316137531506480749e-06,2.908118503790258492e-06,8.941067746312925450e-07,-1.173018418000644522e-06,-2.686792475798478231e-06,-3.270591556747475175e-06,-2.944769547257839286e-06,-2.086595802333433119e-06,-1.207135239860032874e-06,-6.706042287772055304e-07,-5.123655211664717590e-07,-4.544984531815549477e-07,-1.052512164817399931e-07,7.756972056128652528e-07,2.101372524200328136e-06,3.475024687621544366e-06,4.394162093926425164e-06,4.526266260019414184e-06,3.897585911962434403e-06,2.882462213699381100e-06,1.991825186526249946e-06,1.574267306453476978e-06,1.597077941697785795e-06,1.636446086484145407e-06,1.095008882332365912e-06,-4.592788967222133112e-07,-3.008860817421229230e-06,-6.009931597182029074e-06,-8.572462600215719329e-06,-9.815876641139405296e-06,-9.231797935872949708e-06,-6.885177857359897726e-06,-3.369983624735748722e-06,4.417849425963293099e-07,3.724186532361384613e-06,5.941625324571799715e-06,6.921213050660891972e-06,6.762939714316517514e-06,5.680950630503856027e-06,3.888956995316218061e-06,1.592282877788028654e-06,-9.366126208302501494e-07,-3.288003431450833246e-06,-4.942582705756271842e-06,-5.426817558408317130e-06,-4.534280081823289764e-06,-2.487843445933573957e-06,7.421918706609726424e-08,2.322390380960955737e-06,3.588491078659981034e-06,3.680288298597571847e-06,2.990463506665561185e-06,2.323128873773385404e-06,2.502063919334267392e-06,3.943421553392063552e-06,6.406766152133963600e-06,9.060058176693547812e-06,1.084165725675313411e-05,1.095139255126616365e-05,9.231357469257438746e-06,6.244889921729986853e-06,3.008486656399651275e-06,5.043348150045006698e-07,-7.864182005803940220e-07,-1.095755949843595405e-06,-1.216345233148694068e-06,-2.056178758735898970e-06,-4.121066031854967467e-06,-7.187621201331073573e-06,-1.034162662778367863e-05,-1.238049410975598284e-05,-1.239882913764218979e-05,-1.027987305169177880e-05,-6.850085513961005604e-06,-3.604395277113196082e-06,-2.106207245272698204e-06,-3.318311178325076162e-06,-7.158714865242934756e-06,-1.248210666699212856e-05,-1.750530075728563901e-05,-2.050454507527812843e-05,-2.049672039560522131e-05,-1.762365383237065458e-05,-1.308355092821463926e-05,-8.641054658223392874e-06,-5.918504503736961109e-06,-5.755974571639731595e-06,-7.894549777468358410e-06,-1.110278525126753853e-05,-1.368706325327449818e-05,-1.417513022780815041e-05,-1.189776038248642847e-05,-7.239661121066422849e-06,-1.466874864540350025e-06,3.791464025896638883e-06,7.192390657799545150e-06,8.196072397554338916e-06,7.245349449103928425e-06,5.543534229768296918e-06,4.531608093946084532e-06,5.287659497821473024e-06,8.098712555453073663e-06,1.237677375574064858e-05,1.694078351334668157e-05,2.052932982739831300e-05,2.231395494893868931e-05,2.219111255245909421e-05,2.073757878061821799e-05,1.886993142385275096e-05,1.738164379984748008e-05,1.658026603708202988e-05,1.619064785554564433e-05,1.555685453407351537e-05,1.403049605841139168e-05,1.134674827625626762e-05,7.802211484582588592e-06,4.152412121096008294e-06,1.287815392336334880e-06,-1.455894617165395798e-07,5.205611865055309134e-09,1.394340954971688083e-06,3.396820491247589140e-06,5.422219896183968472e-06,7.149949669695252697e-06,8.566783736820000902e-06,9.804198384229214890e-06,1.088918521476899137e-05,1.157339215688307499e-05,1.136236555544245394e-05,9.751278435788604553e-06,6.548224349228324892e-06,2.100852799652365781e-06,-2.723461990753920550e-06,-6.832610486296134310e-06,-9.361441946410537567e-06,-1.006619678694519502e-05,-9.457836290913011342e-06,-8.587134126068452793e-06,-8.563088903854763282e-06,-1.002317496367882485e-05,-1.280847094862211385e-05,-1.600758221326177767e-05,-1.836073750857189328e-05,-1.884219298449869547e-05,-1.714970391040105855e-05,-1.386893750731519292e-05,-1.023076256608173391e-05,-7.569180180110818152e-06,-6.727178197791452493e-06,-7.681610570226376627e-06,-9.556536168554912266e-06,-1.101662371023084310e-05,-1.086180299253545587e-05,-8.558818551661414323e-06,-4.480318486860364869e-06,2.432307077196216808e-07,4.183849069615203084e-06,6.185364903954371878e-06,5.804565936274146843e-06,3.454728007622091691e-06,2.142511669692440757e-07,-2.601480127612413724e-06,-3.924240676367859007e-06,-3.289572468924868387e-06,-9.500936301694736029e-07,2.268409372474213374e-06,5.290063970720255758e-06,7.163103942146465739e-06,7.358721778254757405e-06,5.910075968365853466e-06,3.366767965574525343e-06,5.958849954693401887e-07,-1.501330725610895084e-06,-2.272417455970981338e-06,-1.516500161865376143e-06,4.504051599751617516e-07,2.889037790546425048e-06,4.866952097580097639e-06,5.559753920167418852e-06,4.529885497485128635e-06,1.887987590228010734e-06,-1.726405476921954136e-06,-5.349317560671702986e-06,-8.019237971601507754e-06,-9.113639527733730642e-06,-8.571061668798493993e-06,-6.910707163439516508e-06,-5.034137104498821649e-06,-3.876466220374956851e-06,-4.035176273622203866e-06,-5.518292265711269197e-06,-7.713017723096079491e-06,-9.595005088731391210e-06,-1.010730272394114976e-05,-8.571261534797446801e-06,-4.975186830746092142e-06,-2.761153143275900804e-08,5.053353675685804845e-06,8.945590434924420611e-06,1.067992763475866210e-05,9.981832794793219288e-06,7.369717819464231106e-06,3.969504470186913256e-06,1.110664033993724111e-06,-1.473488842695050860e-07,6.192909183189368396e-07,3.078880359960267148e-06,6.312675545351753563e-06,9.200300897347833234e-06,1.086346581382245016e-05,1.098639020619409570e-05,9.884324535306735323e-06,8.300080281736072789e-06,7.026832557918833860e-06,6.531466065091391566e-06,6.751096705851556792e-06,7.154789269959920014e-06,7.038024649356633213e-06,5.906156190005613278e-06,3.757982824049902323e-06,1.125282161228846312e-06,-1.159839416638542498e-06,-2.364298993040731712e-06,-2.227780978961657160e-06,-1.122760660814560128e-06,9.047985373397774886e-08,4.593129747270538966e-07,-5.952815145526811699e-07,-2.965237107053394452e-06,-5.853699675537673803e-06,-8.101105797301836795e-06,-8.698785720794605333e-06,-7.255712457817361831e-06,-4.199136905982500298e-06,-6.096826456326599231e-07,2.239145478253895470e-06,3.428229918454669029e-06,2.776362697844131757e-06,8.856636707240274343e-07,-1.167070393238326991e-06,-2.343693812852057655e-06,-2.119730705813135224e-06,-7.004678734589081954e-07,1.115799770613771070e-06,2.351960862837651424e-06,2.337992916125295684e-06,1.033550770068377874e-06,-9.636144632526953663e-07,-2.719146559759336613e-06,-3.419456839039794313e-06,-2.759020529168480364e-06,-1.071033792134416261e-06,8.557064672439970250e-07,2.176245698999952021e-06,2.404090207687678243e-06,1.636919134784102533e-06,4.867410519132751362e-07,-2.440465848659198906e-07,2.569841316647167540e-08,1.363365749238255224e-06,3.293345058278213112e-06,5.041711337489532831e-06,5.928525031445563818e-06,5.708921021451683292e-06,4.691518606353073658e-06,3.575384698216678095e-06,3.088056216000643444e-06,3.606453179324130917e-06,4.950705961569731948e-06,6.454395928791775097e-06,7.276993416705811166e-06,6.804133169762415351e-06,4.938496518620052356e-06,2.139464333601639578e-06,-8.046650047519489467e-07,-3.155188979683361010e-06,-4.561763587219166640e-06,-5.193004077196655162e-06,-5.597126621062701678e-06,-6.368298278141303283e-06,-7.793427914326146684e-06,-9.664661073628083945e-06,-1.135904320152484566e-05,-1.215036133849903783e-05,-1.159758253795472409e-05,-9.810738999625432668e-06,-7.451636978535052114e-06,-5.456491223555416664e-06,-4.606664636907984082e-06,-5.152898373849009246e-06,-6.677588027157484711e-06,-8.267859731761285899e-06,-8.923483578692926869e-06,-8.010496343317186494e-06,-5.548935407009803286e-06,-2.202014924700002616e-06,1.024379892931274606e-06,3.227703156182042247e-06,3.991886635092556735e-06,3.535306167096961009e-06,2.567526077796228360e-06,1.936781601827825092e-06,2.242865371080301274e-06,3.594951522145305116e-06,5.612990800886603747e-06,7.648595402919489809e-06,9.099126159652844259e-06,9.655853687736365112e-06,9.375161616204286699e-06,8.561085031331625773e-06,7.544188700997918951e-06,6.486639737128963639e-06,5.316754999897134511e-06,3.817045718806685461e-06,1.803184416313995705e-06,-7.158136941852670779e-07,-3.490178343016124920e-06,-6.121632577819625378e-06,-8.242557416153358890e-06,-9.681360029381361255e-06,-1.052251973949709163e-05,-1.102960353985016406e-05,-1.147587368700910015e-05,-1.197753425100913518e-05,-1.242182025264448831e-05,-1.252840069830846989e-05,-1.200824277467677511e-05,-1.073036660082109317e-05,-8.803213909148466457e-06,-6.525331149261236222e-06,-4.233053096243457887e-06,-2.130669776410534253e-06,-1.994376163169306639e-07,1.760351516787886758e-06,3.972586537674916339e-06,6.496216028867965530e-06,9.107412630418214585e-06,1.132365702669091489e-05,1.257021864510545065e-05,1.241826589878328433e-05,1.078738877688453130e-05,8.020876082353885279e-06,4.800192157196988987e-06,1.935776514552713450e-06,1.204739144139567834e-07,-2.611698641440877010e-07,7.918997435628016297e-07,2.944100803480032583e-06,5.653325823049500515e-06,8.326786050490341077e-06,1.045478920547361674e-05,1.169967950485384580e-05,1.193947036116376720e-05,1.127393922109653512e-05,9.996432952390991905e-06,8.528400162456261822e-06,7.317238000860091442e-06,6.714112899056628501e-06,6.867872126698087105e-06,7.678596090168058596e-06,8.838744711508327186e-06,9.953627791892069259e-06,1.069296823404772746e-05,1.090456392713256814e-05,1.063489270792538724e-05,1.004710543089884968e-05,9.282254578525368191e-06,8.344319365187261763e-06,7.081494131258162806e-06,5.285385236279080897e-06,2.860844976733001015e-06,-3.023092716339980343e-08,-2.947206054429730801e-06,-5.311088068515782270e-06,-6.660475021242602869e-06,-6.904151835700252923e-06,-6.434463325797191648e-06,-6.019406118903561259e-06,-6.494911680180038840e-06,-8.382856700610869869e-06,-1.161138930502118257e-05,-1.548179378070872479e-05,-1.892012323326269056e-05,-2.091948292090770430e-05,-2.098302266117811201e-05,-1.936632469715011170e-05,-1.699990114364721542e-05,-1.511253291678306514e-05,-1.471062670493614729e-05,-1.613586486240645360e-05,-1.889228898305265485e-05,-2.181878210722179706e-05,-2.353572753935256548e-05,-2.298059243151620815e-05,-1.981470293835282359e-05,-1.454321584625567016e-05,-8.312463412140503580e-06,-2.478796856229551770e-06,1.873272338323653144e-06,4.278816554064692276e-06,4.987066996977020526e-06,4.789402385065856720e-06,4.667756912797218931e-06,5.408045922988586625e-06,7.321548113119189026e-06,1.016412653968022637e-05,1.326403020933950624e-05,1.579457265035885571e-05,1.708301478800161236e-05,1.684328725748895231e-05,1.525511652645702920e-05,1.287136281694056309e-05,1.039811992133528716e-05,8.437053656025500452e-06,7.290820902393193908e-06,6.905285856167206128e-06,6.965424491455142411e-06,7.096449082599065216e-06,7.074703665867469584e-06,6.946284489647482836e-06,6.991543524552419445e-06,7.546094976328537862e-06,8.762077250142076004e-06,1.043166757860846900e-05,1.197578605087493990e-05,1.262816152348828309e-05,1.174936381558051174e-05,9.132650078010827829e-06,5.152244943662404820e-06,6.664143982807996959e-07,-3.301822968959899428e-06,-5.975018559972978757e-06,-7.138567445621974705e-06,-7.213659060221708546e-06,-7.042284698107034129e-06,-7.474782222060837382e-06,-8.946995317172963186e-06,-1.124484757626905843e-05,-1.357089801055969072e-05,-1.488788713517492652e-05,-1.438443853445377429e-05,-1.185040311709856017e-05,-7.791825456113878179e-06,-3.237598545982622007e-06,6.676298899787517299e-07,3.095366858401865776e-06,3.798827168591405849e-06,3.108925887677497598e-06,1.689660080705953604e-06,1.919669102444082389e-07,-1.019522836694153854e-06,-1.945208251824030915e-06,-2.822482206875539961e-06,-3.885945395903831545e-06,-5.161066692887590052e-06,-6.406671873653595119e-06,-7.231626797761011715e-06,-7.311602638146665501e-06,-6.576895641235375468e-06,-5.260546486551228009e-06,-3.776041439442725918e-06,-2.491041798130037088e-06,-1.524358122326619388e-06,-6.841012199845777764e-07,4.102649986248484701e-07,2.080643704635235923e-06,4.349739239892501441e-06,6.844014928234928798e-06,8.908577295452200441e-06,9.894153928198868745e-06,9.483165395946810086e-06,7.892200519297963625e-06,5.839209855518031584e-06,4.272499170859162799e-06,3.973169513168671552e-06,5.207513401432922269e-06,7.589073663632797742e-06,1.021856148504248614e-05,1.204591387321480499e-05,1.229968032849922677e-05,1.079975506226098712e-05,8.022442209514554472e-06,4.896481613709983596e-06,2.424545843506418762e-06,1.295235245442610243e-06,1.646352267526085797e-06,3.066416548816287216e-06,4.813954423241037983e-06,6.142312808073766746e-06,6.581472101606650843e-06,6.060592313955992309e-06,4.837346322785714055e-06,3.292159132762551140e-06,1.704247709947226230e-06,1.258048772129373441e-07,-1.586748627361017393e-06,-3.610560142597792065e-06,-5.959869409487944967e-06,-8.372903855699404449e-06,-1.035970710634449279e-05,-1.140552124047714835e-05,-1.123850630101088177e-05,-1.002519686347660205e-05,-8.378062535700391670e-06,-7.141721722429832350e-06,-7.032074114456393095e-06,-8.284834127152947562e-06,-1.048392938504188312e-05,-1.267289712812522619e-05,-1.372897942264536570e-05,-1.285437697482450084e-05,-9.971507789466748544e-06,-5.835545507173989336e-06,-1.792312260565074928e-06,7.350700585078258740e-07,8.213241895017938063e-07,-1.570418815953853959e-06,-5.555921221827959709e-06,-9.674861047719214986e-06,-1.246787088143829489e-05,-1.303789879128091053e-05,-1.135732775170167199e-05,-8.198819856329908525e-06,-4.737805661235408113e-06,-2.018912516627632288e-06,-5.309454892337350569e-07,-7.306850929017870073e-08,4.911967972336986856e-08,6.142866583913446571e-07,2.072206026084272031e-06,4.324506180002229208e-06,6.791522526094637172e-06,8.713475958600763112e-06,9.523850480648314286e-06,9.108345457595692584e-06,7.831410429281127403e-06,6.334732569828395233e-06,5.223956905966320739e-06,4.805993684153966642e-06,5.000599090471075585e-06,5.451834478363996282e-06,5.761692029835963947e-06,5.713055227270884409e-06,5.367208622737935296e-06,4.997438054287045889e-06,4.910350865123359749e-06,5.261646296270951400e-06,5.966482315125721581e-06,6.744669250174247418e-06,7.264368268317216323e-06,7.298004857836182864e-06,6.806229831825151177e-06,5.914631663259446471e-06,4.812134652236755845e-06,3.641469041833588018e-06,2.448176750000409817e-06,1.210696371365162653e-06,-8.078763419438713060e-08,-1.360200727795784179e-06,-2.487865101398774502e-06,-3.324081973586385459e-06,-3.826865237668988894e-06,-4.103436849430172155e-06,-4.367528881324578953e-06,-4.811473877051881204e-06,-5.459886024118629650e-06,-6.093901098916578342e-06,-6.304217918495188714e-06,-5.661377983497233736e-06,-3.921471183630046643e-06,-1.156820792370156488e-06,2.265137028797655358e-06,5.850110863457536943e-06,9.202250147229345680e-06,1.217674334778368043e-05,1.486341817927368127e-05,1.739880718262326058e-05,1.970952805164768643e-05,2.134694192185133973e-05,2.154370872745832284e-05,1.951380637397244844e-05,1.488057617929216069e-05,8.024595651095985566e-06,1.498939149222350050e-07,-7.019375168319683576e-06,-1.182713477837340216e-05,-1.332454436406512970e-05,-1.167685111020753563e-05,-8.137045056820660729e-06,-4.568342990136790147e-06,-2.699382516204096443e-06,-3.422779145036940930e-06,-6.437970336502982555e-06,-1.039427270181226534e-05,-1.347392762795545509e-05,-1.416485388872794109e-05,-1.189391004117620833e-05,-7.257406501538336806e-06,-1.764242205490946522e-06,2.783351571101768554e-06,4.998637416546504892e-06,4.411534238513690680e-06,1.568393981275798129e-06,-2.283537980399844394e-06,-5.766533221922558526e-06,-7.942252248332530484e-06,-8.644776920361548324e-06,-8.457064631113429587e-06,-8.368557092856177099e-06,-9.281116606595720236e-06,-1.158070232905429504e-05,-1.494943338071850579e-05,-1.848237580211001895e-05,-2.104579700670501400e-05,-2.172099446874673992e-05,-2.015351273437364409e-05,-1.667529021580988209e-05,-1.216287082587102811e-05,-7.698338753281381720e-06,-4.171653877191600220e-06,-1.978807218432625614e-06,-9.270639410878143872e-07,-3.752887994023390669e-07,4.537349794374985882e-07,2.116993337102645240e-06,4.693972118954920537e-06,7.731478375163262654e-06,1.041387383145515737e-05,1.189294006197631690e-05,1.164747708632169207e-05,9.728909066345684095e-06,6.791763830298580180e-06,3.890881875179264242e-06,2.118235830086599016e-06,2.215317336071437897e-06,4.307114106606798255e-06,7.856922287845586385e-06,1.185656849259801263e-05,1.517785082539181521e-05,1.695278710300767585e-05,1.684406477521284586e-05,1.511318081879113901e-05,1.247217319206001308e-05,9.784469030190120543e-06,7.731759284132069728e-06,6.570138530922323803e-06,6.060822264643707702e-06,5.594852627369073214e-06,4.461726516978112181e-06,2.162316771814694489e-06,-1.347927763926705990e-06,-5.575383638476212254e-06,-9.599977015863341446e-06,-1.235110196757681190e-05,-1.295840845164488742e-05,-1.105813704823959320e-05,-6.945685492433195246e-06,-1.514473868065831120e-06,4.004748685616140512e-06,8.416772817705899049e-06,1.091535143106773662e-05,1.129004428583486186e-05,9.914324375070735829e-06,7.528838564674823892e-06,4.916308364513285981e-06,2.607901600693154516e-06,7.441991906616797251e-07,-8.577515193590811609e-07,-2.475671340434839692e-06,-4.212478711389373708e-06,-5.827493181869222925e-06,-6.763198667006605408e-06,-6.368246644339183836e-06,-4.219562079552247261e-06,-3.917644232060413592e-07,4.461793706535176627e-06,9.270873107724571889e-06,1.289817923835034033e-05,1.453556968133532915e-05,1.398162046495800084e-05,1.168626150941055121e-05,8.549117356826258494e-06,5.562452040281221911e-06,3.450135349156363571e-06,2.445752719518030167e-06,2.283689108197208041e-06,2.382015600393069945e-06,2.119715273963729136e-06,1.085147251813137421e-06,-7.968885881808305731e-07,-3.286629211703455979e-06,-5.960657551248571370e-06,-8.378048619392701788e-06,-1.021083617057702367e-05,-1.130304430069614610e-05,-1.166394480548284440e-05,-1.142679968532262218e-05,-1.080463466385463837e-05,-1.005624264595807300e-05,-9.455181013681657562e-06,-9.247146854926600548e-06,-9.591252527363623861e-06,-1.050017288227995493e-05,-1.180801638546527001e-05,-1.319146146712554205e-05,-1.424848575615125005e-05,-1.461088024965931349e-05,-1.404787902421630674e-05,-1.252031952220755493e-05,-1.016776153010970461e-05,-7.242912652609956348e-06,-4.031221325191123460e-06,-7.958424014475967062e-07,2.231593314805623668e-06,4.824444314579539465e-06,6.732580042881555415e-06,7.689210112985722998e-06,7.470882322492986673e-06,5.996287133017943861e-06,3.421416645841509975e-06,1.796646651742377380e-07,-3.068895983575742586e-06,-5.580877648823965303e-06,-6.729617285275945370e-06,-6.199788128601339655e-06,-4.109901673257770611e-06,-1.014255705983841383e-06,2.229387881865151587e-06,4.699306436110667501e-06,5.693560595031160116e-06,4.973803691726332947e-06,2.885769603673845972e-06,2.997674105948891508e-07,-1.634930706617738385e-06,-1.864337242518030823e-06,1.816126491038411807e-07,4.326080856893385957e-06,9.624158802913288245e-06,1.462399968783145295e-05,1.784432064246397299e-05,1.830555842158428795e-05,1.590951815351434042e-05,1.150227430091693045e-05,6.571647563753186522e-06,2.681179424788115618e-06,8.626639611763779275e-07,1.220949003895595061e-06,2.925332607426254492e-06,4.599232901801363226e-06,4.943422786639389847e-06,3.319113530646222473e-06,2.976164868442783621e-08,-3.826123155645372953e-06,-6.863236340792950632e-06,-8.043650687411545472e-06,-7.142931399711333098e-06,-4.833621677517746714e-06,-2.352747019318211995e-06,-9.166925369981550328e-07,-1.164212028200289429e-06,-2.889757953183090085e-06,-5.184558236182264548e-06,-6.903666358644059933e-06,-7.221807190556859865e-06,-6.005010855395471412e-06,-3.824381964536739766e-06,-1.620969950915337333e-06,-2.038515012381263801e-07,1.591735445719085529e-07,-1.460292752434281984e-07,-3.122695134796388749e-07,4.403472973416355831e-07,2.434242073612499656e-06,5.341645666108807396e-06,8.322140215633179355e-06,1.041405120986739847e-05,1.097860942979965545e-05,9.977607941500620919e-06,7.958749202331674488e-06,5.775470588100149413e-06,4.198589901091358879e-06,3.619105329313154390e-06,3.977438209395581573e-06,4.923515620365398021e-06,6.087653139465602700e-06,7.291454242118987181e-06,8.576031710956665872e-06,1.004206403856696675e-05,1.161498770134391648e-05,1.290094870864672373e-05,1.325381493435293176e-05,1.205359853510003922e-05,9.067264000061664266e-06,4.696589881145604211e-06,-4.494589440127361695e-08,-3.857423169163095547e-06,-5.659187895688148824e-06,-5.046755615744803843e-06,-2.491315762210243718e-06,8.322721675907959515e-07,3.518368261494689281e-06,4.497128310360241518e-06,3.441241215822638699e-06,8.340049478103511554e-07,-2.321202546922474391e-06,-5.003534355859748434e-06,-6.648307738650432636e-06,-7.371726556332276899e-06,-7.850997522868283305e-06,-8.929982298244132683e-06,-1.114833260998353366e-05,-1.442270661481427358e-05,-1.803100044469842033e-05,-2.090481883364201643e-05,-2.209217440673573845e-05,-2.117786435175077114e-05,-1.847426480806072942e-05,-1.490386774916905035e-05,-1.163304095278849508e-05,-9.620487393762881020e-06,-9.269926368385325352e-06,-1.031924034002433148e-05,-1.199001423306379581e-05,-1.331393002862339486e-05,-1.349197324133808598e-05,-1.214897304105396362e-05,-9.407672420878136901e-06,-5.788686199959456843e-06,-2.006855666693534603e-06,1.243506178401703259e-06,3.442959680725044709e-06,4.314119166391297226e-06,3.816942169033052719e-06,2.107240656883235148e-06,-5.124370236977459334e-07,-3.640716684920033735e-06,-6.832197070576888047e-06,-9.668115095108727731e-06,-1.183647574760300984e-05,-1.319542124377289722e-05,-1.378550690923704297e-05,-1.377028259191938159e-05,-1.331713947244396467e-05,-1.246599164656115777e-05,-1.105140134819479724e-05,-8.730222158627461664e-06,-5.123158193134933825e-06,-2.285786536384426171e-08,6.419789649057392378e-06,1.362295542524909824e-05,2.066631654068872259e-05,2.653113457525974660e-05,3.040301965764907093e-05,3.191869984420267183e-05,3.125615476771865386e-05,2.903164374867730013e-05,2.604954680744000256e-05,2.301380986265596961e-05,2.032344986616962379e-05,1.803203460704646925e-05,1.597206702027511137e-05,1.396736633886474775e-05,1.201729802804127015e-05,1.035502005669656334e-05,9.348640792614705688e-06,9.296234197527136867e-06,1.022214775657162606e-05,1.178458705598377366e-05,1.335147977367242323e-05,1.421929404267106498e-05,1.387875110200712172e-05,1.220737174174655714e-05,9.503180594661046995e-06,6.349050395654214012e-06,3.375364962438934238e-06,1.031419615833551452e-06,-5.364274289160221204e-07,-1.460641154206502860e-06,-2.016476212114372091e-06,-2.457855981793140999e-06,-2.911411006157614294e-06,-3.372154730767095466e-06,-3.782476518718252541e-06,-4.130421698166573286e-06,-4.498160478051915893e-06,-5.027834841985590625e-06,-5.826723405487500214e-06,-6.873892039676029678e-06,-7.992225116652280966e-06,-8.911840066162623789e-06,-9.395781685898122853e-06,-9.359495974240533567e-06,-8.916023954797539248e-06,-8.319970157540812770e-06,-7.841544125172694016e-06,-7.642756275519821374e-06,-7.725909879621199516e-06,-7.979560120043592528e-06,-8.285149930326933702e-06,-8.606601566335202983e-06,-8.992785149595237924e-06,-9.478419003460991082e-06,-9.941868328668891690e-06,-1.002363438710673161e-05,-9.193942513495626640e-06,-6.981680831214267178e-06,-3.276830832165222401e-06,1.449289735065935130e-06,6.152047505434827312e-06,9.502069586621497341e-06,1.036850009451922997e-05,8.297682757411443084e-06,3.762863700169814900e-06,-1.953723844016795097e-06,-7.222115217383231052e-06,-1.068156314652768064e-05,-1.174392799168633546e-05,-1.075953262458139054e-05,-8.776299340599842349e-06,-7.013685553553486772e-06,-6.305580189019000065e-06,-6.774384913844765973e-06,-7.877726440856324227e-06,-8.780848826502280101e-06,-8.847536093088793566e-06,-7.991462041641931018e-06,-6.712304548641445418e-06,-5.811513248871171646e-06,-5.950562877093163621e-06,-7.291768050380062141e-06,-9.409482742510117699e-06,-1.150856090505538259e-05,-1.282065046995423399e-05,-1.295773889981189571e-05,-1.203481731530290722e-05,-1.050964943924705369e-05,-8.850158979157253303e-06,-7.236972287200301556e-06,-5.484731727145385347e-06,-3.233409152772707065e-06,-2.944960943300426977e-07,3.067505224708909147e-06,6.116718489136096880e-06,7.947812022850763431e-06,7.978114686202175774e-06,6.370723535079368025e-06,4.135639910712467349e-06,2.803936555619013475e-06,3.788379475853548530e-06,7.719325086673031719e-06,1.408100284652890336e-05,2.134404563442446966e-05,2.755511013751662960e-05,3.112067494179872633e-05,3.142394341010119977e-05,2.899308906315442268e-05,2.515740756327270852e-05,2.137557356417613222e-05,1.857255775456795901e-05,1.680361316247008257e-05,1.538764794142575011e-05,1.341116692824506518e-05,1.032192397879111074e-05,6.299193603375833132e-06,2.216300480095726060e-06,-7.713659135304847197e-07,-1.788678702443963164e-06,-6.623352019337330122e-07,2.003395792778916822e-06,5.114817253217365957e-06,7.573610948786764976e-06,8.704246933390749345e-06,8.421420845011201668e-06,7.088880540781056850e-06,5.188468049906206664e-06,3.007731620071687734e-06,5.220145944570575381e-07,-2.481971009439715016e-06,-6.141329547047540254e-06,-1.029171312137115515e-05,-1.443231198769286897e-05,-1.791205900614836687e-05,-2.023086078628051230e-05,-2.127641714432339427e-05,-2.135118246725555138e-05,-2.096590463016923247e-05,-2.051515876448221885e-05,-2.002487452450959178e-05,-1.912680810044550348e-05,-1.728774983265136581e-05,-1.417305298737295254e-05,-9.939565533374627321e-06,-5.282527473627621615e-06,-1.191067043250355309e-06,1.473028707348300554e-06,2.357533039693295595e-06,1.762718071114352718e-06,4.701084791401452610e-07,-6.505298569318654637e-07,-1.046292100699451619e-06,-6.864512084647446878e-07,2.963764789991481928e-08,5.925068265467691150e-07,7.343143334495238895e-07,6.016589151412745446e-07,6.451487683287747343e-07,1.289476673537414961e-06,2.582429239404475930e-06,4.044480737930385108e-06,4.835622427676175451e-06,4.178087145452264904e-06,1.820589925606511554e-06,-1.711366136673859831e-06,-5.236224698400572430e-06,-7.376229074868034287e-06,-7.144584943691784805e-06,-4.374688684392128659e-06,2.191383648555245156e-07,5.374635906391968502e-06,9.834884489009316109e-06,1.284165861203470422e-05,1.433001176510497981e-05,1.475163867576364778e-05,1.465558310280896710e-05,1.428166954373716869e-05,1.340621662365503040e-05,1.153035469138454939e-05,8.300716208234651340e-06,3.911086245667188895e-06,-7.689189677623526721e-07,-4.451390938981499652e-06,-5.976674505259794367e-06,-4.884145398923009366e-06,-1.709583939443880398e-06,2.164992177046068344e-06,5.064039793164104969e-06,5.725747212550417925e-06,3.833502089249917147e-06,1.225079812785079914e-07,-3.983318630482893983e-06,-7.024704546794462724e-06,-8.138292280562878404e-06,-7.375633646825120656e-06,-5.581305011058842428e-06,-3.918052439154599363e-06,-3.289657120240713971e-06,-3.944047936232804557e-06,-5.431630767154194853e-06,-6.908056334179235747e-06,-7.603204089080226949e-06,-7.210452532735731133e-06,-6.008856822750824874e-06,-4.677577859623755224e-06,-3.917632581591979370e-06,-4.083083818644719429e-06,-5.004650172127050501e-06,-6.081477460780172511e-06,-6.581376097218274678e-06,-5.994407866194754152e-06,-4.271357856298635758e-06,-1.845347197471484519e-06,5.584558291791633467e-07,2.227406815058304982e-06,2.744064584264137458e-06,2.135437947812401191e-06,8.440547925702965993e-07,-4.505621835429620525e-07,-1.082172398043126919e-06,-6.296022537459195471e-07,9.414819535919745725e-07,3.263760761798827301e-06,5.680813423188628289e-06,7.455677179260202539e-06,8.018571014565296099e-06,7.179997397618708075e-06,5.233882426353731519e-06,2.898033003518228738e-06,1.088562948096466360e-06,5.898097127962015732e-07,1.736250361337769461e-06,4.238479886357072076e-06,7.243980148623287500e-06,9.633270386178445800e-06,1.044819333312104655e-05,9.279885081241668942e-06,6.447339250213208311e-06,2.879542963956174218e-06,-2.576491473031844953e-07,-2.032737860932544466e-06,-2.113223861987178780e-06,-8.654964246818926106e-07,8.474768344302000590e-07,2.069985381911146031e-06,2.169074352383187373e-06,1.074133211150909612e-06,-7.560337782787687809e-07,-2.602254511707576494e-06,-3.845124174255706181e-06,-4.239123318102639942e-06,-3.979818400936649282e-06,-3.554332595229350451e-06,-3.471673626725559087e-06,-4.017557586132101950e-06,-5.148180249400948058e-06,-6.551649895386218571e-06,-7.815350314980344638e-06,-8.592156884248888308e-06,-8.679442510812595667e-06,-7.994230494854944575e-06,-6.500280481707211599e-06,-4.172678430352872849e-06,-1.053752217453611307e-06,2.619869088257406319e-06,6.308857020298708085e-06,9.189601194794815017e-06,1.035567736576642819e-05,9.158427085797180982e-06,5.547426743814028046e-06,2.373571266778825386e-07,-5.417762536575302743e-06,-9.837014093835925159e-06,-1.176766690630784314e-05,-1.075661743824658781e-05,-7.330535527900644384e-06,-2.793892054643268397e-06,1.281927061691391673e-06,3.669247946456237804e-06,3.940691537423726036e-06,2.585474888924555970e-06,7.475587496869581397e-07,-2.909737610008996569e-07,3.443290106142379282e-07,2.771782628211395243e-06,6.332939264184577888e-06,9.885777074095060732e-06,1.226984398364867035e-05,1.274376089701400717e-05,1.122578069817359879e-05,8.264598894094687319e-06,4.782562497711390332e-06,1.716998572155095059e-06,-2.924793529680561291e-07,-1.062257989660880882e-06,-8.358091884810930986e-07,-1.105832619319272864e-07,5.901237554366127234e-07,9.071361073503859470e-07,7.356161877790515165e-07,2.023168142372926650e-07,-4.394181890871775790e-07,-9.416678626499708521e-07,-1.165465761103176337e-06,-1.119940938881303394e-06,-9.306123592371931281e-07,-7.584134179298558093e-07,-7.084146826517340087e-07,-7.689116642779492249e-07,-8.076912363707003548e-07,-6.281940710890482161e-07,-6.304211214317015314e-08,9.340416589781606327e-07,2.237554900753670708e-06,3.564567475795280930e-06,4.551925099611613778e-06,4.869080619132969559e-06,4.325904389781947879e-06,2.938263138352805953e-06,9.317458725904098863e-07,-1.313324443837206975e-06,-3.354779576051916845e-06,-4.792050696618587436e-06,-5.356614051089789653e-06,-4.973969245973351259e-06,-3.787753081471585513e-06,-2.138839163192362494e-06,-4.946491972884198514e-07,6.673628651890019870e-07,1.000605959495664533e-06,4.128053176616180784e-07,-8.800641965771816783e-07,-2.408693559037576020e-06,-3.614683042766136208e-06,-4.072269349419838283e-06,-3.675327244421228563e-06,-2.695190625610450107e-06,-1.661864243657896544e-06,-1.103241067770759196e-06,-1.256780876197717034e-06,-1.901978142512352097e-06,-2.422939650338037473e-06,-2.106540326548352222e-06,-5.574855386807631440e-07,1.970178244101905753e-06,4.515398970782493559e-06,5.706362629241090114e-06,4.323612328634776896e-06,-1.027501721662448988e-07,-6.942550568105107969e-06,-1.455772369485941334e-05,-2.084430216998452861e-05,-2.402166009683070385e-05,-2.333651636250544907e-05,-1.936738335607511111e-05,-1.378155039723633475e-05,-8.639189848382989158e-06,-5.545546010332283748e-06,-5.023663898241831273e-06,-6.380265637960805035e-06,-8.111307998359730824e-06,-8.647538780473034301e-06,-7.090032212093245037e-06,-3.600862534066085880e-06,7.155224283023213159e-07,4.363320660136415705e-06,6.165638392067812852e-06,5.800474206489885333e-06,3.926702416086191008e-06,1.865958360128632271e-06,1.010655676442305421e-06,2.239094278036486449e-06,5.590868664401948427e-06,1.031456739211229939e-05,1.522250926679725694e-05,1.916147460218474321e-05,2.138741647022597846e-05,2.171196481706379300e-05,2.041586087399832860e-05,1.802936356387203798e-05,1.511367697953847860e-05,1.213628033707608843e-05,9.453218162232627432e-06,7.344934047752311075e-06,6.035383994671421013e-06,5.658499134372740813e-06,6.191486235663630062e-06,7.410819896038083888e-06,8.919883944387713368e-06,1.025316153242727237e-05,1.101161345133789789e-05,1.096212995571232164e-05,1.005608161249096905e-05,8.373772239859467360e-06,6.048157183169855697e-06,3.229932000350217863e-06,1.188960061421912256e-07,-2.973190447479680625e-06,-5.603603514320614523e-06,-7.287128216585982414e-06,-7.690322465470433998e-06,-6.846606047051056852e-06,-5.259939649524854191e-06,-3.793444232626531966e-06,-3.341749104494677778e-06,-4.413235993185637396e-06,-6.828024854241224234e-06,-9.713695106097511799e-06,-1.184988294301655303e-05,-1.223292784987526956e-05,-1.059631257650150658e-05,-7.612234330291729537e-06,-4.634960650953135546e-06,-3.070847433027845683e-06,-3.662316688293038291e-06,-6.044402817703975483e-06,-8.823816993744590487e-06,-1.018424943414028497e-05,-8.755478806796162535e-06,-4.333527148459220505e-06,1.911666326788332166e-06,7.870426530922715718e-06,1.138974590961523642e-05,1.122100926373579978e-05,7.572818560856998431e-06,2.005617250193703742e-06,-3.281283656325289278e-06,-6.429170364775262007e-06,-6.701596343905526817e-06,-4.708521329641373853e-06,-1.991538269655327923e-06,-2.003438455843471232e-07,-2.798944631657173806e-07,-2.063491046525793736e-06,-4.447662423749912526e-06,-6.026618270615312288e-06,-5.840240927360433190e-06,-3.850533042510019740e-06,-9.195879291688815309e-07,1.671497565716349065e-06,2.890087854343799091e-06,2.451739947523445956e-06,9.038330061221781627e-07,-7.257608007305976795e-07,-1.505878428661117418e-06,-1.088902779416034511e-06,1.446805509095602370e-07,1.341963374644219952e-06,1.676405294639351152e-06,8.113062821402751043e-07,-9.180338234475414184e-07,-2.687944686269343161e-06,-3.622107324574644840e-06,-3.238535177452658657e-06,-1.675183069130090878e-06,4.067740036434985510e-07,2.165938904933406140e-06,2.970312954334410244e-06,2.627946582425542642e-06,1.360562099144912718e-06,-4.242530560395404230e-07,-2.397075107803615210e-06,-4.437231578800712569e-06,-6.559014409307538472e-06,-8.702112534117630027e-06,-1.054955769613255095e-05,-1.152764231844490400e-05,-1.103256790609288340e-05,-8.781193965343552237e-06,-5.086075289785428171e-06,-8.700410329332735129e-07,2.637706818809467590e-06,4.408771753984587244e-06,4.086226860675603188e-06,2.175767366432870663e-06,-1.584507628834036196e-07,-1.613358187586693907e-06,-1.338920488150179363e-06,6.839587981321048189e-07,3.664143898454191340e-06,6.407075023760003443e-06,7.903365858916465965e-06,7.806619994830204346e-06,6.567891979949700180e-06,5.170468998994515221e-06,4.609705307605345621e-06,5.385768990018382012e-06,7.261708675302470057e-06,9.397120264451643069e-06,1.077537240947490042e-05,1.069951386264844046e-05,9.109235695896082463e-06,6.574639069938306538e-06,3.992938662135652521e-06,2.160743242098871475e-06,1.443286757526410586e-06,1.693767116282317060e-06,2.433738150619022470e-06,3.168658262224989998e-06,3.653209484033309268e-06,3.965604744986380075e-06,4.368292927660009375e-06,5.055672399233309376e-06,5.949741834591663420e-06,6.671561872650954528e-06,6.711861063804248421e-06,5.708382673584601376e-06,3.675068345522106898e-06,1.052251759631076488e-06,-1.457162360853057937e-06,-3.186454958514769226e-06,-3.789129966733990397e-06,-3.368119731355632808e-06,-2.392262056280608836e-06,-1.451201277728316884e-06,-9.775879692215277547e-07,-1.072977651148732705e-06,-1.511393326439001908e-06,-1.899295091489586156e-06,-1.894827220724201637e-06,-1.370870652195135561e-06,-4.500879215250229479e-07,5.836364924193649903e-07,1.429052023862192013e-06,1.881040719878644510e-06,1.862283582204254260e-06,1.381910823619206957e-06,4.770201010330510287e-07,-8.024981195826892097e-07,-2.345135118878839795e-06,-3.901728197297645640e-06,-5.055447277784189235e-06,-5.299160171360751819e-06,-4.222978871763569034e-06,-1.740890296401417895e-06,1.759690687513160783e-06,5.446146789177067624e-06,8.271750007747286098e-06,9.333792107751317122e-06,8.209099709310282143e-06,5.112738702543742826e-06,7.987565941364657625e-07,-3.759716914036117407e-06,-7.767550770466691333e-06,-1.089885868334292394e-05,-1.334877430943851560e-05,-1.562820393281155583e-05,-1.821009098959483288e-05,-2.120880723433063328e-05,-2.425705859009283158e-05,-2.664495249210807536e-05,-2.765314276079134867e-05,-2.691284954356690210e-05,-2.461015462200707209e-05,-2.142848752412902002e-05,-1.825357159696336097e-05,-1.578397908735583858e-05,-1.423811498313815693e-05,-1.330080137288299806e-05,-1.233331368503716074e-05,-1.073927582233167989e-05,-8.300887344893721667e-06,-5.314456264956751941e-06,-2.454022191539822840e-06,-4.274873293246831050e-07,4.059934953896794366e-07,2.670190902040022201e-07,-8.338615199811756044e-08,3.573268101686185375e-07,2.409559879588020035e-06,6.356548397354246279e-06,1.181729001907463697e-05,1.789795895551726001e-05,2.354283461579742226e-05,2.791814825242337810e-05,3.065715503792762009e-05,3.187155472288446905e-05,3.195262478745074762e-05,3.128568393659203570e-05,3.003514782268040616e-05,2.811031165484139272e-05,2.532046808897317600e-05,2.162485061615506278e-05,1.733057299506823794e-05,1.311614059550021749e-05,9.846311246602069744e-06,8.251392742063498281e-06,8.616693822832190231e-06,1.062963602253372505e-05,1.346201231701965511e-05,1.605720658752767574e-05,1.749892788501304400e-05,1.730352445554604222e-05,1.551757628392389180e-05,1.259579132296952178e-05,9.135685188690251910e-06,5.606837984334201062e-06,2.205809912485435510e-06,-1.101763546679047983e-06,-4.387937800419077872e-06,-7.532434398275862250e-06,-1.009204060712809226e-05,-1.136095381645914047e-05,-1.062316179993956898e-05,-7.503200042463833919e-06,-2.265390858975466462e-06,4.080716321645357761e-06,9.942015800950468787e-06,1.354182797080030565e-05,1.343530256173854773e-05,8.968173493821047929e-06,5.208607644672235180e-07,-1.054898511167017503e-05,-2.225121435705694007e-05,-3.248621498615231418e-05,-3.958172080267388827e-05,-4.267998808302335580e-05,-4.186716089766525154e-05,-3.802508135838699653e-05,-3.247611397120762618e-05,-2.655287958795453761e-05,-2.123731204015497949e-05,-1.697517253111016267e-05,-1.369956426829573612e-05,-1.101891813037653578e-05,-8.471503601787801576e-06,-5.739135976728282197e-06,-2.747902735254337158e-06,3.552861407010647926e-07,3.304342850513386745e-06,5.821308662479468019e-06,7.671838769662264881e-06,8.657354814081087412e-06,8.581887066035939857e-06,7.254694122189171929e-06,4.570112412542366426e-06,6.515561143903965105e-07,-4.013111438639403939e-06,-8.545415064425619623e-06,-1.183171779277164268e-05,-1.285293560514577659e-05,-1.108432583452662772e-05,-6.797036095460664438e-06,-1.101931865591204285e-06,4.334093738688429926e-06,7.831219273455275562e-06,8.306012897403730903e-06,5.702962615937663657e-06,1.058793954473803777e-06,-3.846871655971016287e-06,-7.129659102683248734e-06,-7.479298727309238864e-06,-4.612689306237114873e-06,6.696043994616622681e-07,6.827432294819643814e-06,1.216735764595378383e-05,1.542643947356648690e-05,1.613237010488809952e-05,1.463394807591870272e-05,1.184286159562422883e-05,8.837035952123109699e-06,6.502358749496445125e-06,5.333266579103257799e-06,5.414129072483146717e-06,6.519169884886753504e-06,8.239685430523740746e-06,1.007795082414639887e-05,1.150638320975189933e-05,1.203312608404648623e-05,1.131074747006153230e-05,9.276500084144563031e-06,6.255718936222395450e-06,2.939403023428745450e-06,1.883266644372623509e-07,-1.293854470372481068e-06,-1.285052879808811059e-06,-1.987913143437079414e-07,1.045455102308116453e-06,1.419972429147632760e-06,2.958292851091132190e-07,-2.180283212054815516e-06,-5.045289721957710596e-06,-6.876848212643749208e-06,-6.418600005495209092e-06,-3.198696701998665152e-06,2.154206788916352125e-06,8.070235350157301590e-06,1.263039307386044062e-05,1.434275512617697164e-05,1.275800418804726870e-05,8.644328902370623921e-06,3.640191147120388864e-06,-4.573564492190929567e-07,-2.445292063603648850e-06,-2.171209707299086719e-06,-5.009402924863189753e-07,1.165026210891601558e-06,1.582605535922502694e-06,2.346447282309528905e-07,-2.474226041697711077e-06,-5.464636445172488218e-06,-7.527863527883248582e-06,-7.896062787861837697e-06,-6.570755660462011087e-06,-4.274785890468519743e-06,-2.078475776786982432e-06,-8.979326191491853375e-07,-1.105646700448282921e-06,-2.419755296099241496e-06,-4.094256149942542671e-06,-5.293062309999486757e-06,-5.461215294565473383e-06,-4.531303725631413077e-06,-2.898540087856022201e-06,-1.209548625624273145e-06,-8.308636763442384088e-08,1.121050503846117935e-07,-6.526092759530504322e-07,-2.110464905796360914e-06,-3.826667876008579674e-06,-5.340743851114791915e-06,-6.276378388793783916e-06,-6.405131566730356102e-06,-5.673920295241376053e-06,-4.208312433218265679e-06,-2.291205423855222122e-06,-3.064627396731294488e-07,1.356642496091561990e-06,2.419862304796137660e-06,2.810931274428697563e-06,2.688550549405552655e-06,2.371344134083155625e-06,2.188888630325821349e-06,2.316463459960238351e-06,2.672542221155272559e-06,2.935726073796347064e-06,2.683503807828362813e-06,1.595085334229978484e-06,-3.743110227075397196e-07,-2.930833452977802733e-06,-5.523889111810569613e-06,-7.539107590197316492e-06,-8.519314910225482700e-06,-8.321023797970210454e-06,-7.147080894166565726e-06,-5.452950171365027909e-06,-3.775721689206884750e-06,-2.558100040426816782e-06,-2.028263747501180096e-06,-2.162658233306961842e-06,-2.723562793968683062e-06,-3.343612797181456264e-06,-3.629171592403357291e-06,-3.264394829487672249e-06,-2.104485921124027640e-06,-2.428794023077437619e-07,1.972191590477629733e-06,3.997653482294952428e-06,5.239957978676823842e-06,5.255267272116956799e-06,3.938324250428974471e-06,1.616409965122361465e-06,-1.012213454330349750e-06,-3.095845329326518146e-06,-3.930795435659786339e-06,-3.226142349369205680e-06,-1.215642589133571663e-06,1.437958437376973431e-06,3.908575138867755994e-06,5.526039532372674961e-06,6.008127981285954811e-06,5.508500485551380999e-06,4.474993754873780908e-06,3.404603054514145870e-06,2.626066825615048814e-06,2.215142120878225024e-06,2.066418497609565459e-06,2.054522394464801818e-06,2.168394204042880626e-06,2.523603690374392279e-06,3.238137587571455481e-06,4.250581377057307822e-06,5.210097759845151175e-06,5.541009755406308042e-06,4.689985008769870603e-06,2.450310240562458199e-06,-8.097080718569736263e-07,-4.164221136948510346e-06,-6.432394438317292581e-06,-6.658319403726856369e-06,-4.553697485463761763e-06,-6.829509023946404329e-07,3.722282262867958211e-06,7.258661894631941322e-06,8.940489525308263459e-06,8.609402156861658545e-06,6.966147188739399375e-06,5.202440411819083929e-06,4.404413639300237342e-06,5.014279795385400920e-06,6.614048289648943972e-06,8.141910431717587005e-06,8.440767552997406460e-06,6.872120588627938094e-06,3.689959347871784788e-06,-2.009966768360166675e-08,-2.822594805757011541e-06,-3.614343806446969697e-06,-2.181754350081981581e-06,6.419966357953910699e-07,3.312274863213200745e-06,4.262108133220845197e-06,2.635819762073087652e-06,-1.271509948066605700e-06,-6.080415316557815583e-06,-9.884730275028747679e-06,-1.106361941305186833e-05,-8.993281746325863316e-06,-4.343878520520717781e-06,1.172712279162854981e-06,5.499181448858540152e-06,7.074903641631212965e-06,5.463362655049771467e-06,1.498901992337346311e-06,-3.104322899965036735e-06,-6.506584072601264135e-06,-7.530927395174280977e-06,-6.145003568749048871e-06,-3.430888620133574828e-06,-1.060219848891235816e-06,-5.065884866052819082e-07,-2.341684718210863138e-06,-5.927217317095794987e-06,-9.645599631856192403e-06,-1.158053649721134919e-05,-1.036269402549737578e-05,-5.819580635325727681e-06,8.539072369889260870e-07,7.488818678785354948e-06,1.174716962924833544e-05,1.201271450154143465e-05,8.005105081254177570e-06,8.715778754837438456e-07,-7.270571645157059237e-06,-1.414039060231183070e-05,-1.811080335373982492e-05,-1.870939359873681430e-05,-1.662381573711314221e-05,-1.325256243148636098e-05,-1.003224064247265720e-05,-7.850613983511764034e-06,-6.790462531050795045e-06,-6.278917394062425827e-06,-5.524235216634794691e-06,-3.998033473673848875e-06,-1.720658014545690652e-06,7.759425722733074735e-07,2.762638235992527714e-06,3.721592305494000638e-06,3.627594739358756019e-06,2.957991078934101501e-06,2.435042318982093585e-06,2.645193455912090766e-06,3.740296829446170621e-06,5.376881954799810546e-06,6.919230425334629160e-06,7.790530186250125666e-06,7.778866668632307524e-06,7.131852534966769777e-06,6.390243012144644421e-06,6.054363488116016103e-06,6.270604884607574274e-06,6.717908693370937503e-06,6.768592896210788747e-06,5.848898095212784412e-06,3.810978381284159913e-06,1.111165291373946234e-06,-1.319094050279174028e-06,-2.467992683649791748e-06,-1.722099747864047117e-06,8.050448640740357913e-07,4.264407412745231005e-06,7.401987669412017661e-06,9.083548469814721921e-06,8.772889032795679377e-06,6.742658602627787163e-06,3.922372747191282329e-06,1.458741677402933566e-06,1.963462758708436208e-07,3.192554955543755777e-07,1.313052674239615490e-06,2.253251563876664531e-06,2.274647667447472693e-06,9.975483184719831915e-07,-1.285235303560258979e-06,-3.739810305348984956e-06,-5.372184235844151007e-06,-5.479858364472275915e-06,-3.970502313668482383e-06,-1.410971609809746082e-06,1.207245317670152371e-06,2.878482880253568838e-06,2.993142024047200233e-06,1.580726351907280646e-06,-7.051329646651397888e-07,-2.844053968761743824e-06,-3.841095877101192197e-06,-3.102163902369872447e-06,-6.561059630535759824e-07,2.850558355269785173e-06,6.376950718600416182e-06,8.845296228663763091e-06,9.506151034322532118e-06,8.185862919589411801e-06,5.332893912039858988e-06,1.849338009772139292e-06,-1.230840202850622111e-06,-3.099706603123965462e-06,-3.437134239837705307e-06,-2.478390758413693006e-06,-8.640263659714091852e-07,6.631419615740503359e-07,1.583137917790765966e-06,1.802368406479467500e-06,1.642803421735939694e-06,1.620671849975401905e-06,2.119454729008124944e-06,3.119128601627577523e-06,4.125696067956535221e-06,4.354748721333305791e-06,3.099046361269491402e-06,1.118345685908948061e-07,-4.184135078733214453e-06,-8.780662933625718231e-06,-1.244486060494039957e-05,-1.420450499789033193e-05,-1.373731992225916817e-05,-1.148011665659099676e-05,-8.402578695877010431e-06,-5.551457554791452441e-06,-3.584794142202233455e-06,-2.523501184059914576e-06,-1.841516209642343943e-06,-8.455215398883106505e-07,8.547804353189245522e-07,3.037440439969138011e-06,4.896422384240416881e-06,5.414024789587797869e-06,3.903769221714463664e-06,4.499694606456846909e-07,-3.994715550679469426e-06,-7.934205936315122225e-06,-9.949932345745998152e-06,-9.337179238933137669e-06,-6.453453414100152239e-06,-2.599849174818041072e-06,5.283416739901157235e-07,1.581351816944406087e-06,1.500287670780330970e-07,-3.056662002126656743e-06,-6.534046983146226158e-06,-8.656721244250158517e-06,-8.398137380282525905e-06,-5.770063520927865140e-06,-1.790267330833385664e-06,1.994716717385602974e-06,4.204117488844410561e-06,4.216305095743844146e-06,2.399886101058941604e-06,-1.049619160800163406e-07,-1.936669881227849251e-06,-2.133112183453437276e-06,-5.441708411931060569e-07,2.135275531717740549e-06,4.705981486149927685e-06,6.009524647507696260e-06,5.431395195779630973e-06,3.150706236185167257e-06,4.856538319622103679e-08,-2.663067309020091902e-06,-3.920775863546196506e-06,-3.198972252126097293e-06,-6.675419527267337224e-07,2.917120279840770797e-06,6.516659293689678199e-06,9.176757190158336600e-06,1.031798982293169544e-05,9.863380783271073139e-06,8.185950846897654867e-06,5.923301814092934460e-06,3.741492269563541501e-06,2.131678970759470503e-06,1.297670934984256201e-06,1.154405883887939100e-06,1.419959312493702639e-06,1.756877379376280478e-06,1.907926004477457089e-06,1.778488019967075144e-06,1.440631477463799840e-06,1.065552914079452635e-06,8.206501913133515649e-07,7.825171692996655885e-07,9.093033473945883805e-07,1.086195617721244062e-06,1.218562808726375059e-06,1.317975571164118908e-06,1.524132462845066945e-06,2.035757980522331857e-06,2.973708296540505730e-06,4.244593146754852366e-06,5.486987410295074100e-06,6.152173790794609386e-06,5.707349187301742986e-06,3.881472755070050871e-06,8.385985506069708260e-07,-2.816306951054809333e-06,-6.222503327261717119e-06,-8.571979029596238665e-06,-9.408551847903183114e-06,-8.781194975610478640e-06,-7.179466654074142479e-06,-5.282323775721292359e-06,-3.643230618130177541e-06,-2.466686475712428604e-06,-1.585072940555497722e-06,-6.412451979540431150e-07,6.262538345007816253e-07,2.155087539160071998e-06,3.520722986740258696e-06,4.120823770718993794e-06,3.494024772355965168e-06,1.605356275057114807e-06,-1.062127476741006973e-06,-3.675899468209784660e-06,-5.414273343291726146e-06,-5.844242191669781285e-06,-5.123216534136088098e-06,-3.912387114179491856e-06,-3.033445367654625572e-06,-3.034561939165504549e-06,-3.885623035199353790e-06,-4.965517608953054859e-06,-5.361053794815082127e-06,-4.338372224250573393e-06,-1.754190799299487610e-06,1.804498689005062981e-06,5.235110716824382844e-06,7.397656514952382601e-06,7.632870288861344431e-06,6.071887729288884085e-06,3.585918630297726865e-06,1.396049065842491428e-06,5.257595888171747764e-07,1.352480259307323708e-06,3.464227155429879115e-06,5.879138932708724695e-06,7.513304126920311101e-06,7.669773148700488022e-06,6.321767933815694225e-06,4.071792548999123846e-06,1.828463456729354388e-06,3.741863948389589096e-07,3.662491794890572761e-08,6.105937431312466854e-07,1.543281538300199971e-06,2.264914276292114370e-06,2.484307843229344599e-06,2.301601759071832038e-06,2.096277948522404813e-06,2.268771193668420585e-06,2.985665491122812924e-06,4.067017506339927832e-06,5.070087953317562590e-06,5.514714658413215206e-06,5.120841026399730641e-06,3.927078489013678161e-06,2.229259180776694625e-06,3.800621245545553875e-07,-1.431077737565286466e-06,-3.286849190229235439e-06,-5.469949127030848031e-06,-8.241604658481480378e-06,-1.158980218969118458e-05,-1.509236126876989135e-05,-1.798895749585681673e-05,-1.945231028129232759e-05,-1.894402667546668604e-05,-1.648849497001944104e-05,-1.272666735509237223e-05,-8.708821614857663426e-06,-5.505714320376883848e-06,-3.803558250836286063e-06,-3.658794045614931008e-06,-4.518363318061708826e-06,-5.492855678381865228e-06,-5.758309465978223444e-06,-4.908460508315828931e-06,-3.106233624523947059e-06,-9.770600655957860474e-07,6.969944213153281773e-07,1.337347405796344806e-06,8.203571194270909527e-07,-4.871119415092147928e-07,-1.913565483044310439e-06,-2.795326615280248296e-06,-2.766589430381738582e-06,-1.893260182986116736e-06,-5.925278975231288392e-07,6.188635747451167968e-07,1.424160319258604672e-06,1.906475356895703511e-06,2.544781336701941527e-06,3.993628843928641917e-06,6.734713586899585436e-06,1.075365316382834368e-05,1.539581355844729893e-05,1.948821938820625470e-05,2.170629648386503501e-05,2.105836372303163717e-05,1.730176395908804009e-05,1.111887945059457071e-05,3.966425334035264143e-06,-2.364291868948650329e-06,-6.323827661301189445e-06,-7.107136564778757191e-06,-4.894989770134693154e-06,-7.451617191331417462e-07,3.820771816806472937e-06,7.371363791403723749e-06,9.043917760025112809e-06,8.767049997727286285e-06,7.155363079535233061e-06,5.141611468775372821e-06,3.519145969401969331e-06,2.598979726718461771e-06,2.127890191491350772e-06,1.492090271932284953e-06,9.941571430421559188e-08,-2.249007836150202266e-06,-5.181335801497150326e-06,-7.864470409396983550e-06,-9.357307981567024408e-06,-9.046710221351257625e-06,-6.960594289392922320e-06,-3.803931338489868038e-06,-6.889080998018017375e-07,1.327139293742035895e-06,1.689676601236907735e-06,5.760878606855447246e-07,-1.201464972114122281e-06,-2.577621669362443110e-06,-2.725938178485237883e-06,-1.434964419732563878e-06,8.057090734035895524e-07,3.049066981736208989e-06,4.349757332772488189e-06,4.223286945128752657e-06,2.889195246376445712e-06,1.182329990552596926e-06,1.706113366723371328e-07,6.536152197594790892e-07,2.770679389426935614e-06,5.895775710411419711e-06,8.864864089060459619e-06,1.043256038998808348e-05,9.757777284435752881e-06,6.714961319609206482e-06,1.915175076668895678e-06,-3.546256021011884572e-06,-8.485623529465790858e-06,-1.199689608389737269e-05,-1.365401298085851291e-05,-1.350951428969933375e-05,-1.194597635030654676e-05,-9.487386543812148737e-06,-6.663414528620843588e-06,-3.958150566780142013e-06,-1.808376049261206285e-06,-5.861917757729498741e-07,-5.237214559255965943e-07,-1.596753652890327250e-06,-3.439383233690845266e-06,-5.373572238369978042e-06,-6.591630252734764413e-06,-6.446672437186990472e-06,-4.732088788937331280e-06,-1.811763185212165797e-06,1.482916090682174446e-06,4.166506051060765164e-06,5.494088104391299247e-06,5.258177580998191371e-06,3.847239257881042785e-06,2.036334262470534716e-06,6.108906078225523893e-07,7.633141990605423771e-09,1.479594539402992525e-07,5.408265259509348263e-07,5.938489815838432371e-07,-3.564570031146764402e-08,-1.237014845111478360e-06,-2.497972517932961679e-06,-3.182285110937190280e-06,-2.882155250337925696e-06,-1.652394391908225501e-06,4.190463763878124035e-09,1.396668366078232308e-06,2.013083030843606597e-06,1.794812228007443141e-06,1.164116393214292840e-06,7.822392738586149103e-07,1.163264485618734452e-06,2.353341664887313099e-06,3.858054550255325424e-06,4.873324661890727127e-06,4.712364862994597727e-06,3.208842223830477314e-06,8.763455014109831066e-07,-1.279358007764408707e-06,-2.222945441349910915e-06,-1.408996096275677041e-06,8.992762717930534588e-07,3.680015388395935221e-06,5.563566525431548030e-06,5.421140033164362002e-06,2.860880316446137931e-06,-1.595687420923354350e-06,-6.732132184160060593e-06,-1.114141354538053894e-05,-1.377981603853866438e-05,-1.432364968591969661e-05,-1.318739843930514711e-05,-1.122693137959071446e-05,-9.293074982391322551e-06,-7.853281440481087885e-06,-6.844636125816823666e-06,-5.796004043512105553e-06,-4.128183375254663068e-06,-1.470953854679836138e-06,2.148645144331911052e-06,6.310778816228691293e-06,1.036594863262109491e-05,1.365936123968356293e-05,1.571563152969028554e-05,1.632866370358047780e-05,1.556098719686487686e-05,1.369336997918199148e-05,1.116338584805711971e-05,8.502815366850877821e-06,6.257278863099375900e-06,4.872067327764875909e-06,4.558628186529903211e-06,5.194828062189335741e-06,6.326644246691395205e-06,7.308734227330705135e-06,7.553867639449787024e-06,6.791402821778620493e-06,5.206614248351382577e-06,3.371783658834953267e-06,1.976146869115231310e-06,1.469363684925515254e-06,1.793559296902827446e-06,2.352920618622156705e-06,2.261708314781067894e-06,7.711615868638425418e-07,-2.325140006586579259e-06,-6.513035010136621217e-06,-1.071219689699932891e-05,-1.370894141905883464e-05,-1.467268385306637256e-05,-1.351282101790877311e-05,-1.090419260841663688e-05,-7.967615318894280063e-06,-5.759094176979716102e-06,-4.813281305686745078e-06,-4.957117170288429719e-06,-5.473522503869362622e-06,-5.521612085364432010e-06,-4.596567952313353024e-06,-2.799804094764355853e-06,-7.918128311366126966e-07,5.383909415158842165e-07,5.150866489048442219e-07,-9.899085638601012659e-07,-3.485631256138658461e-06,-6.071866207319456960e-06,-7.813586984027120553e-06,-8.095635932029254344e-06,-6.802795343402687142e-06,-4.272898647928229587e-06,-1.086313119558180236e-06,2.177528348353310817e-06,5.096769543954095590e-06,7.430626574613342168e-06,9.050239034999503230e-06,9.865136964321333428e-06,9.817168788497843262e-06,8.948753944064387624e-06,7.484127198195738973e-06,5.837488984715255237e-06,4.499709853510541849e-06,3.834566527554681126e-06,3.887326293338257116e-06,4.324748958312612123e-06,4.568845813065527579e-06,4.082987255005779045e-06,2.675002630988233574e-06,6.540368110222152635e-07,-1.261057795980835763e-06,-2.260220024845381425e-06,-1.842889224989141409e-06,-1.013220454674546303e-07,2.265587140836582997e-06,4.229792149877803046e-06,4.876929790681281002e-06,3.800809844305541958e-06,1.256469932955876409e-06,-2.000180765404968917e-06,-5.097915740245176926e-06,-7.457104877818825844e-06,-9.004870041702944195e-06,-1.008900632591008127e-05,-1.114452435301271430e-05,-1.230377153388799018e-05,-1.317826885557846410e-05,-1.295534532809540934e-05,-1.078708609158679485e-05,-6.287976854300037577e-06,1.145534677616887465e-07,7.175475247019953395e-06,1.321127278545161753e-05,1.671447394955729015e-05,1.693585317728865422e-05,1.417353785914790563e-05,9.638803134373399737e-06,4.959435319512611857e-06,1.541835324657464670e-06,6.807571441170227156e-08,3.319048180704331798e-07,1.457195033428745083e-06,2.372043855325919496e-06,2.310101269550462960e-06,1.118944780298267420e-06,-7.393124892213810043e-07,-2.463892815872519444e-06,-3.319205169624828180e-06,-2.978899601470407484e-06,-1.668945399775688697e-06,-6.926560819776007811e-08,9.630700563683008825e-07,7.241923851318246881e-07,-1.079759416192916599e-06,-4.230239559032384394e-06,-8.063844896071005927e-06,-1.167023427429902308e-05,-1.415175519916363531e-05,-1.487241741787681132e-05,-1.363544991245529602e-05,-1.074640605461794047e-05,-6.940541223804323017e-06,-3.182078121019559827e-06,-3.797294742660545019e-07,9.009203407996975822e-07,6.291018592548307180e-07,-6.778139738547908874e-07,-2.145135237458459796e-06,-2.880741595002190866e-06,-2.337509886157831178e-06,-5.464684777362678020e-07,1.889833102834084042e-06,4.056549402284339106e-06,5.137159090337794369e-06,4.797244967300442328e-06,3.363786552458063784e-06,1.706617817560682276e-06,8.621878762489069225e-07,1.561521925081089234e-06,3.875579122219531535e-06,7.144572769976213906e-06,1.023190033604197957e-05,1.199543495153694838e-05,1.176825979245305790e-05,9.635358233318070724e-06,6.385502291699605218e-06,3.165298930750309128e-06,9.959285481305244672e-07,3.706849147735393587e-07,1.107716673576239290e-06,2.510025497601429134e-06,3.742642643004294206e-06,4.241374638029666764e-06,3.961144273618113030e-06,3.354433516654731531e-06,3.100274508188036287e-06,3.720106189021190300e-06,5.266204724728186877e-06,7.231513635166119828e-06,8.726586838469456493e-06,8.848594059348319449e-06,7.082700225877027485e-06,3.562671475966413528e-06,-9.221964619579343484e-07,-5.181383597286057172e-06,-8.041056425345949202e-06,-8.764957504374208935e-06,-7.319158858967551119e-06,-4.383425564661914128e-06,-1.107688943933407033e-06,1.295061438704995242e-06,1.971412625292760674e-06,7.153225824356898440e-07,-1.978463858426184801e-06,-5.110132245620601953e-06,-7.545713729265646217e-06,-8.427631769588465915e-06,-7.476503019017317118e-06,-5.076847611012801478e-06,-2.120022559040117829e-06,3.314722704486344600e-07,1.427745526989457388e-06,8.172628870874666779e-07,-1.268970101948197595e-06,-4.154590947080895334e-06,-7.006034203129602826e-06,-9.143256427805327374e-06,-1.024400113421176054e-05,-1.036888760626031280e-05,-9.821069168600898562e-06,-8.929603538709161332e-06,-7.874026304550978031e-06,-6.636067647166417342e-06,-5.090239213483081348e-06,-3.167300868689404263e-06,-9.846606480409128019e-07,1.142693028603400221e-06,2.827979337254622100e-06,3.810860172536597656e-06,4.115311749297976411e-06,4.067836548819317453e-06,4.148330900546958415e-06,4.739135591532794853e-06,5.901867371573419805e-06,7.308668862199389782e-06,8.381089346736497899e-06,8.580965963676281239e-06,7.710223580523363745e-06,6.059487777271975703e-06,4.313027698619487217e-06,3.239416648818208518e-06,3.312087746939546981e-06,4.450424918778550925e-06,6.021640426718405042e-06,7.117504796847479407e-06,6.980002138330436030e-06,5.368379604794508698e-06,2.681759360151877515e-06,-2.305681590749964276e-07,-2.482232102595076977e-06,-3.581249751341628147e-06,-3.660725989071963171e-06,-3.387682025510587330e-06,-3.591699747828506950e-06,-4.800392592947470771e-06,-6.921295713544991299e-06,-9.240355276085683784e-06,-1.074870768051782005e-05,-1.064127613775233490e-05,-8.738766907145164932e-06,-5.617271709856463983e-06,-2.372329542913630007e-06,-1.261555750793621449e-07,4.837129061487164745e-07,-4.153702914957402101e-07,-2.018801608294163486e-06,-3.255802321534677768e-06,-3.320855190237404827e-06,-2.065242983585909528e-06,-6.026572040536262052e-08,1.692689264923516557e-06,2.257259945838915238e-06,1.218144832557725700e-06,-1.120250848681575326e-06,-3.878931643393547545e-06,-6.010176736897784581e-06,-6.759256176674572886e-06,-5.960968065023327991e-06,-4.042818079907279548e-06,-1.757195805849415877e-06,2.046794102861994703e-07,1.517890922861043512e-06,2.304941092171636122e-06,2.973991681466898140e-06,3.920852275377544403e-06,5.264191102794682550e-06,6.755232777164207424e-06,7.903596664531601889e-06,8.245012259340986181e-06,7.604808296472500430e-06,6.217795934109476327e-06,4.642907200510679462e-06,3.516500734201619714e-06,3.266964970107639679e-06,3.927533557991184141e-06,5.131294462098851211e-06,6.282952582003953915e-06,6.822001011946863863e-06,6.458477888986604834e-06,5.285865163545315173e-06,3.737809184721306459e-06,2.422274317022417985e-06,1.907899524856753866e-06,2.540186017950932803e-06,4.338129686262543289e-06,6.985552595699779410e-06,9.904368466703871834e-06,1.238600939302627513e-05,1.375615027230207877e-05,1.354578844206773910e-05,1.163341245510086240e-05,8.314237233104204339e-06,4.256555962786371157e-06,3.324081334147809704e-07,-2.643080397828159450e-06,-4.181166535744804682e-06,-4.292894475047225034e-06,-3.484433041366064287e-06,-2.558843171517473574e-06,-2.292988969467707466e-06,-3.120486144750347260e-06,-4.958006030830978989e-06,-7.254170726077433892e-06,-9.241143729784937006e-06,-1.027499960496684124e-05,-1.010851683147467857e-05,-8.971941218763953242e-06,-7.429691323815670878e-06,-6.089206640232125591e-06,-5.308565202573310082e-06,-5.046883006136508138e-06,-4.927317590679077211e-06,-4.474483557502769602e-06,-3.401066529631526546e-06,-1.796110623745761414e-06,-1.200462922502905221e-07,9.892410878864331696e-07,1.000728987589488999e-06,-2.750859989787878618e-07,-2.610600593342402029e-06,-5.469812197770750653e-06,-8.234562419190086951e-06,-1.042980541980269155e-05,-1.184268818443807151e-05,-1.249765108982144718e-05,-1.253160661410733863e-05,-1.206348546731127498e-05,-1.114414053161198079e-05,-9.812611165187743611e-06,-8.209496571179700873e-06,-6.653060475838612350e-06,-5.597323345085553769e-06,-5.458988266620017269e-06,-6.385027165976095391e-06,-8.086215899008184822e-06,-9.849471537610891890e-06,-1.076350892169760025e-05,-1.008435753955996055e-05,-7.584625429887480469e-06,-3.718532818615186786e-06,4.945875174610312747e-07,3.841919242312796282e-06,5.398150373291764433e-06,4.912469780800467355e-06,2.931665106991012112e-06,6.003102776604651583e-07,-7.826833172036195007e-07,-2.687925070939668195e-07,2.378877800305856971e-06,6.606751182991130347e-06,1.129165968692637824e-05,1.515729309506785132e-05,1.721296509964800214e-05,1.704986064467827516e-05,1.490455027899985870e-05,1.150107131291151926e-05,7.764728871644223376e-06,4.531268403045349271e-06,2.350061743142459915e-06,1.420890032490841058e-06,1.643851658445451899e-06,2.727747477090635818e-06,4.302566399255725050e-06,6.005722354793697331e-06,7.538897720576209545e-06,8.705653639021049189e-06,9.435326696899779770e-06,9.785695821341943123e-06,9.910637293981284384e-06,9.989084090495944874e-06,1.013479335125443012e-05,1.032775767080855606e-05,1.041018193607003394e-05,1.016478448749071818e-05,9.449330430462006447e-06,8.321465056242158408e-06,7.077310995672310544e-06,6.158768151644021590e-06,5.948680778608134766e-06,6.540157641938247013e-06,7.599559309607152938e-06,8.417681302863489989e-06,8.163806763202886998e-06,6.255767131594500856e-06,2.685418083514033593e-06,-1.865073200234778606e-06,-6.203395510862711308e-06,-9.060542835990916278e-06,-9.609067015662917129e-06,-7.839495704704625269e-06,-4.612350204577502276e-06,-1.337664969712420566e-06,5.982380686430239717e-07,4.154971972577181698e-07,-1.727440039105871334e-06,-4.809614986216985721e-06,-7.406082785814567696e-06,-8.327365457802944504e-06,-7.150374199619042464e-06,-4.397788670158921421e-06,-1.285066577083301431e-06,8.429933555930717711e-07,1.118000554986205996e-06,-4.899067704003227596e-07,-3.218637739013199928e-06,-5.933087124958999143e-06,-7.697445649006169876e-06,-8.209508873543330367e-06,-7.880829503498989628e-06,-7.532257120699091191e-06,-7.876220108217250150e-06,-9.070514122457063214e-06,-1.059247907925961034e-05,-1.151286613570058688e-05,-1.103166387955476055e-05,-8.987686337729971546e-06,-6.052684929692389664e-06,-3.476054031210955103e-06,-2.482196354652071203e-06,-3.617531917105997002e-06,-6.392282613707328533e-06,-9.430271561826354982e-06,-1.108789175183567975e-05,-1.025686807828367179e-05,-6.953250403699554944e-06,-2.382027217796923079e-06,1.582748720521084105e-06,3.269953391563785177e-06,2.016669666994092661e-06,-1.493510087401905734e-06,-5.538390712901022370e-06,-8.173105595205373101e-06,-8.160248779064595840e-06,-5.557210425475979090e-06,-1.668736904350142713e-06,1.613557046380530328e-06,2.756938231126380391e-06,1.347044563778722446e-06,-1.717731720786461365e-06,-4.691983335204607940e-06,-5.871904717604057856e-06,-4.457006813471353399e-06,-9.502786085446664739e-07,3.102730183712681524e-06,5.899989227475169643e-06,6.293254009609353688e-06,4.361318482620409268e-06,1.359202150046458710e-06,-9.254047573680869146e-07,-1.077637546701436559e-06,1.236319607375687699e-06,5.111458999442640070e-06,8.866313989611357841e-06,1.088110585532972499e-05,1.038306471312931902e-05,7.787278748716852829e-06,4.436248654917575199e-06,1.889845642392493328e-06,1.140293001760015170e-06,2.152316173526024646e-06,3.948985870630238676e-06,5.176960797509113106e-06,4.841411244944594684e-06,2.824973560327550043e-06,-6.929020242068011625e-08,-2.555037904374111114e-06,-3.534567286071392728e-06,-2.646610378280857015e-06,-4.083165779058911130e-07,2.108344132442894257e-06,3.879085619735163061e-06,4.480558430420762038e-06,4.300610549428242071e-06,4.299273381315875069e-06,5.452721115085200450e-06,8.176526484062662987e-06,1.203110772721357562e-05,1.586249572925435322e-05,1.830729056040008722e-05,1.840912624484614311e-05,1.604579003871942175e-05,1.196994282700293241e-05,7.462499441301354103e-06,3.782832146304036919e-06,1.682457052659209577e-06,1.195071043754359805e-06,1.763424821238578545e-06,2.597206132614102803e-06,3.060340347629349802e-06,2.901557499354868242e-06,2.248251919062996280e-06,1.415246057710314961e-06,6.655982691402467376e-07,6.111220698704921832e-08,-5.330562639367711977e-07,-1.322228418337243608e-06,-2.430368267184442097e-06,-3.816839800775656855e-06,-5.299090596427308630e-06,-6.647675342821584290e-06,-7.680562217009666602e-06,-8.297342919092726070e-06,-8.446902367927552088e-06,-8.075464237145851227e-06,-7.117812818744081572e-06,-5.560741644304540370e-06,-3.546295435970102065e-06,-1.435678015332174824e-06,2.412198421640066962e-07,9.656683772397002452e-07,4.699590987582656591e-07,-1.089079215769758945e-06,-3.137877216412530877e-06,-4.906721097916314044e-06,-5.778836423916099310e-06,-5.599387041479563818e-06,-4.775692747185240940e-06,-4.093663247336338635e-06,-4.320326441160314162e-06,-5.783217578074672713e-06,-8.146129184010385271e-06,-1.051444484275218930e-05,-1.184002581328475942e-05,-1.143733832259255424e-05,-9.353237190089489129e-06,-6.393697439644594620e-06,-3.776174218420012529e-06,-2.564663136846325553e-06,-3.159540904284434224e-06,-5.094716584439185444e-06,-7.247363558315406697e-06,-8.363182712120333524e-06,-7.644558623464746627e-06,-5.118772407618167589e-06,-1.613549549682947787e-06,1.638788108930033644e-06,3.567863647071497332e-06,3.726420925120321460e-06,2.433649841132819150e-06,5.540742477778459047e-07,-9.538687674876626807e-07,-1.481796562739353847e-06,-9.922766002214110675e-07,6.925471079425226029e-08,1.093184931312600731e-06,1.665166935028195159e-06,1.772719750377006160e-06,1.764385597812392425e-06,2.108838094662327193e-06,3.106663446908977744e-06,4.720759295050236695e-06,6.610640697262482382e-06,8.332166272349598529e-06,9.570295197964293570e-06,1.026172260515198491e-05,1.054019572110662148e-05,1.055264573438028356e-05,1.027868399682652831e-05,9.487399566362824353e-06,7.880700359985872577e-06,5.350436990449136023e-06,2.190524546389642703e-06,-8.893168630409217246e-07,-3.000588970831840273e-06,-3.471828312879160217e-06,-2.204847650447145621e-06,2.100861238423040306e-07,2.710742172813954011e-06,4.229949622460428211e-06,4.190485379768441370e-06,2.774127022486614310e-06,8.149988216735340143e-07,-6.421271234494979249e-07,-8.987924423627359115e-07,1.530670988824949361e-08,1.344781867655379036e-06,2.007971405051389080e-06,1.194233698333684806e-06,-1.154293928218129092e-06,-4.241608356885719060e-06,-6.770770206048744376e-06,-7.585290264119995215e-06,-6.272649247191046916e-06,-3.409464513525961771e-06,-3.035995712783046633e-07,1.652290468395469080e-06,1.692356287990418710e-06,8.403728853077694315e-08,-1.995220273178073992e-06,-3.067206719032439625e-06,-2.149091957057073332e-06,6.714035502860451473e-07,4.191116512304559336e-06,6.625076185323170817e-06,6.473227047096532624e-06,3.297969887124442002e-06,-1.977266221800833096e-06,-7.409394350862639311e-06,-1.086585592088044648e-05,-1.095330119326820727e-05,-7.607980008952836837e-06,-2.079623064355960283e-06,3.662229636461305361e-06,7.795176843721450454e-06,9.363587696316350565e-06,8.526848503314116783e-06,6.265668896212202752e-06,3.751492644211201306e-06,1.739090566078578061e-06,3.008599940225598095e-07,-9.876072196456291696e-07,-2.560353481982383943e-06,-4.389786862252724007e-06,-5.834946557202180026e-06,-5.926285743635764262e-06,-3.947477971124091736e-06,1.011255449798025612e-08,4.854078990796321140e-06,8.816423658380766765e-06,1.018383429139322043e-05,8.094518584266030003e-06,3.006901682083829076e-06,-3.409024547777793608e-06,-8.930483895758280842e-06,-1.169569352112288860e-05,-1.095365164363736251e-05,-7.312781621375911346e-06,-2.395367146291868507e-06,1.913653276088873991e-06,4.256318253195542904e-06,4.270852223909572846e-06,2.563222153869036402e-06,2.577996191260099019e-07,-1.602162725471304888e-06,-2.493461145117142022e-06,-2.502520766273901567e-06,-2.083692930089180744e-06,-1.678820754622195281e-06,-1.440889500925059789e-06,-1.212717688269510055e-06,-7.400131184896179206e-07,4.893595907176044510e-08,9.012806437318635030e-07,1.346989038981720104e-06,1.002887787446241330e-06,-1.152963578781208301e-07,-1.485082070910584505e-06,-2.277903855719168179e-06,-1.791803126093676181e-06,1.105736057338979770e-07,2.814651736178343811e-06,5.156858697071432949e-06,5.952490925527849102e-06,4.599484718523072926e-06,1.449087185877316725e-06,-2.263420689298736013e-06,-4.919166013375209032e-06,-5.220513574675494098e-06,-2.767583765653394290e-06,1.763983197675596338e-06,6.916706324078643469e-06,1.105975405879249882e-05,1.301378744890993533e-05,1.240953962871832514e-05,9.655371586310935601e-06,5.597733292837752704e-06,1.102830420854048575e-06,-3.207172481616414666e-06,-6.958364748648455997e-06,-9.844206850139245214e-06,-1.145480182520508293e-05,-1.129960492714139009e-05,-9.067963467078491129e-06,-4.989705134390970127e-06,-4.675855891000962196e-08,4.175346399558372519e-06,6.026551037278353005e-06,4.521235992280556077e-06,-9.438975976891586253e-08,-6.261682086294566865e-06,-1.163219938820753333e-05,-1.401429546806693243e-05,-1.233215803911593446e-05,-7.144380951383316908e-06,-4.530200052860170141e-07,5.138035915033463440e-06,7.543816985860227793e-06,6.086023223972739317e-06,1.740999605267705910e-06,-3.356546570571826564e-06,-6.907507737817697597e-06,-7.466135260214739769e-06,-5.013530253387349748e-06,-8.491768907641385765e-07,3.102526762765752336e-06,5.203542538998132788e-06,4.788398963787860410e-06,2.328092206367494660e-06,-9.450306770205223973e-07,-3.703109896620225123e-06,-5.115308399884583234e-06,-5.084840440396225235e-06,-4.069338784849233775e-06,-2.655063141689670126e-06,-1.171175897119907283e-06,4.259012252133299781e-07,2.354005281433222440e-06,4.650965612082805313e-06,6.922693981348298142e-06,8.391458626633100046e-06,8.257345916110165769e-06,6.184498865251865508e-06,2.624682234168761335e-06,-1.243390576107330659e-06,-3.979810067992461501e-06,-4.547171012524335991e-06,-2.836608439333522495e-06,2.322508787406452786e-07,3.120342327028937105e-06,4.409915357097408396e-06,3.520492734146737988e-06,1.041529230684283450e-06,-1.496415059295591495e-06,-2.316714374098929248e-06,-2.335546307858303802e-07,4.763766983403066777e-06,1.145112409919985891e-05,1.785520039871897567e-05,2.205143608007471246e-05,2.290809909442977985e-05,2.045637327411884779e-05,1.575895111980142493e-05,1.038602296096029695e-05,5.770722328338150980e-06,2.734385512097721332e-06,1.351866425258693388e-06,1.143462504728665043e-06,1.431680965747263344e-06,1.657778155027026376e-06,1.521608045599561293e-06,9.355717992722434503e-07,-1.091635759877843501e-07,-1.636617184057798778e-06,-3.668129406599163393e-06,-6.117469198611201771e-06,-8.696491661626990527e-06,-1.093108836675905903e-05,-1.231783050692785466e-05,-1.255496506468796056e-05,-1.171899240442235935e-05,-1.027180756353769574e-05,-8.869903673261613397e-06,-8.058888590497772830e-06,-8.008984080848148229e-06,-8.435941727170948452e-06,-8.758980720461702265e-06,-8.421366985770968063e-06,-7.208648233016339956e-06,-5.395085642011232112e-06,-3.635089427146101762e-06,-2.648876666657798603e-06,-2.860218320496914121e-06,-4.171456827076968173e-06,-5.992500932890265725e-06,-7.512219158531461592e-06,-8.079241828976685934e-06,-7.506412644063856493e-06,-6.153793428452631263e-06,-4.755492519216284047e-06,-4.077768386497013986e-06,-4.569322941555815950e-06,-6.157385704912813032e-06,-8.265781359022373055e-06,-1.002797613703909619e-05,-1.059108310525615730e-05,-9.388025178552948411e-06,-6.292528373873685481e-06,-1.635221961860033388e-06,3.888681276846710208e-06,9.371438183558406350e-06,1.386845213119470531e-05,1.658214344893581648e-05,1.704343335279514204e-05,1.526208327086366829e-05,1.179137544669269969e-05,7.647183982264280151e-06,4.056618806939579000e-06,2.082549033744117871e-06,2.245418670758495444e-06,4.298663324743034633e-06,7.277824076718361547e-06,9.839724777179116537e-06,1.077860053020487147e-05,9.512941090789260839e-06,6.331185343697547227e-06,2.278033148872526530e-06,-1.281310145740579938e-06,-3.235089937373481366e-06,-3.186278413307823878e-06,-1.597534527323722171e-06,4.419269912794004130e-07,1.718487775252641930e-06,1.436478701532250155e-06,-4.411937873490142827e-07,-3.198305948338590325e-06,-5.700323168294773027e-06,-6.896615472842191701e-06,-6.261761462270432300e-06,-3.988908413451931851e-06,-8.704069473891517774e-07,2.057366525580826162e-06,3.933120136172436288e-06,4.372447633971081079e-06,3.542764832453847558e-06,2.012814146409795692e-06,4.732080716885888475e-07,-5.373163090137389815e-07,-7.925889944302627029e-07,-3.887067376340719899e-07,3.634150450797592493e-07,1.088672876269015041e-06,1.471513124096184591e-06,1.318582065000280598e-06,5.678751254828325743e-07,-7.243581900361985432e-07,-2.391461281547713463e-06,-4.154493463424661975e-06,-5.629954982468182061e-06,-6.374215934838807714e-06,-5.977847031690788191e-06,-4.195113439222666344e-06,-1.067469828624919707e-06,3.010549355605721954e-06,7.322958878548953724e-06,1.097169164585369698e-05,1.309741797945608346e-05,1.312484260772444714e-05,1.096020174965785322e-05,7.073448173209544996e-06,2.422649777285590224e-06,-1.780285415715638926e-06,-4.413403543324646343e-06,-4.803540413155437111e-06,-2.982026271256372839e-06,2.675100392563946236e-07,3.617726694794415004e-06,5.623071787593363351e-06,5.232275253948766458e-06,2.203526513744765672e-06,-2.748848377411071326e-06,-8.159966827817354457e-06,-1.232084790507439689e-05,-1.390499654903882199e-05,-1.246954553771622831e-05,-8.621452206024683400e-06,-3.769528089716488026e-06,4.437364777049885994e-07,2.796145814702484833e-06,2.949132696847305987e-06,1.523907679698071976e-06,-2.367204309566824107e-07,-1.064602622178418728e-06,-2.510391473401771991e-07,2.040000243417502630e-06,4.862742706314363316e-06,6.931594645339807385e-06,7.204913180700198299e-06,5.345846119337917685e-06,1.863332742090016088e-06,-2.109588611302632560e-06,-5.279197243867629032e-06,-6.678947778716904977e-06,-5.975947277771707268e-06,-3.494859891290411675e-06,3.111168454318082606e-09,3.646293612901743913e-06,6.724120202473859810e-06,8.806771380080135301e-06,9.715935198659775567e-06,9.428994600343833284e-06,8.014929575836232792e-06,5.650675550117039191e-06,2.688219895948074458e-06,-3.121401420680455714e-07,-2.661255488205304415e-06,-3.746502344170563289e-06,-3.288812208697374073e-06,-1.521705290183690000e-06,8.224736144602707812e-07,2.749573538152278994e-06,3.381671638345332353e-06,2.312984355270194429e-06,-2.222646019591742801e-07,-3.454280399626441272e-06,-6.411185081496313987e-06,-8.328956715446715018e-06,-8.949898367880756045e-06,-8.578493533379210139e-06,-7.883007029531378219e-06,-7.552177026874165713e-06,-7.978084287996972359e-06,-9.110287522720077205e-06,-1.053040344152436178e-05,-1.168375930502183558e-05,-1.213477489024480229e-05,-1.171868051100778112e-05,-1.053468422858861598e-05,-8.819692252559752275e-06,-6.802815953601143586e-06,-4.636364890317087310e-06,-2.435515855408993921e-06,-3.777200653240008964e-07,1.234446751883679258e-06,2.025816479234012655e-06,1.721101100248956634e-06,3.542143112954123897e-07,-1.615308667737192056e-06,-3.380515781645866050e-06,-4.066853500397370540e-06,-3.106869491429894029e-06,-5.332792449051760734e-07,2.968372615433456942e-06,6.301990531020807821e-06,8.409957408037456249e-06,8.731275288815675665e-06,7.453597156448190907e-06,5.432267629934732045e-06,3.804166327286407112e-06,3.470535958985152100e-06,4.688523011120662194e-06,6.962121823459461882e-06,9.282154720630708257e-06,1.059988838484967584e-05,1.030973256917042095e-05,8.515386779605050281e-06,5.959949856275541415e-06,3.661189201453641085e-06,2.430515185859380344e-06,2.503573655984923017e-06,3.451137323482959395e-06,4.402938164683973780e-06,4.471123244501975751e-06,3.172664794242944410e-06,6.589093066414057856e-07,-2.343820222278256879e-06,-4.845009963732746203e-06,-6.006036543880334755e-06,-5.478846249498004035e-06,-3.530236559183946595e-06,-9.152674068094497543e-07,1.430397512077779407e-06,2.743525573380535043e-06,2.693370307131051546e-06,1.463419512520597343e-06,-3.519627711224807818e-07,-1.974732797328791280e-06,-2.700306430702091248e-06,-2.098775041044643415e-06,-1.104070609353364594e-07,2.970998111145242478e-06,6.600410225499089259e-06,1.012828092957363426e-05,1.295144790562622228e-05,1.463717841115585147e-05,1.499987490878500407e-05,1.411951381152473977e-05,1.230067677689649317e-05,9.982709714956066867e-06,7.623995418258524916e-06,5.592111633052646015e-06,4.091430624679822327e-06,3.148032515201099251e-06,2.651586572605708332e-06,2.432908987403126826e-06,2.343393081302312069e-06,2.304302666304075766e-06,2.309413180444306711e-06,2.386620679272939315e-06,2.542705534742402549e-06,2.721943276451955187e-06,2.800932987779445287e-06,2.623059258905249250e-06,2.055553601590613621e-06,1.040016008254295639e-06,-3.904374515661216823e-07,-2.138033833931531176e-06,-4.098814959569121639e-06,-6.221292839983473027e-06,-8.528836930269552465e-06,-1.108296623312644448e-05,-1.389341748824972114e-05,-1.681314297840813844e-05,-1.947670657118647221e-05,-2.133576219432766009e-05,-2.181151594690356680e-05,-2.053067582459568966e-05,-1.755969238839145597e-05,-1.352779657764013082e-05,-9.551001487506243331e-06,-6.937471175404759151e-06,-6.747766640385840566e-06,-9.363161319748027886e-06,-1.424178010371280288e-05,-1.999360088602505643e-05,-2.479064748699937856e-05,-2.698963643680532456e-05,-2.574016816621340443e-05,-2.133355155367125931e-05,-1.513348621863749289e-05,-9.092245293272407315e-06,-5.029110916873493463e-06,-3.955369634780700133e-06,-5.720075732779153568e-06,-9.121324286513892801e-06,-1.243177289763890549e-05,-1.411034386209058118e-05,-1.339443297151976429e-05,-1.052501722728432519e-05,-6.525196672431149520e-06,-2.653879480097751213e-06,2.023170696876366824e-07,1.918958774881046322e-06,3.138448116059878814e-06,4.908959780609990070e-06,8.146900264550078428e-06,1.318472293553292267e-05,1.961023953892994810e-05,2.645194286342298550e-05,3.259568505521675234e-05,3.721556347139281075e-05,4.001367537406224262e-05,4.117752056393001782e-05,4.111655111928301293e-05,4.014959578402705091e-05,3.832672966159472733e-05,3.548048916355230780e-05,3.146359389311703745e-05,2.642008479162075412e-05,2.091432945460935225e-05,1.581956838757453388e-05,1.200209329261938231e-05,9.955136680477396933e-06,9.573190203003881341e-06,1.019156475889947130e-05,1.088156721796192377e-05,1.085974990711478933e-05,9.810384020857967476e-06,7.965294694824169217e-06,5.910855013554210897e-06,4.232016870186275133e-06,3.184207550387278720e-06,2.563944459330891459e-06,1.839987409275052269e-06,4.675153130655279892e-07,-1.787826691358937414e-06,-4.691316680863050159e-06,-7.630464237926598789e-06,-9.906740573991584264e-06,-1.107298720865093369e-05,-1.114057179925397900e-05,-1.055277795487708088e-05,-9.946408720038746299e-06,-9.834087788293728751e-06,-1.037660300696830942e-05,-1.135988914356566170e-05,-1.237653816778947289e-05,-1.310039666147151490e-05,-1.349518441250703623e-05,-1.383888518350808160e-05,-1.455119896894160182e-05,-1.592291582889231096e-05,-1.790228077305159714e-05,-2.006355324730925679e-05,-2.178344743853382644e-05,-2.253634511281090347e-05,-2.215178717070696596e-05,-2.089482071943604973e-05,-1.932275552661809743e-05,-1.799125920718517321e-05,-1.716459406675562393e-05,-1.668502789595941431e-05,-1.607413004636484326e-05,-1.481658158491513847e-05,-1.267916587928155299e-05,-9.895224915792763119e-06,-7.110355779973517339e-06,-5.105447051944048676e-06,-4.427263594768338313e-06,-5.107010137351335935e-06,-6.608457581328986422e-06,-8.038674539542305087e-06,-8.529541557921876892e-06,-7.617290478349275179e-06,-5.447928915145865779e-06,-2.716328816476865221e-06,-3.666988502845803381e-07,8.138208892733528975e-07,5.342846184449400678e-07,-8.679495658632525662e-07,-2.550283132008167273e-06,-3.485328951970774715e-06,-2.845662065948082342e-06,-3.028827788639372252e-07,3.866402161887061663e-06,8.895436454828967309e-06,1.380777120970169927e-05,1.775216201596178898e-05,2.026868396752345660e-05,2.139451580275845472e-05,2.157921717283931058e-05,2.144872090081259867e-05,2.151202439286410532e-05,2.192670235533663697e-05,2.242009737633499103e-05,2.240612285483426199e-05,2.126029758063753680e-05,1.864551246942603116e-05,1.474764548901315294e-05,1.030299865642152051e-05,6.377190632473415622e-06,3.961361578176937616e-06,3.542586025325899943e-06,4.837476481775934249e-06,6.828234877378640140e-06,8.121189825297932084e-06,7.505786250419448262e-06,4.490096023952857093e-06,-4.217228184857654001e-07,-5.850599276527274475e-06,-1.003866034499844374e-05,-1.153181841420010513e-05,-9.769908118041836925e-06,-5.334061511408275944e-06,2.592338071772019579e-07,5.136331543623174873e-06,7.777035724215957644e-06,7.563120995246545549e-06,4.944241656266987690e-06,1.169339732553440629e-06,-2.281716272072712963e-06,-4.310409311472641689e-06,-4.595903296033439595e-06,-3.625381865441326841e-06,-2.377226404655695342e-06,-1.824920291577622798e-06,-2.493471280310910574e-06,-4.256516941372886954e-06,-6.439296263389550465e-06,-8.152413099945478769e-06,-8.688326444870718632e-06,-7.803634143306364192e-06,-5.780156227122430860e-06,-3.265921264875208218e-06,-9.903141400777005701e-07,5.134085523955047015e-07,1.069214680249750377e-06,8.600859623605351643e-07,2.989700355188144078e-07,-1.580363462284826485e-07,-1.784867246547031913e-07
-1.380420558638877081e-05,-1.304285036581531531e-05,-1.086778981612053010e-05,-7.739453449126852699e-06,-4.509137190329191911e-06,-2.093420080683900053e-06,-1.103012855707793021e-06,-1.594823885025770866e-06,-3.065089135451708871e-06,-4.690262787237412765e-06,-5.704645481874211380e-06,-5.738155187472580576e-06,-4.957620750325657771e-06,-3.950889144560120179e-06,-3.416890004151022594e-06,-3.814931248806158052e-06,-5.139327640143972273e-06,-6.917475477460929209e-06,-8.417945245021480781e-06,-8.957573560193523546e-06,-8.160222082269500134e-06,-6.058107893075172700e-06,-3.013749539499175434e-06,4.720085318913458143e-07,3.957120526550163896e-06,7.169583335054030686e-06,1.000331955154143774e-05,1.243558881867977516e-05,1.443687938972751436e-05,1.593147573047995990e-05,1.682167874021941095e-05,1.704315424082771018e-05,1.660218584158814901e-05,1.556586813319589906e-05,1.401670245808088255e-05,1.201375692334815911e-05,9.600580858129195236e-06,6.864980974738809387e-06,4.010721530928449279e-06,1.378503644227357089e-06,-6.266037289304924103e-07,-1.688463137677110532e-06,-1.741576145050739762e-06,-1.044637038225204479e-06,-1.022280171663371565e-07,5.505115852451895187e-07,6.026774553255685749e-07,1.268656024686609522e-07,-4.558326041586396847e-07,-6.060245806047743382e-07,1.748313982371900372e-08,1.323754593397082127e-06,2.778155515372446766e-06,3.642634560097267413e-06,3.360352114552807354e-06,1.887567830642040092e-06,-2.130063353963108533e-07,-1.989515752077508742e-06,-2.539870147879946790e-06,-1.458906676289226803e-06,9.375020840703354585e-07,3.738787631793473167e-06,5.867453743996334958e-06,6.600915321309959608e-06,5.924329028416461562e-06,4.531064885433176999e-06,3.464508292106335288e-06,3.578582513609141537e-06,5.088756555144012903e-06,7.440079597249766010e-06,9.556793355389841258e-06,1.034381734227601626e-05,9.185411907934912896e-06,6.195110860442363163e-06,2.106718916097039158e-06,-2.115375946682686419e-06,-5.728214049024807997e-06,-8.487708917027791272e-06,-1.062373723436492191e-05,-1.255828813564378692e-05,-1.455205435053120547e-05,-1.649461329388596709e-05,-1.795889668101637425e-05,-1.847827554862331841e-05,-1.786885822566843489e-05,-1.638971578169334171e-05,-1.462830532133701103e-05,-1.316402261718581856e-05,-1.220372946924123901e-05,-1.141502013336283509e-05,-1.008197527563686161e-05,-7.526198232756433860e-06,-3.573949119805285001e-06,1.197525106301631383e-06,5.600757469519025795e-06,8.331022921336412660e-06,8.580964006414058256e-06,6.464208943229899799e-06,3.016929085506830018e-06,-2.452552231017373355e-07,-2.009048710066093173e-06,-1.750022147141947213e-06,6.731560115129505363e-08,2.273165009204085938e-06,3.611504734105758926e-06,3.377159080583663132e-06,1.749111705949795105e-06,-3.396132951869862783e-07,-1.712817655049548593e-06,-1.565342888256551887e-06,1.422534730455504857e-07,2.706317478819155730e-06,5.091469819334848405e-06,6.496886850477004857e-06,6.768272443612939455e-06,6.438314927566890654e-06,6.384810662396443794e-06,7.302860663420991598e-06,9.283813724288557203e-06,1.172931755216089625e-05,1.364233036084299836e-05,1.413222413054819300e-05,1.285994077499431101e-05,1.018988036554447392e-05,6.981675737980713355e-06,4.152474812325053292e-06,2.258872842167174277e-06,1.323300030972455022e-06,9.795791515796928103e-07,8.241868975456449569e-07,7.418523189379133158e-07,9.942684197605255296e-07,2.007538766626994605e-06,3.983037100631152339e-06,6.577288315508820075e-06,8.875576167489265537e-06,9.726956536152478732e-06,8.299199759669771570e-06,4.568061979127687440e-06,-5.382364760545931354e-07,-5.456187765045040912e-06,-8.645414677650739032e-06,-9.280730043829968370e-06,-7.635724979261172962e-06,-4.957919066205916166e-06,-2.884982493562900225e-06,-2.680913129825224930e-06,-4.661525955377633960e-06,-8.082816960961438765e-06,-1.153300598979294901e-05,-1.361950317012366603e-05,-1.360350013152634714e-05,-1.167594255384458754e-05,-8.763525675802119976e-06,-5.996949654610211050e-06,-4.138134713210893689e-06,-3.265559009868739839e-06,-2.862121974000497178e-06,-2.225750202192160780e-06,-9.515050504073425039e-07,7.942599137843598365e-07,2.360970474014136315e-06,3.007393116177870790e-06,2.372587925494867229e-06,7.498107170774609735e-07,-1.003466175863791090e-06,-1.885213846634584385e-06,-1.279492482293657252e-06,6.879845632866317463e-07,3.168566121615954168e-06,4.987587648072019387e-06,5.223511059201319015e-06,3.674683740849375034e-06,9.738441648945551031e-07,-1.710348027057790307e-06,-3.235587603634702133e-06,-3.030766750438912293e-06,-1.354564897938744331e-06,8.531118243543986312e-07,2.442563086462039797e-06,2.607316719990922444e-06,1.246317698948924307e-06,-1.031295927280792612e-06,-3.241271910118910461e-06,-4.515014455044926200e-06,-4.495476302901200066e-06,-3.449585493976018460e-06,-2.061156822254478477e-06,-1.030048989715528145e-06,-6.930682537776568334e-07,-8.592561095480272463e-07,-9.347762725357591780e-07,-2.644153609613371165e-07,1.487583230067344096e-06,4.107096636883856967e-06,6.860712838862125804e-06,8.771389054504515580e-06,9.012151853547053292e-06,7.244905368658716209e-06,3.765219668344204705e-06,-5.957351885522494153e-07,-4.759559407194537161e-06,-7.758161574251368304e-06,-9.026740048330103051e-06,-8.538043576435423986e-06,-6.751544154358782343e-06,-4.417398684307859353e-06,-2.317174362782350530e-06,-1.032202136911178922e-06,-8.095294222462096521e-07,-1.555636517321005784e-06,-2.942773491849843923e-06,-4.575144745890589537e-06,-6.143655905770030630e-06,-7.505961638736932825e-06,-8.662821128076985845e-06,-9.651218857390705941e-06,-1.041863828520852547e-05,-1.075839907542685835e-05,-1.035987773244087961e-05,-8.966375111105490605e-06,-6.565203099540199250e-06,-3.497209408504691012e-06,-3.946786865634772687e-07,2.062851276517896321e-06,3.480382516985512096e-06,3.998902833721724118e-06,4.305411783401206016e-06,5.340249998282087830e-06,7.795447746378523059e-06,1.163235582315810309e-05,1.588317109726335472e-05,1.890196003248765074e-05,1.902656204300465332e-05,1.539444503965455821e-05,8.534998346069361149e-06,4.137551653040713329e-07,-6.173757609638556054e-06,-8.661060224444308266e-06,-5.788656783861860032e-06,1.783570704891982010e-06,1.163757946856463960e-05,2.050533117492755339e-05,2.555530195145252472e-05,2.550323216046345389e-05,2.105943997324428893e-05,1.452020445195353089e-05,8.699580067220820121e-06,5.696626363226611634e-06,6.058173567736783363e-06,8.697762705134336563e-06,1.156510713220990627e-05,1.270660064593877184e-05,1.118797598913045272e-05,7.444107746798099379e-06,2.925044689876418805e-06,-7.356933038025733090e-07,-2.575683539077664311e-06,-2.737810699377619805e-06,-2.280247191433634257e-06,-2.495665844814342417e-06,-4.130301746221610349e-06,-6.936959792352357739e-06,-9.806268284992871869e-06,-1.140104528686191186e-05,-1.094119257659695634e-05,-8.699866987957303207e-06,-5.923117486565243080e-06,-4.195339293414461276e-06,-4.577244496309467333e-06,-6.978470163449872382e-06,-1.011799231365192135e-05,-1.212500069736253883e-05,-1.149539497977477572e-05,-7.920948512049794156e-06,-2.555729632351936119e-06,2.442161392738686653e-06,4.892652754359052295e-06,3.630278941287620569e-06,-9.109640461793117516e-07,-6.856049313851960702e-06,-1.172255903800467908e-05,-1.353582791800476108e-05,-1.170072844894751595e-05,-7.230164849604963324e-06,-2.244929483963574308e-06,9.947672578531238642e-07,1.058379527557093632e-06,-2.126771349080657285e-06,-7.393400178182777667e-06,-1.298344585552586523e-05,-1.737149790501478153e-05,-1.985543267336464760e-05,-2.066149360441937996e-05,-2.057821516496470120e-05,-2.037062620429515373e-05,-2.031402207191230016e-05,-2.009003513864017915e-05,-1.906925776563607908e-05,-1.678721314899600213e-05,-1.332035027914002824e-05,-9.334864583537415446e-06,-5.771868045123134639e-06,-3.340752325115372257e-06,-2.104846526545229764e-06,-1.399714131347485560e-06,-1.488843058180406965e-07,2.571572171218465922e-06,7.006315674317666205e-06,1.250850619880117078e-05,1.776513034160113273e-05,2.136436234275434630e-05,2.243688069183343871e-05,2.106305692984349734e-05,1.824930980340844607e-05,1.548296782060440161e-05,1.407366574313923820e-05,1.458499122408750321e-05,1.661024260043483301e-05,1.897988844239211311e-05,2.028913780786058705e-05,1.949686622933977779e-05,1.633219323254505226e-05,1.135106515284293273e-05,5.654226704175414061e-06,4.266595078966085634e-07,-3.480239830151131436e-06,-5.749231361940874555e-06,-6.528628853466121388e-06,-6.175967630971833437e-06,-4.975259108417793003e-06,-2.982379406743726338e-06,-7.070930384525386246e-08,3.862884081165281604e-06,8.656793891655383943e-06,1.375196628008520334e-05,1.825823688046904355e-05,2.121297167751269854e-05,2.193072454854803587e-05,2.029369356154124730e-05,1.685027348649718802e-05,1.266441469330125158e-05,8.959504774369711350e-06,6.685655953280640640e-06,6.174816383091823005e-06,7.020217758299029285e-06,8.235562748475685601e-06,8.644711503602953113e-06,7.362702003090892987e-06,4.187324769071817467e-06,-2.554964362602083298e-07,-4.685048320373793927e-06,-7.613614082892052204e-06,-7.916498589038792626e-06,-5.314468723533265522e-06,-5.772712505535087821e-07,4.649774962277708598e-06,8.356522374439785022e-06,8.845294542886267237e-06,5.331333058403219397e-06,-1.758663883372463419e-06,-1.090798236788095968e-05,-2.001249526909417982e-05,-2.708003726643886153e-05,-3.086702566597571384e-05,-3.121991108935443307e-05,-2.900828876591986799e-05,-2.569895210564909251e-05,-2.275833277320051350e-05,-2.112759389326069698e-05,-2.096841878867269221e-05,-2.175137580983961679e-05,-2.261002135663740109e-05,-2.277831020990199709e-05,-2.191079154351980787e-05,-2.015790565013845400e-05,-1.799431952981315908e-05,-1.591555782081489188e-05,-1.417221460641206571e-05,-1.267867897753099958e-05,-1.113371846058413199e-05,-9.274914396279727594e-06,-7.116287963819245622e-06,-5.025318057814836109e-06,-3.579022642164662071e-06,-3.257389288153523913e-06,-4.126228143653069712e-06,-5.681378390833732094e-06,-6.958477832963818893e-06,-6.886781609929243805e-06,-4.741445943577666666e-06,-4.878180360443879205e-07,5.152959619483105024e-06,1.096732307394638500e-05,1.574037650243289375e-05,1.876159077614183193e-05,2.011487992602231903e-05,2.061272964379278819e-05,2.139316765503535228e-05,2.335484701057613196e-05,2.668622771892590140e-05,3.070973613382431443e-05,3.412367911891327069e-05,3.554475783140973079e-05,3.411440518953931598e-05,2.989809779367793809e-05,2.389580285452211572e-05,1.765460500071936036e-05,1.265276376653549367e-05,9.726217851175909053e-06,8.787020537888903652e-06,8.948541339104798401e-06,8.987195321198885429e-06,7.920878522689576786e-06,5.438944950184152937e-06,1.996718777542789842e-06,-1.449856218161646794e-06,-3.925151732737426833e-06,-4.891345211754343688e-06,-4.465899673952766236e-06,-3.308314548782819369e-06,-2.251061114112877417e-06,-1.873150666120933536e-06,-2.236260855096760034e-06,-2.913958925121658012e-06,-3.290576835124981646e-06,-2.965789397408859011e-06,-2.044884910911187436e-06,-1.151619560407489264e-06,-1.142271251576219423e-06,-2.655174485118939191e-06,-5.721193216257472942e-06,-9.640305825369441156e-06,-1.320574800517037984e-05,-1.518933743807530298e-05,-1.487139080908540596e-05,-1.237007984339206380e-05,-8.613198220338350562e-06,-4.958831037459740365e-06,-2.632826260127965487e-06,-2.234068327822329561e-06,-3.524976327934310713e-06,-5.591641526818473575e-06,-7.289283989433189668e-06,-7.763226702340549743e-06,-6.809952322281599143e-06,-4.925297372053534475e-06,-3.035219276617116664e-06,-2.047861796684359236e-06,-2.438513629482955553e-06,-4.051978632686752196e-06,-6.197953569942957964e-06,-7.978839083381912073e-06,-8.689566672958316142e-06,-8.108123799863292555e-06,-6.557038078344065127e-06,-4.725967881065789051e-06,-3.350584382555656621e-06,-2.896887231371427450e-06,-3.384028769843492121e-06,-4.406833077735463799e-06,-5.328908385829827328e-06,-5.549770838949822182e-06,-4.730846423933809814e-06,-2.896976219419270920e-06,-3.915695150829441059e-07,2.275382593654699419e-06,4.611788720981369191e-06,6.286124759157800936e-06,7.183559064995926812e-06,7.372437480822604871e-06,7.013180592846655959e-06,6.258228918463332676e-06,5.187191774776808925e-06,3.801328305149587294e-06,2.075285545145760642e-06,4.083836278790587959e-08,-2.136063536872351232e-06,-4.123742490962995760e-06,-5.463869850787032529e-06,-5.681846043098563095e-06,-4.440595123041987936e-06,-1.686963500637575097e-06,2.267228889544550441e-06,6.772557472349172457e-06,1.098574902097684166e-05,1.409365789637086575e-05,1.554561420669396302e-05,1.521171422378556632e-05,1.340681930710958992e-05,1.076870056766443462e-05,8.034911429389252923e-06,5.802648384133236910e-06,4.361161396261647629e-06,3.654206761561447695e-06,3.374621198435336689e-06,3.139204647272567124e-06,2.663726731400137190e-06,1.866612483909925690e-06,8.694229774966260166e-07,-8.809711475434718883e-08,-7.653295567615897317e-07,-1.012167684938780280e-06,-8.004420540017109792e-07,-1.991151149760872410e-07,6.737790555343451782e-07,1.684542549097325995e-06,2.684923661004631235e-06,3.494446749751621058e-06,3.898502513926563556e-06,3.692336441093129308e-06,2.771294509999083335e-06,1.228975683634341486e-06,-5.983739509590283971e-07,-2.192417057613233119e-06,-3.024328893210882072e-06,-2.783278519118982083e-06,-1.563438423832345898e-06,8.973356108164781896e-08,1.323073251864312355e-06,1.275257968690885904e-06,-5.800611931364049224e-07,-4.194377991776346691e-06,-8.923189156513116057e-06,-1.375040686634997688e-05,-1.767617887978463668e-05,-2.010644648254771114e-05,-2.107180094331682603e-05,-2.117066738258743859e-05,-2.125104205822886852e-05,-2.196405886207951561e-05,-2.338732908259581053e-05,-2.489464445119351658e-05,-2.534747675651214741e-05,-2.354507561047629376e-05,-1.875402198114739511e-05,-1.109619557078372611e-05,-1.625845522884542238e-06,7.949234558436753324e-06,1.580303438530481565e-05,2.058020728209178943e-05,2.181568738272105580e-05,2.003272910062520154e-05,1.649642743862821294e-05,1.273295439864060071e-05,1.000734438759572088e-05,8.953961549235933738e-06,9.478492353866196717e-06,1.093453359696634472e-05,1.247184417334407643e-05,1.339930278276311221e-05,1.342049634709882340e-05,1.267023827277779919e-05,1.157081431511405529e-05,1.059724792492158173e-05,1.006421311623590192e-05,1.001964811945924466e-05,1.027040965356498806e-05,1.050397948093677845e-05,1.043464860308706506e-05,9.905007774936621574e-06,8.907302895816706051e-06,7.533987537633273376e-06,5.899767316058368464e-06,4.084234280496243198e-06,2.124876746097560310e-06,5.764666506025115659e-08,-2.025612257759955445e-06,-3.942877239645816985e-06,-5.438242553963860358e-06,-6.249690842347629188e-06,-6.202779011161098386e-06,-5.291132422856773108e-06,-3.709432262523146544e-06,-1.823961143506975476e-06,-8.973858288223249938e-08,1.058805445463427273e-06,1.310948113993160061e-06,5.499798888131248646e-07,-1.123346503113622830e-06,-3.415539756325863275e-06,-5.905438251409108636e-06,-8.136269592496062463e-06,-9.717340501683107055e-06,-1.041421941002324689e-05,-1.020426781026614853e-05,-9.277963860148028032e-06,-7.978762829043546285e-06,-6.694167523821427389e-06,-5.731490199283258631e-06,-5.223245793801717335e-06,-5.100759924760791690e-06,-5.149310167422454414e-06,-5.122755769527313015e-06,-4.866144420137218989e-06,-4.387024165705907073e-06,-3.837151294983558572e-06,-3.409011533856830266e-06,-3.196772249682870825e-06,-3.095857554784275698e-06,-2.804057618977942067e-06,-1.941527602046709558e-06,-2.467040167050088305e-07,2.240650213520716173e-06,5.104379775787987765e-06,7.639320103611861490e-06,9.083512938805959967e-06,8.906754645437548964e-06,7.032107955837946966e-06,3.887911379282430812e-06,2.583539488622858485e-07,-3.009814642713873790e-06,-5.319939798334735812e-06,-6.521322361437887916e-06,-6.903269108016932825e-06,-6.994024677892646434e-06,-7.261255159815642662e-06,-7.856507637922326278e-06,-8.525335470348932316e-06,-8.726607981781836460e-06,-7.905399005541207717e-06,-5.790505583841084559e-06,-2.574796741913358417e-06,1.109674929605007413e-06,4.414950579114833587e-06,6.600555058120094222e-06,7.313388545920665091e-06,6.701692909182592500e-06,5.317358449551872936e-06,3.856434214399546139e-06,2.857828545307217663e-06,2.493668160266514745e-06,2.537736148200538135e-06,2.514943045680168754e-06,1.954563733513985034e-06,6.290593901250855973e-07,-1.325318670909991852e-06,-3.450554703510485745e-06,-5.141622587700261533e-06,-5.869469637068803806e-06,-5.355707242207256296e-06,-3.634473550886480198e-06,-9.940408637400743182e-07,2.155769327394231137e-06,5.418782632523668166e-06,8.490135002904097508e-06,1.115537476828446237e-05,1.323513726091775658e-05,1.452791070036949834e-05,1.480185180094487051e-05,1.385712719676448687e-05,1.163823356299949485e-05,8.342145406546846903e-06,4.459688938589529160e-06,7.093672437175397248e-07,-2.133523879517186775e-06,-3.462521312034993161e-06,-3.040071275559206920e-06,-1.092269304247143610e-06,1.748238622256418863e-06,4.642796794608937763e-06,6.826215706464429836e-06,7.865502008269357318e-06,7.799345996157989859e-06,7.099693019696909230e-06,6.462436077548602548e-06,6.501846373622849295e-06,7.466066637595434908e-06,9.089848448925644565e-06,1.065290860924847404e-05,1.123377665002041405e-05,1.006958541868786228e-05,6.884254552185723602e-06,2.052466355309334600e-06,-3.474372578439856146e-06,-8.462800328982603981e-06,-1.180758303576817398e-05,-1.290443584918747929e-05,-1.184396719963975693e-05,-9.353914724902250149e-06,-6.514200327879081551e-06,-4.356666152584466470e-06,-3.503584797175013121e-06,-3.980059206694614296e-06,-5.264308050761421549e-06,-6.546305115392733107e-06,-7.086726885540311584e-06,-6.534271932815621252e-06,-5.080667462790680094e-06,-3.397826442872669131e-06,-2.383874152504902362e-06,-2.813378111519226472e-06,-5.018993314231325363e-06,-8.718573273979573888e-06,-1.305092118133711776e-05,-1.681326315343716819e-05,-1.882692386653874776e-05,-1.831474859872069932e-05,-1.516728138473256222e-05,-1.000710571071521010e-05,-4.023596201104582298e-06,1.374595110345368350e-06,4.978679428187620968e-06,6.131281348289302152e-06,4.890854466025463337e-06,1.954332405254005481e-06,-1.627844247905642119e-06,-4.831387093922200030e-06,-6.984070609630813575e-06,-7.914949895434388632e-06,-7.882301732803773112e-06,-7.333915778553116379e-06,-6.626801113356515249e-06,-5.846503367302081476e-06,-4.810966225090521522e-06,-3.245795429890448206e-06,-1.025592867202584908e-06,1.661958069490670063e-06,4.333717640187851731e-06,6.416061343341721390e-06,7.534342208326658914e-06,7.725065132925453896e-06,7.436472388655206320e-06,7.289668647674690689e-06,7.706291916493426467e-06,8.598627717984672194e-06,9.309622286296173897e-06,8.877279998884688835e-06,6.530226802104720579e-06,2.183053336246434530e-06,-3.331665161217116088e-06,-8.454967899841540853e-06,-1.147957278482433301e-05,-1.127792479328933850e-05,-7.844312009826815386e-06,-2.374557407885183595e-06,3.192092220885324393e-06,6.991223527119438826e-06,8.050603841758358241e-06,6.725892285338012012e-06,4.536217599046086927e-06,3.454901748325007960e-06,4.968213356317680436e-06,9.332242967257717287e-06,1.537511776063114587e-05,2.094442041160641819e-05,2.380317332450144479e-05,2.257215768101478387e-05,1.729872059616627662e-05,9.409552062192776695e-06,1.090950051535872414e-06,-5.602175608051006575e-06,-9.498801295068618717e-06,-1.060336251279631976e-05,-9.838468042679564181e-06,-8.414489706708228178e-06,-7.166596478393970541e-06,-6.190443088499942220e-06,-4.936541369282386082e-06,-2.681388190747558672e-06,8.969790703760087684e-07,5.357741174286292936e-06,9.553305353760199275e-06,1.208970450246666441e-05,1.197201648123625005e-05,9.119407525473838245e-06,4.493118970542005595e-06,-2.376466647452351868e-07,-3.351831446415338975e-06,-3.767671004720958661e-06,-1.469026345491667893e-06,2.511221204710736912e-06,6.533073312458851232e-06,9.019477826510998491e-06,9.071237128982014922e-06,6.781236245992769681e-06,3.139130368707234167e-06,-4.113947287175896153e-07,-2.567848803942000488e-06,-2.676330076375268149e-06,-9.618486592231176431e-07,1.589497057737588248e-06,3.633263230911958269e-06,3.990907627669138255e-06,2.097882081309371128e-06,-1.784819868583139529e-06,-6.665610975927695761e-06,-1.118337863120229479e-05,-1.410105274035268129e-05,-1.475207530294291131e-05,-1.327675364200251130e-05,-1.056021600946160508e-05,-7.892394584735323561e-06,-6.475160434611072127e-06,-6.962716862062624348e-06,-9.212344517077015939e-06,-1.234318766071273626e-05,-1.507973229335968148e-05,-1.624246826951206182e-05,-1.518945596559100817e-05,-1.203565356438357075e-05,-7.572840042447553502e-06,-2.939613119550280494e-06,8.083653106593990679e-07,3.047405660035488168e-06,3.724543408290818174e-06,3.260581230943640079e-06,2.296959457022515391e-06,1.421726205227816880e-06,9.940082397376848678e-07,1.114689957107680110e-06,1.707350100340137718e-06,2.624758044470868691e-06,3.706080503780566777e-06,4.766249616483109248e-06,5.561846034174949325e-06,5.804199420755368167e-06,5.260397376666738039e-06,3.913289985290622790e-06,2.087123269076115139e-06,4.325422110864750303e-07,-2.777826606649384966e-07,5.127188048318449092e-07,2.823063249444166828e-06,6.006451578659950800e-06,8.922060910779047079e-06,1.037299448873797402e-05,9.632724250695320656e-06,6.813445845292870989e-06,2.881128192258580125e-06,-7.211881648268110133e-07,-2.690313094918808568e-06,-2.440650808351774530e-06,-3.671213951358706484e-07,2.341388299361086917e-06,4.259063410322185556e-06,4.390002969487124809e-06,2.626508905915357778e-06,-2.212586163894213258e-07,-2.836363659686033219e-06,-4.043764634860241971e-06,-3.378183057649393013e-06,-1.295212359767804605e-06,1.071719772624369781e-06,2.481084875713280656e-06,2.193610050343286660e-06,3.228062043067918504e-07,-2.240340256021753802e-06,-4.281264625716134902e-06,-4.862797029202798716e-06,-3.776845899619039360e-06,-1.633067775558946216e-06,4.453577683451616004e-07,1.358337926644240680e-06,5.339847971807302602e-07,-1.832201468659034448e-06,-4.898602170929599205e-06,-7.578529329036576929e-06,-9.017125875714460833e-06,-8.923774685708735736e-06,-7.627994326900571806e-06,-5.866808305747511071e-06,-4.430658490762994334e-06,-3.839244209178599631e-06,-4.177918363673599632e-06,-5.132356765274160800e-06,-6.167503105703772959e-06,-6.749609393973130969e-06,-6.519919688715377226e-06,-5.375588824095198825e-06,-3.463168716779161211e-06,-1.115667931844140961e-06,1.238605090457720645e-06,3.182294110611640403e-06,4.423130016005810316e-06,4.896251192677280777e-06,4.814834391084708346e-06,4.624290405849832978e-06,4.843095596391167401e-06,5.829561199090850655e-06,7.570101570621995068e-06,9.602927757089157622e-06,1.114812279091724088e-05,1.142061412656245039e-05,1.000044178659936280e-05,7.082065833879783019e-06,3.459757025859300698e-06,2.237142724862061973e-07,-1.711375911883632612e-06,-2.023246461693164584e-06,-1.128269851678090393e-06,3.868799630915720624e-08,5.243280238772632479e-07,-1.024454340579998543e-07,-1.449174138221194635e-06,-2.415658357963079891e-06,-1.703057373601191909e-06,1.511224218827177228e-06,7.060966520239701350e-06,1.370915126274150576e-05,1.956691635721873160e-05,2.284184073244722275e-05,2.257798046017063005e-05,1.904530156644016953e-05,1.359840873385875453e-05,8.075509948498680587e-06,4.024562714276426270e-06,2.117620151003478974e-06,2.011059397242832163e-06,2.682760072801480328e-06,3.043330423664048076e-06,2.495243744674102831e-06,1.160882894901460074e-06,-3.109846818675333508e-07,-1.222515079224410693e-06,-1.302757313702789477e-06,-9.071659486628752873e-07,-8.252450419880461110e-07,-1.803120166532255210e-06,-4.052142438432346497e-06,-7.031299758580188868e-06,-9.649010715882066523e-06,-1.080266261784975717e-05,-9.982694031785360685e-06,-7.616277031258088862e-06,-4.946058673267284076e-06,-3.474145501567709542e-06,-4.231121363305743020e-06,-7.234373067850022506e-06,-1.142100970761211615e-05,-1.511279884456641093e-05,-1.680536493094653445e-05,-1.590442683994032789e-05,-1.304553427161479281e-05,-9.827792112658965723e-06,-8.073738448237246319e-06,-8.959614941245826365e-06,-1.242864203288912022e-05,-1.716997354169062703e-05,-2.117968418727539262e-05,-2.264547310419714958e-05,-2.074529763176794782e-05,-1.599321565748541762e-05,-9.980697812320530086e-06,-4.644265757943710670e-06,-1.405980702905327078e-06,-5.822219873877863373e-07,-1.319984671572647895e-06,-2.068131264006324434e-06,-1.345347020010023950e-06,1.558692329257648809e-06,6.264125413710838996e-06,1.148775444411556395e-05,1.562239033535224364e-05,1.742416456008695318e-05,1.649448275328639011e-05,1.336085053460036655e-05,9.159611552297659996e-06,5.104521633638287625e-06,2.004312749603009530e-06,4.083341032865373745e-08,-1.127241409034027593e-06,-2.032927798144956864e-06,-3.038043324246627618e-06,-4.127147706943981683e-06,-4.945401065269098197e-06,-5.032198175768259432e-06,-4.104554563177832959e-06,-2.230664267333064113e-06,1.948224069436177711e-07,2.649731881561233593e-06,4.741305707743354719e-06,6.380263209739624490e-06,7.782646429325506716e-06,9.306008744995322037e-06,1.121346010514997300e-05,1.349172002319383357e-05,1.581387966583145489e-05,1.765738407224908227e-05,1.850858649569602979e-05,1.804920301834108033e-05,1.624274425881520290e-05,1.330255975875789739e-05,9.587886121493156220e-06,5.502694646996468314e-06,1.450455231872142860e-06,-2.156387591617709151e-06,-4.882919343704704993e-06,-6.315195924032373752e-06,-6.182868998335267612e-06,-4.517697941033379884e-06,-1.754316107212922869e-06,1.318314758853528742e-06,3.783160420069897203e-06,4.931349113073073825e-06,4.563688870247776296e-06,3.102962163375254917e-06,1.435426517216934668e-06,5.265207551549045035e-07,9.740646085423580167e-07,2.708651821948537603e-06,4.994688953476409300e-06,6.747716003665326090e-06,7.029536121341605261e-06,5.489924355314364515e-06,2.542191745911126242e-06,-8.154865622556231362e-07,-3.449978159493085485e-06,-4.598834915663575394e-06,-4.189436830576190828e-06,-2.822734293568926918e-06,-1.439360208190460870e-06,-8.416831180505414880e-07,-1.311789146582361086e-06,-2.510092202593599200e-06,-3.692590649686878795e-06,-4.123404346690469574e-06,-3.465844418759004522e-06,-1.955534769146352447e-06,-2.785934499467166279e-07,7.688844959533087289e-07,6.575407862424843465e-07,-6.512307879285166547e-07,-2.731425947967689412e-06,-4.930768081432820304e-06,-6.678528989136967458e-06,-7.700114898000980673e-06,-8.045186638054369866e-06,-7.949900937909768668e-06,-7.644335204059276244e-06,-7.232488882740741226e-06,-6.709350414249499903e-06,-6.079879446675554720e-06,-5.472443626597388591e-06,-5.141102793365517658e-06,-5.327886626330867833e-06,-6.060798634908278064e-06,-7.028014254593852812e-06,-7.646201121986558643e-06,-7.334730681049266894e-06,-5.874394895064986741e-06,-3.648874851009647127e-06,-1.596656344734841241e-06,-8.384272749776747914e-07,-2.124618269542076572e-06,-5.372083841704604281e-06,-9.551043828717699350e-06,-1.303227831622003231e-05,-1.427698848844937005e-05,-1.256211867166620247e-05,-8.385909391405517357e-06,-3.328463353024200076e-06,6.042966625762325364e-07,1.869666554729023132e-06,9.892996738706955831e-08,-3.711673001275288431e-06,-7.631957530202807471e-06,-9.658164573200747914e-06,-8.604307439744053566e-06,-4.611470931211067404e-06,9.538415876642852279e-07,6.149390940176384134e-06,9.336206381301547788e-06,9.872304639486793122e-06,8.312618103457474831e-06,6.055676010654712745e-06,4.641720207690720739e-06,5.056045396493935712e-06,7.358812222816908468e-06,1.077631842032969314e-05,1.415254363417790076e-05,1.649636274318330576e-05,1.734633099557422750e-05,1.680548418945144442e-05,1.529207503343827268e-05,1.319968393358489326e-05,1.068501010072597413e-05,7.699302467845581846e-06,4.216341084613070730e-06,4.837183119445105119e-07,-2.892222863948949278e-06,-5.116271586821646195e-06,-5.559151233484854880e-06,-4.104957084673588813e-06,-1.285375062463219628e-06,1.898886933473382650e-06,4.400112498505050847e-06,5.581907233745612777e-06,5.478115031993305487e-06,4.715864257929433445e-06,4.141817905876546894e-06,4.348308856357947108e-06,5.350230667043096616e-06,6.584139615851534518e-06,7.229711565010232076e-06,6.681691927548647758e-06,4.919403937008401779e-06,2.573703437742802682e-06,6.496329844167750436e-07,4.294428895277645743e-08,1.095656261893867299e-06,3.415021451279313680e-06,6.044613930547882122e-06,7.898214268896038587e-06,8.239317490998981087e-06,6.975098600442707209e-06,4.636075399862213239e-06,2.073949553521016563e-06,4.510993142365005282e-08,-1.110879728809957863e-06,-1.554631431206997377e-06,-1.781037882918141746e-06,-2.317818525618631606e-06,-3.455863707794797250e-06,-5.140215133822602062e-06,-7.049561561652717687e-06,-8.789400886910378420e-06,-1.007560859133954424e-05,-1.081189161610935604e-05,-1.104303485926091358e-05,-1.084470819233981498e-05,-1.024229814525960767e-05,-9.219597059137757438e-06,-7.806735784070742011e-06,-6.173216341475637290e-06,-4.638683305128039249e-06,-3.562153986454388407e-06,-3.152141650957257726e-06,-3.305027209821118433e-06,-3.583841522925587158e-06,-3.384625729162162140e-06,-2.234322415854082840e-06,-7.941225239152943664e-08,2.591256380726535974e-06,4.877561096658247105e-06,5.818999317818526541e-06,4.816656508305799406e-06,1.930971750871986148e-06,-2.091408177146177044e-06,-6.086054537068833914e-06,-8.922070524430105438e-06,-9.939674169430395752e-06,-9.186069131317422168e-06,-7.356839831172913075e-06,-5.483423681728271855e-06,-4.513840902980086810e-06,-4.965852995049140642e-06,-6.780826778725092274e-06,-9.405432190105291983e-06,-1.203050563970022527e-05,-1.386737283060861467e-05,-1.435648110721830312e-05,-1.326153229019553166e-05,-1.066499131590140770e-05,-6.913135256632505679e-06,-2.549935003452616245e-06,1.754242013734138610e-06,5.299915206394434617e-06,7.499005338249463270e-06,8.041226926334549884e-06,7.026859318768366912e-06,4.989608181649513733e-06,2.762528199033265240e-06,1.208471505959295757e-06,9.107773445636574467e-07,1.957207752026306553e-06,3.923142837367719909e-06,6.074607185729194098e-06,7.706831845190947333e-06,8.463152593434981918e-06,8.481639707994969337e-06,8.296259330482909730e-06,8.538790372411597559e-06,9.587818642492328152e-06,1.134031763289944235e-05,1.322300744999293235e-05,1.444278151353613478e-05,1.435682411975378590e-05,1.278336503119960603e-05,1.010327434363620571e-05,7.105628390318257447e-06,4.654527686910102941e-06,3.337420906878321749e-06,3.256738160704885175e-06,4.048869820630578442e-06,5.099804435138832048e-06,5.834722791485928824e-06,5.935084613917925498e-06,5.389451964045913897e-06,4.381349428856537535e-06,3.104770214740175568e-06,1.628933218847778749e-06,-1.057356883384891436e-07,-2.163901135585703095e-06,-4.449199687865078064e-06,-6.612363853578990701e-06,-8.112761558493900843e-06,-8.426177199103802916e-06,-7.303889852746951449e-06,-4.948028739130562567e-06,-1.999879194194303667e-06,6.730123328052543225e-07,2.303870536018697758e-06,2.520281957536354727e-06,1.469169520538617900e-06,-2.820506652235894785e-07,-2.016037700462192647e-06,-3.175348391640076754e-06,-3.565703009971776571e-06,-3.366030620085327292e-06,-2.958646834892965205e-06,-2.681937136084016490e-06,-2.640881622269204887e-06,-2.672509315019303719e-06,-2.475905716868672804e-06,-1.826733486486773681e-06,-7.515277468098363256e-07,4.399262451417416795e-07,1.288104001115791530e-06,1.416311802640552712e-06,7.396990523709462623e-07,-4.631897940382643438e-07,-1.661281345301794523e-06,-2.315593283930070335e-06,-2.138916789002045787e-06,-1.241519593700172808e-06,-8.866629358144340960e-08,7.118427553253803894e-07,6.903814126773120081e-07,-2.703226424729763716e-07,-1.888937059695991195e-06,-3.626094747056259082e-06,-4.940370672738422653e-06,-5.534487455239876377e-06,-5.474705221397263172e-06,-5.130757879454295383e-06,-4.971456924275225338e-06,-5.319007033816096569e-06,-6.181189003455947062e-06,-7.239236326088304804e-06,-7.992776494920705770e-06,-7.989730093864179147e-06,-7.033178751136660673e-06,-5.273528335559880700e-06,-3.151588636139571437e-06,-1.226596722178806543e-06,2.998211706415732373e-08,3.883398772196533506e-07,-9.123041836943802360e-08,-1.116401437005189601e-06,-2.284692914781822251e-06,-3.210299908742039909e-06,-3.611204610486011660e-06,-3.343333111746887577e-06,-2.397012122403901113e-06,-8.812557849597911881e-07,9.888524575563242347e-07,2.906488119863611322e-06,4.507538383760326041e-06,5.439423068481674812e-06,5.457453954371679214e-06,4.516761553421450007e-06,2.815794557664295174e-06,7.594291593639893123e-07,-1.156889074624109394e-06,-2.501833939441069430e-06,-3.038647537509553820e-06,-2.775499663969004090e-06,-1.916114947188516363e-06,-7.389445794735838088e-07,5.321050240139690227e-07,1.800013810188905751e-06,3.077215012947328617e-06,4.396422181014246089e-06,5.709463643476865646e-06,6.842565008705980412e-06,7.545512492348248286e-06,7.616714066866608145e-06,7.036522154540364660e-06,6.026495075351377060e-06,4.984372621413675409e-06,4.309872371137936626e-06,4.201485207247587461e-06,4.532666300324906560e-06,4.887358559329523892e-06,4.758932035014688962e-06,3.829303254321131435e-06,2.191771243818280309e-06,3.936480810900696272e-07,-7.470706233407584583e-07,-4.873787423965774941e-07,1.483578865225087954e-06,4.845849521105097950e-06,8.715101306522024790e-06,1.196114727220725296e-05,1.364592757604134384e-05,1.338742754448279089e-05,1.148590982181615558e-05,8.757548603911929886e-06,6.156656157447627217e-06,4.365070334005747222e-06,3.538033129457785785e-06,3.314846712098925452e-06,3.070501521487116774e-06,2.267858488946962613e-06,7.274065992854581743e-07,-1.316402074965355735e-06,-3.385135751312915764e-06,-5.044205562344056714e-06,-6.139964779089680363e-06,-6.850862581094652989e-06,-7.526300783585485508e-06,-8.411979893759176895e-06,-9.432288645632578273e-06,-1.017616233599148884e-05,-1.012154791108980184e-05,-8.992641146035467873e-06,-7.050704414406920791e-06,-5.129739787675506872e-06,-4.346049539333973873e-06,-5.581357017113575131e-06,-8.975742733954209082e-06,-1.369360781945123494e-05,-1.811937295484153024e-05,-2.044313942254889519e-05,-1.940250369159015082e-05,-1.485211856485286950e-05,-7.890258157500079164e-06,-4.617521141082871878e-07,5.406385828137210305e-06,8.408009980470986742e-06,8.446926249865669578e-06,6.597998879663685927e-06,4.564578075178810005e-06,3.883595300398810076e-06,5.239590603597314604e-06,8.191534040196386357e-06,1.142069487001704316e-05,1.336765548589245353e-05,1.295448297146878400e-05,1.006178413789351506e-05,5.556794375702412579e-06,8.828651422208257480e-07,-2.580665810325454180e-06,-4.087523170584840060e-06,-3.773517300586013422e-06,-2.499101168924038757e-06,-1.389605646729502833e-06,-1.305533922924348901e-06,-2.486389194050990119e-06,-4.509851915894027148e-06,-6.550807493536581818e-06,-7.790189915243446925e-06,-7.772409042705871399e-06,-6.557560877356287438e-06,-4.627605076282672420e-06,-2.623469390663515725e-06,-1.056386854943854234e-06,-1.268165819202771886e-07,2.868766956920579602e-07,4.972696019457489599e-07,8.231222792429805429e-07,1.447643612665402757e-06,2.375092757683033621e-06,3.479667508933005299e-06,4.594376889928876581e-06,5.578584918019409728e-06,6.330222731795738698e-06,6.751673762295203252e-06,6.710197013607529938e-06,6.036737118384572775e-06,4.581257626466333883e-06,2.304675549320386257e-06,-6.406518776044309475e-07,-3.892324080012053371e-06,-6.946716070873312966e-06,-9.300975560524980687e-06,-1.061837392105002450e-05,-1.085198040184722520e-05,-1.027314643567443298e-05,-9.384595846679390170e-06,-8.740264428382862403e-06,-8.730464811749332813e-06,-9.409197429047720505e-06,-1.043369390130378535e-05,-1.115437486521222757e-05,-1.084318155722192487e-05,-8.993498202505004001e-06,-5.584566675335886039e-06,-1.196548385937989432e-06,3.099450173866977313e-06,6.073670918148902184e-06,6.795171327106682564e-06,5.045224961748388985e-06,1.505431390674900991e-06,-2.394289624338452495e-06,-4.952996948553783571e-06,-4.842083301064959878e-06,-1.660844042957640348e-06,3.842670998352002016e-06,1.001283809671381944e-05,1.492573324390486039e-05,1.718018024109087654e-05,1.650644553758164181e-05,1.391501820389961827e-05,1.129493001499454615e-05,1.061170039978964969e-05,1.304131964632722183e-05,1.841933681342142643e-05,2.525633579709630602e-05,3.132499584169439887e-05,3.456933898009083739e-05,3.394092903588156746e-05,2.979872427819187669e-05,2.370574978665748546e-05,1.772624783203973059e-05,1.354620790821320020e-05,1.180779996170233433e-05,1.193651333843081184e-05,1.250598107657380442e-05,1.194268343466259053e-05,9.234240551246624510e-06,4.329683000026455783e-06,-1.913923865612426916e-06,-8.165096599335197218e-06,-1.319442384647591619e-05,-1.632125437140927328e-05,-1.755592422556628135e-05,-1.743222908540315220e-05,-1.667309790130834497e-05,-1.588642829746432451e-05,-1.543081924240401423e-05,-1.546661466587698786e-05,-1.609338494203469929e-05,-1.743619052580318657e-05,-1.959728638248586013e-05,-2.249898117815532232e-05,-2.573670232690489438e-05,-2.857818093655118945e-05,-3.016997359388225364e-05,-2.988661524404119047e-05,-2.765415559976246501e-05,-2.406369338502463567e-05,-2.018002476332180821e-05,-1.710423451136863467e-05,-1.548623066632844224e-05,-1.522695769406521320e-05,-1.553001331821476160e-05,-1.529370153340158864e-05,-1.366145854702512560e-05,-1.046133401128376867e-05,-6.312270559364153161e-06,-2.336259787535824895e-06,3.886250874236507006e-07,1.367806343463589694e-06,9.561300518302878461e-07,2.166996537223843332e-07,4.381311415213263090e-07,2.541269909059109908e-06,6.656622911376743027e-06,1.206583753617860490e-05,1.752127356064883494e-05,2.177825731151856222e-05,2.408332998959375541e-05,2.439969745208772297e-05,2.329279909509567300e-05,2.156827931612754682e-05,1.986560796193059231e-05,1.841146116127884226e-05,1.703503746704684179e-05,1.540211755706594865e-05,1.331383866262560770e-05,1.089498357130328744e-05,8.570022290808785461e-06,6.848252675262448604e-06,6.043795875065534112e-06,6.087459091225598432e-06,6.533019651744235535e-06,6.753909949726079421e-06,6.226908890738927298e-06,4.759327416610883376e-06,2.552853569026132418e-06,8.646489541717951901e-08,-2.107860579795165321e-06,-3.657548790185283676e-06,-4.451467824640907298e-06,-4.602765754672214953e-06,-4.320317613319833923e-06,-3.777831676364446711e-06,-3.056168610032228667e-06,-2.179097501568125497e-06,-1.201275775594826075e-06,-2.764663539430138956e-07,3.495411457304775770e-07,4.254720952223261246e-07,-1.887311954908805973e-07,-1.446676628419069529e-06,-3.130695036616437268e-06,-4.952219205405752385e-06,-6.679448013797698729e-06,-8.215654164620967611e-06,-9.579586835206221540e-06,-1.079925678762478859e-05,-1.178713668778841485e-05,-1.228374451392818699e-05,-1.192350554478620503e-05,-1.040727469266930888e-05,-7.697795316909995201e-06,-4.127351480953292210e-06,-3.401099403243927476e-07,2.928033412287568781e-06,5.141921476497616010e-06,6.193837191386827892e-06,6.446276120271425988e-06,6.554702857858122929e-06,7.140292936685516316e-06,8.460629604126084419e-06,1.023614180770596878e-05,1.172425249940943400e-05,1.202114725364780844e-05,1.046505631579203680e-05,6.964891283869059875e-06,2.107579772713421385e-06,-3.007213897203887707e-06,-7.139050524114631153e-06,-9.333244561761955293e-06,-9.231914934120089616e-06,-7.154820676132060613e-06,-3.935783061491675457e-06,-5.997538336765490259e-07,1.979327856604640157e-06,3.309029500760583776e-06,3.330077262839342304e-06,2.306638083759564349e-06,6.384599085664650871e-07,-1.302891563619328092e-06,-3.243211059187797070e-06,-4.972345734757681886e-06,-6.260812606477769398e-06,-6.806573557609734848e-06,-6.274155360816160142e-06,-4.433625238383505669e-06,-1.342858621308886680e-06,2.524335553896499909e-06,6.296393141830190519e-06,8.906865338497356205e-06,9.438455047042564695e-06,7.489908394263123820e-06,3.415231079381457171e-06,-1.685135250566924805e-06,-6.254906531457118383e-06,-8.776318349810954963e-06,-8.298854154639012450e-06,-4.802817501685871221e-06,7.523637036942404137e-07,6.730622869761540467e-06,1.137165873946639015e-05,1.338994500370356864e-05,1.239325821263121999e-05,8.961975701518165385e-06,4.365341220311899101e-06,3.721070673536375025e-08,-2.970467249542966194e-06,-4.334522333548508233e-06,-4.476327018838387485e-06,-4.260264649233348772e-06,-4.524994956132727311e-06,-5.664987840214588928e-06,-7.449288048108132897e-06,-9.151247510839998674e-06,-9.919346361426692829e-06,-9.210617157162866479e-06,-7.083050221832262970e-06,-4.211285843410808671e-06,-1.617954327911822529e-06,-2.417751599334154323e-07,-5.349233240732274432e-07,-2.265973970844053306e-06,-4.611231782275436782e-06,-6.490865790829033254e-06,-7.003876913926199590e-06,-5.780666142242692497e-06,-3.114917030280137693e-06,1.659425981253370964e-07,3.025405023414715360e-06,4.599962577890742483e-06,4.490740437384042290e-06,2.865398262902154004e-06,3.521906972120383066e-07,-2.213791992687956824e-06,-4.086266421407186746e-06,-4.837807658607446411e-06,-4.453262072642773334e-06,-3.271073224075120569e-06,-1.810182131697887096e-06,-5.542469443442445214e-07,2.276404409635322973e-07,5.627570725392130855e-07,7.345545495321279158e-07,1.139470156297355160e-06,2.097268068388193101e-06,3.690462509554102189e-06,5.700463617676334994e-06,7.672957530342520589e-06,9.093136650465371746e-06,9.602331697202328694e-06,9.163323484036292038e-06,8.096422632729504624e-06,6.960352792543420078e-06,6.320930580402066511e-06,6.505413257956676836e-06,7.453329623817785594e-06,8.735611977156987804e-06,9.737916661281953293e-06,9.926060941037072313e-06,9.070169862439340046e-06,7.322142243227255323e-06,5.112189351776757126e-06,2.920527936193399583e-06,1.044115656635822450e-06,-5.185814592274042860e-07,-2.003399748646437855e-06,-3.671836254865905423e-06,-5.574247907424824465e-06,-7.423248482830327586e-06,-8.663597309371446633e-06,-8.722540531051112178e-06,-7.323771953147376412e-06,-4.702588823957465175e-06,-1.596703026903186853e-06,1.008072960085755406e-06,2.275974899241826213e-06,1.884150564842487055e-06,1.786107519939489661e-07,-1.956608545048454531e-06,-3.464478387670566850e-06,-3.552904222690640351e-06,-2.012237547023996358e-06,7.215798128767320794e-07,3.772109216241916668e-06,6.188633910912853235e-06,7.302706977839716047e-06,6.925146865803935116e-06,5.322933179847743261e-06,3.023833309357709404e-06,5.685376947814518253e-07,-1.666860763874462150e-06,-3.514892001351428573e-06,-4.947549644922931911e-06,-5.972973575191509696e-06,-6.580284019620754097e-06,-6.766156120704505016e-06,-6.609935042896160728e-06,-6.322727712115117902e-06,-6.206973469585241570e-06,-6.520873504914225665e-06,-7.311572918442638905e-06,-8.317987837429170896e-06,-9.021851686362079736e-06,-8.851337118762115812e-06,-7.454531643251269001e-06,-4.909639649155259987e-06,-1.757002892779655055e-06,1.179954573020353560e-06,3.112646733039386261e-06,3.599139057661623888e-06,2.704478924552676606e-06,9.381971369911218911e-07,-9.918959068609058182e-07,-2.481718792007184827e-06,-3.240578032597896290e-06,-3.318375295646314222e-06,-2.963680767996086926e-06,-2.417016916713314671e-06,-1.771668323967970922e-06,-9.841107319701600856e-07,-1.710244525990668596e-08,9.914012729857482561e-07,1.666836116885441241e-06,1.521243204750727800e-06,2.274119098459976737e-07,-2.093648586679688052e-06,-4.744778946181327250e-06,-6.596770275529106702e-06,-6.485714015155730527e-06,-3.708414077927468114e-06,1.607899371527907183e-06,8.445044618697028811e-06,1.519132385333242544e-05,2.018089959832189095e-05,2.224632461037849757e-05,2.105200380548957184e-05,1.708443064220061493e-05,1.133977708798355670e-05,4.887112643015551939e-06,-1.472877452093880327e-06,-7.306630897051224542e-06,-1.240222301195216092e-05,-1.651616599716958505e-05,-1.920500183300767000e-05,-1.987787303630651994e-05,-1.806876146557101454e-05,-1.378456761506130069e-05,-7.718174799072028105e-06,-1.165452189035873960e-06,4.369311699322268100e-06,7.727711019065219830e-06,8.559074622724039934e-06,7.461336190234457262e-06,5.714331929796486851e-06,4.711909127213540726e-06,5.347613955596885655e-06,7.636905706134784798e-06,1.075004463478115359e-05,1.343541911624844708e-05,1.462757637051284793e-05,1.394822340838938435e-05,1.186371556770515138e-05,9.431355979454665800e-06,7.766110299598144435e-06,7.491968483248679273e-06,8.444762884394149479e-06,9.766618967956648003e-06,1.033993727575498132e-05,9.345062030395464664e-06,6.669066563342795254e-06,2.968609249371975611e-06,-6.412537357256650878e-07,-3.120655330748171914e-06,-4.004347500251633872e-06,-3.628343598919145123e-06,-2.974796085344923220e-06,-3.204564613587546999e-06,-5.090609077659349730e-06,-8.609587977090276371e-06,-1.287684368972008355e-05,-1.645744258679161611e-05,-1.792336775462845770e-05,-1.642546358225925978e-05,-1.204882647477487914e-05,-5.816268539002373409e-06,6.499028816693600422e-07,5.665778880696700344e-06,8.015877138745412350e-06,7.288687952453246175e-06,3.921324698841338834e-06,-1.026991879461373711e-06,-6.259340233886195604e-06,-1.063227075261736381e-05,-1.342658761584822386e-05,-1.443681731183721605e-05,-1.389364060492510288e-05,-1.228669708554152589e-05,-1.017015335760352511e-05,-8.013417448603912455e-06,-6.121950460796473839e-06,-4.619643697679365532e-06,-3.469075961450674784e-06,-2.510610098692920111e-06,-1.515592480987901280e-06,-2.584096859356907920e-07,1.392835680424938506e-06,3.385476450916010590e-06,5.429143034132251777e-06,7.022816306023751211e-06,7.583925868999002261e-06,6.658510807825227560e-06,4.143904317160353216e-06,4.281048070122828734e-07,-3.637007740176361777e-06,-6.954974271484853368e-06,-8.541607145386524499e-06,-7.892976399700927500e-06,-5.212530843293628879e-06,-1.384991111145543682e-06,2.319662777200901361e-06,4.714132614649473775e-06,5.152545726583598361e-06,3.788386144559667007e-06,1.513448212424800114e-06,-4.096422409260371198e-07,-8.759842900759859863e-07,5.924459232404192595e-07,3.638293285903040521e-06,7.213481039425300313e-06,1.001739716122595555e-05,1.104090361580798019e-05,9.982512488193115164e-06,7.360624441912868080e-06,4.280856564194439321e-06,1.968576618648251020e-06,1.275141134701084518e-06,2.368469744214213577e-06,4.726329653562864255e-06,7.409813564868222589e-06,9.472166705851598826e-06,1.031050150622203271e-05,9.813507830420036825e-06,8.269967950623972338e-06,6.122632292545237096e-06,3.720092474133232124e-06,1.203954519982584595e-06,-1.418768965119013260e-06,-4.079684523394171821e-06,-6.467181334646960317e-06,-7.996028830528001321e-06,-7.987188608170622632e-06,-5.998913756245203115e-06,-2.153546175020901920e-06,2.719459409918389121e-06,7.237501921039765904e-06,9.899017526390491349e-06,9.645930112563928503e-06,6.325740692378451005e-06,8.455895923331115279e-07,-5.074744462701714722e-06,-9.481769817676479151e-06,-1.088869458265199394e-05,-8.827486070772162276e-06,-4.032475816903362628e-06,1.823965549757024785e-06,6.747813686993917666e-06,9.156666983707983294e-06,8.447827627547797578e-06,5.183688526626971363e-06,8.274341363358575235e-07,-2.861343927485041799e-06,-4.528949899210014001e-06,-3.749628854967475015e-06,-1.163823522186221218e-06,1.815585923654540794e-06,3.603677200333901441e-06,3.103140324238661846e-06,1.548066043434546653e-07,-4.400858641499903469e-06,-9.069672422006038368e-06,-1.230774092139905206e-05,-1.313029115994504578e-05,-1.147526800393887348e-05,-8.180013982756001187e-06,-4.595776646921201156e-06,-2.017001187645910996e-06,-1.174493562308728773e-06,-2.003369109035337602e-06,-3.767355705707172420e-06,-5.460349087826200091e-06,-6.287294673409339237e-06,-6.002240732340754420e-06,-4.959776516082096420e-06,-3.877092691936082757e-06,-3.439266952897867861e-06,-3.946440401995510562e-06,-5.169779187212271568e-06,-6.473064809665398216e-06,-7.125266679714518170e-06,-6.641645514885817531e-06,-4.987718996774850912e-06,-2.558877140899588644e-06,3.513149933494410012e-08,2.257986253756828410e-06,3.859256488342722416e-06,4.916327114539967984e-06,5.707739585325939468e-06,6.507672617020671471e-06,7.423403936657770031e-06,8.360287168317155669e-06,9.117033222849334906e-06,9.536551788036584532e-06,9.608774679277305418e-06,9.457086960957155461e-06,9.217137303297412456e-06,8.889323142249391113e-06,8.270004094902225024e-06,7.025393473472694403e-06,4.887898418889474605e-06,1.875348657014922040e-06,-1.593825781830117190e-06,-4.772675881901656540e-06,-6.834100042566606885e-06,-7.189947963336964106e-06,-5.732469326263012699e-06,-2.883608563450972676e-06,5.684160101138833505e-07,3.761729039958780214e-06,6.040694292762520738e-06,7.099189190152704480e-06,6.946055682468358652e-06,5.751098042153553705e-06,3.689484166391313497e-06,8.882574936436370425e-07,-2.499562983586703556e-06,-6.162259078075147342e-06,-9.558736705965543141e-06,-1.200416202695677145e-05,-1.291215690496181456e-05,-1.208497380523345845e-05,-9.885938751247375274e-06,-7.164754388948592753e-06,-4.926311378985611919e-06,-3.877544850489855666e-06,-4.074577469839881691e-06,-4.867671104136863794e-06,-5.205681381954685850e-06,-4.177768689781279761e-06,-1.532997912234118238e-06,2.094317733874210275e-06,5.397136593864583082e-06,6.976578578981615733e-06,6.028959430044422437e-06,2.804976545057553111e-06,-1.400322633523191291e-06,-4.750093214941570935e-06,-5.645145768826146349e-06,-3.423731786895306030e-06,1.345085142433080047e-06,7.112029153263334103e-06,1.202255607393665930e-05,1.469755813027295558e-05,1.475818474495745400e-05,1.286578989383368222e-05,1.028850021141562199e-05,8.233317438126885066e-06,7.284572882071191623e-06,7.218576917335855158e-06,7.261090154604282934e-06,6.625228312504934027e-06,5.029476525298778328e-06,2.916238263528526237e-06,1.255750267884430108e-06,1.040198757671709252e-06,2.734175628563596783e-06,5.968823841657205146e-06,9.640488496752164463e-06,1.236847261598817205e-05,1.308746012902947098e-05,1.148824399378768071e-05,8.103175979405035891e-06,4.013485712953341972e-06,3.396869473279955980e-07,-2.228724500138712954e-06,-3.645375079777621759e-06,-4.385672857885458918e-06,-5.088165198450190399e-06,-6.165320543222722818e-06,-7.587734317850283092e-06,-8.938450862083364878e-06,-9.684442760064914993e-06,-9.500925931783468312e-06,-8.467150260612184165e-06,-7.032993237743076776e-06,-5.785752254220296714e-06,-5.153920841449326848e-06,-5.212907605146786626e-06,-5.694889749111236045e-06,-6.188714707715700299e-06,-6.410698048287842122e-06,-6.389878982774397967e-06,-6.460385006594306312e-06,-7.060980102235325083e-06,-8.449155472413216316e-06,-1.048703038186603922e-05,-1.262283254545974437e-05,-1.409272941729379599e-05,-1.425468453421873026e-05,-1.289642975873344715e-05,-1.036798457868651708e-05,-7.470167613463912539e-06,-5.143513823050873463e-06,-4.092342169248347257e-06,-4.505147712864299433e-06,-5.986033090047160591e-06,-7.717819968590057176e-06,-8.780752076417256975e-06,-8.493403355176510933e-06,-6.644886925954341442e-06,-3.541795399297198930e-06,1.293480868719139798e-07,3.556895124011150641e-06,6.076840540882272150e-06,7.371837073891262040e-06,7.540985769708791063e-06,7.031462940092286956e-06,6.463619997546225131e-06,6.407033962688330291e-06,7.174380130333112647e-06,8.694477813323900554e-06,1.050689234394178291e-05,1.188936125132204466e-05,1.208996758630974409e-05,1.059768352724841978e-05,7.361618417755623859e-06,2.874392255832859465e-06,-1.926465151852838515e-06,-5.922306146543761363e-06,-8.160594678875322810e-06,-8.164234463346678602e-06,-6.087548643552470577e-06,-2.656768603588676729e-06,1.085647593498722611e-06,4.137229647348457112e-06,5.858189255371351705e-06,6.142998838254629655e-06,5.387433783493212587e-06,4.281195863781208861e-06,3.522626975573522697e-06,3.573510275272858396e-06,4.542114469026738254e-06,6.218540828082379171e-06,8.219581198002875490e-06,1.016102613192545700e-05,1.177858094273748012e-05,1.295770927387128404e-05,1.368463702055919109e-05,1.396827328837412454e-05,1.378867216177736272e-05,1.310241090529255350e-05,1.189560558168364950e-05,1.024426806769240349e-05,8.336178892587071756e-06,6.430472316415047461e-06,4.767606267319405819e-06,3.472709907229000710e-06,2.502663625016852844e-06,1.667558224223917819e-06,7.208297317965455553e-07,-5.215557564133244737e-07,-2.086563366195844128e-06,-3.815440064632043695e-06,-5.410459373501568890e-06,-6.532411291411602855e-06,-6.904890870931478609e-06,-6.385527803540622434e-06,-4.987382420043671390e-06,-2.861409854739610321e-06,-2.670450035207606513e-07,2.446148886991789878e-06,4.843612048113982011e-06,6.419068496639084820e-06,6.647151121027674794e-06,5.093343636839484514e-06,1.566711013694110254e-06,-3.734901664491294906e-06,-1.015615260868752170e-05,-1.664822709479188553e-05,-2.197822889021183647e-05,-2.503821294289100156e-05,-2.516039528077153049e-05,-2.233071418904732970e-05,-1.722105067746425270e-05,-1.102159211246228161e-05,-5.124768335166123125e-06,-7.625885375037742631e-07,1.289609854566701535e-06,8.605043863759536524e-07,-1.644173126577994950e-06,-5.409592081890423289e-06,-9.450138939419347654e-06,-1.284237869806378463e-05,-1.489930794671913059e-05,-1.526622024484535392e-05,-1.394556498180382989e-05,-1.126833560252970851e-05,-7.824490932622662324e-06,-4.355671091733891288e-06,-1.612295644727441721e-06,-1.892181731404902739e-07,-3.737089962501275987e-07,-2.053015503291776264e-06,-4.722949825782832856e-06,-7.610060031061009830e-06,-9.877543981696815955e-06,-1.084858019649526052e-05,-1.016960836927784055e-05,-7.858806134516902337e-06,-4.233263800992341195e-06,2.401091785927047735e-07,5.095529151932995077e-06,9.954717866867976650e-06,1.452394569646787192e-05,1.853048002593204259e-05,2.166349849735149340e-05,2.358268827031914801e-05,2.401680451160176537e-05,2.291521536710664224e-05,2.057051223507122133e-05,1.762694937079518087e-05,1.493454333960467532e-05,1.328302417784557908e-05,1.311684320673187941e-05,1.435610552996386983e-05,1.641227963622405271e-05,1.840503738326354556e-05,1.949531802015729579e-05,1.919397991392018677e-05,1.751387350584622410e-05,1.490378986670258144e-05,1.200276308352479589e-05,9.334786128881271338e-06,7.087800783126476539e-06,5.075713979922561553e-06,2.890956883658526946e-06,1.630451108582501687e-07,-3.209226459398288515e-06,-6.965687424186418591e-06,-1.057286616171342831e-05,-1.344227859161771570e-05,-1.516822485291952524e-05,-1.567207211743373743e-05,-1.519429558327569749e-05,-1.415554930136856378e-05,-1.297082773948078978e-05,-1.191442824640006720e-05,-1.109364955480631178e-05,-1.052082653332247109e-05,-1.021614975196231080e-05,-1.026017594416974415e-05,-1.075210940555505652e-05,-1.169565339945579493e-05,-1.288935979632933155e-05,-1.390879891075814382e-05,-1.422399956947079798e-05,-1.341895066049028462e-05,-1.141231954201951134e-05,-8.559689938143462076e-06,-5.563067338677645882e-06,-3.204486442418597469e-06,-2.012588710690837878e-06,-2.015743325050013021e-06,-2.706119604223413179e-06,-3.246154824908690133e-06,-2.835128341243353804e-06,-1.074278863175839924e-06,1.836016260550080545e-06,5.159786753379375723e-06,7.924268046867543014e-06,9.321554277611821093e-06,9.035528907851540933e-06,7.353505271790128578e-06,5.022196778251685594e-06,2.922562408212858307e-06,1.713993302687848005e-06,1.602116391370583413e-06,2.318632918656354291e-06,3.301050015089885956e-06,3.973740722617348824e-06,3.997920846936642151e-06,3.387300422901487212e-06,2.458157260661127000e-06,1.659129688110906723e-06,1.371170198265122364e-06,1.765447595435571480e-06,2.765440209846124805e-06,4.105541191619397860e-06,5.440461067836623077e-06,6.452684412619006448e-06,6.925138492111115754e-06,6.774987700407691563e-06,6.062509963686688565e-06,4.987322035557825489e-06,3.868910466987383748e-06,3.095528391520270948e-06,3.029560113290011181e-06,3.880960403884773583e-06,5.590906210449037990e-06,7.784625336095014626e-06,9.839124635549338196e-06,1.106750310694285647e-05,1.096459304355444181e-05,9.417569557849208813e-06,6.784602831750238274e-06,3.791094143666328251e-06,1.269331092628693042e-06,-1.606117477377282866e-07,-3.380954504646098028e-07,3.689125622093540550e-07,1.205781145518863650e-06,1.327676685834812836e-06,1.284177197538377687e-07,-2.532044206115599792e-06,-6.288449920000704347e-06,-1.042355704314306107e-05,-1.413803540537425261e-05,-1.681927656016935380e-05,-1.820431241641144675e-05,-1.838932926799312985e-05,-1.770983398626643895e-05,-1.656693715449025466e-05,-1.528468557808282749e-05,-1.405146222021598305e-05,-1.294601893935771260e-05,-1.200475415802492794e-05,-1.127320098939696538e-05,-1.080523302276823521e-05,-1.061346254496456107e-05,-1.060938426429179788e-05,-1.058179554160657880e-05,-1.024160331830052971e-05,-9.322293929080132689e-06,-7.690349512970268527e-06,-5.408896755831582413e-06,-2.717931016089865662e-06,6.427155017738278461e-08,2.672962360792367465e-06,4.997439695681428159e-06,7.099483932246699310e-06,9.139068407099168654e-06,1.124346243177506966e-05,1.338579544227236599e-05,1.533711047010919118e-05,1.672245098865873081e-05,1.716248355348666316e-05,1.644085212314467119e-05,1.462326525200932412e-05,1.207360023912898409e-05,9.355853697112733025e-06,7.058648903035470038e-06,5.610190479264145493e-06,5.153434859409199076e-06,5.524712246624121376e-06,6.337058344637766202e-06,7.130449837794841105e-06,7.530320011887258106e-06,7.359292974059671909e-06,6.670517041915617421e-06,5.702500190124496992e-06,4.781823056006561429e-06,4.212658767232488049e-06,4.188872223198488160e-06,4.750186517082373073e-06,5.786202735784809953e-06,7.077919741531110794e-06,8.359431507176797805e-06,9.382393824612679037e-06,9.969802160270667716e-06,1.005035046801565216e-05,9.668246909520242387e-06,8.965931110876273775e-06,8.140128208799179865e-06,7.376573522173076050e-06,6.775711102343338899e-06,6.288870443581979904e-06,5.688379994234494815e-06,4.592036474539652524e-06,2.550245961623755826e-06,-8.156639762905388221e-07,-5.657563830670866322e-06,-1.177665268810855378e-05,-1.858253057840930848e-05,-2.516816206068098641e-05,-3.049872086608544359e-05,-3.367065031190540796e-05,-3.416448599505652223e-05,-3.200611046482452804e-05,-2.777379664203664968e-05,-2.243807081564700109e-05,-1.708125207594794607e-05,-1.259009506701126804e-05,-9.427913346651378397e-06,-7.564090993954720448e-06,-6.578551885456035608e-06,-5.890643194636330713e-06,-5.014759172251903741e-06,-3.739440421348079426e-06,-2.165129293117157033e-06,-6.008144807849455811e-07,6.183177809413028316e-07,1.299701194328140684e-06,1.470500421760745579e-06,1.335631723633618079e-06,1.150584766053788340e-06,1.083909726345162784e-06,1.144735310917335834e-06,1.211438133238312618e-06,1.139913482318698978e-06,8.847747917737999770e-07,5.587045388689219635e-07,3.890389573749029995e-07,5.889278289036929160e-07,1.211851941830724005e-06,2.074354785068431987e-06,2.802001571652760758e-06,2.991462940409523382e-06,2.418616388330193945e-06,1.191787210733527936e-06,-2.317568248531748349e-07,-1.186799339381109819e-06,-1.045474316793211405e-06,5.366377235202023383e-07,3.478977645616991685e-06,7.297086489823207173e-06,1.127152128253371748e-05,1.468717771090418946e-05,1.704243474810412823e-05,1.815223313014942692e-05,1.812576150482549911e-05,1.725699654665805235e-05,1.589612040971595202e-05,1.436017008697511139e-05,1.290282395428633506e-05,1.172167190590745518e-05,1.096193286311437604e-05,1.068863609055577038e-05,1.083440213832910439e-05,1.116272665023623302e-05,1.129353279127855398e-05,1.081065195486836006e-05,9.422989339529693541e-06,7.110096446743867656e-06,4.175148622298023075e-06,1.163268249571159466e-06,-1.333814333333778678e-06,-2.906510605831762077e-06,-3.486224324732473760e-06,-3.359019935930342814e-06,-3.026146500024739965e-06,-2.976789969917804200e-06,-3.480188017247874230e-06,-4.492589030759233957e-06,-5.715385114231372501e-06,-6.764967479864247099e-06,-7.361931772838539995e-06,-7.444173956258238949e-06,-7.155184323738292237e-06,-6.728747554600830935e-06,-6.345652863698779183e-06,-6.047655031917793827e-06,-5.754960998985999857e-06,-5.369356729867113397e-06,-4.893021525357627941e-06,-4.483122899208496802e-06,-4.400153288842364724e-06,-4.871760502181194500e-06,-5.946453901896895351e-06,-7.421995204477775936e-06,-8.894513139807512555e-06,-9.907901106242287027e-06,-1.012690642181455334e-05,-9.444343704144655095e-06,-7.971446449860623449e-06,-5.928856335638917586e-06,-3.514188581594618543e-06,-8.350918697410550426e-07,2.045545917835544807e-06,4.980250386477241028e-06,7.614737019409076095e-06,9.375820676305590131e-06,9.620127305157293875e-06,7.902232552655060388e-06,4.239115888426214092e-06,-7.747471573804898827e-07,-6.090981214159761043e-06,-1.054644409870776636e-05,-1.328198974127308682e-05,-1.405240870780336655e-05,-1.327917877977903235e-05,-1.181548542610962222e-05,-1.053172834774492558e-05,-9.918893343370267017e-06,-9.899287500613720476e-06,-9.930720879172051543e-06,-9.342497016969237032e-06,-7.724920132941430652e-06,-5.168952532785482609e-06,-2.232782766476072315e-06,3.437773481368622472e-07,2.023040699097126181e-06,2.745153156894543344e-06,2.946243552998723278e-06,3.305773294476512015e-06,4.354359215282033325e-06,6.149883750851158746e-06,8.197349398852103391e-06,9.662809427894463027e-06,9.778772874619865425e-06,8.237554884395172154e-06,5.372926719550436618e-06,2.037215727396630098e-06,-7.648038871764990983e-07,-2.302232596990568857e-06,-2.394918122016342254e-06,-1.412074335466181490e-06,-8.780459580286026942e-09,1.250569658695353895e-06,2.180454921547097287e-06,3.026306332012618919e-06,4.262127445677006918e-06,6.251253862929456350e-06,8.959179101439989590e-06,1.187811375457883983e-05,1.421034189763750999e-05,1.522172923936405155e-05,1.458869719777732433e-05,1.256583039918672744e-05,9.892542402045306963e-06,7.486631058847806538e-06,6.073226978576315252e-06,5.920356195822648262e-06,6.790147614264913510e-06,8.104341119881447298e-06,9.223081198134416113e-06,9.696077442194770486e-06,9.379352949416517267e-06,8.393491278906631983e-06,6.981878952726625419e-06,5.366141967280955371e-06,3.675400683597497926e-06,1.965400408734850694e-06,2.833951786010052808e-07,-1.288485482991633212e-06,-2.653296400088314765e-06,-3.770280284419389922e-06,-4.718496600990483232e-06,-5.689601300939129752e-06,-6.888197790763018498e-06,-8.382899000752561247e-06,-9.997704195030454309e-06,-1.132820994545956555e-05,-1.190626808094147636e-05,-1.144981168283399951e-05,-1.007076620021480797e-05,-8.314280138753561074e-06,-6.975319675788766669e-06,-6.751930080793124756e-06,-7.890239538498886659e-06,-1.000073060870631863e-05,-1.215842494871257218e-05,-1.326843474699355306e-05,-1.254554144454729465e-05,-9.889583686776044435e-06,-5.974938698989733165e-06,-1.999089892784504784e-06,8.067440134398075990e-07,1.688886419553097067e-06,6.757985534089670897e-07,-1.457716838269985105e-06,-3.543565547688462350e-06,-4.524071552491250049e-06,-3.877617622559266757e-06,-1.783928561389990415e-06,1.024197141712985303e-06,3.629080168701014383e-06,5.328926680759538818e-06,5.884972843207443707e-06,5.518389200371629955e-06,4.689198584680041970e-06,3.792350233701555137e-06,2.934741656684809573e-06,1.902944148329959862e-06,3.275240339370312326e-07,-2.049006006888952786e-06,-5.139607568751547157e-06,-8.430164516946382091e-06,-1.108557022921862397e-05,-1.219725592886873678e-05,-1.107087811514915285e-05,-7.450576204238881023e-06,-1.616886265846908617e-06,5.649652854627372488e-06,1.320774406584197770e-05,1.975584508303376355e-05,2.406363288366914697e-05,2.521563523261413143e-05,2.284229671455481459e-05,1.728990004376908103e-05,9.658113049410429094e-06,1.639489288216684617e-06,-4.854902728087876743e-06,-8.214857119660807559e-06,-7.642559324026765118e-06,-3.466075215346880882e-06,2.894353168866525853e-06,9.339965970111352171e-06,1.377007611046389754e-05,1.478614543931715874e-05,1.215842650717444140e-05,6.871009597676862257e-06,7.237926209932441477e-07,-4.353067589675914442e-06,-7.002047009210402771e-06,-6.886564466056122616e-06,-4.724167418059353068e-06,-1.918369320998478428e-06,3.694076220969725009e-08,1.287336585352581949e-07,-1.847353205859380849e-06,-5.301004832928774485e-06,-9.152734226986634894e-06,-1.227128824730967606e-05,-1.385604797307224539e-05,-1.363289910092765023e-05,-1.183277219057551796e-05,-9.015091568829774861e-06,-5.842742926923718281e-06,-2.900621416359944101e-06,-5.976263016052998165e-07,8.609939692789678994e-07,1.467851731600731103e-06,1.399030548291507372e-06,9.857076366557761943e-07,6.465201574488425821e-07,7.656226945094677403e-07,1.539008657038016917e-06,2.852297363955200809e-06,4.265561727927592609e-06,5.147145272250452533e-06,4.928182956474569794e-06,3.377290022124743239e-06,7.628438387379484638e-07,-2.195797747370275571e-06,-4.594805012103168196e-06,-5.727943478936024129e-06,-5.411901643256677180e-06,-4.092244200585468965e-06,-2.660016754843279264e-06,-2.045000649898106102e-06,-2.765692863330278999e-06,-4.649471544942187171e-06,-6.867280763139675815e-06,-8.283855247233771327e-06,-7.973670337695936525e-06,-5.667677928671452699e-06,-1.920056771532530926e-06,2.090863842754929215e-06,5.045320230182812273e-06,6.034559006341225900e-06,4.936336170383669701e-06,2.448408482252561287e-06,-2.282613792500148041e-07,-1.907385775122967487e-06,-1.902366476550487489e-06,-2.696097215432473176e-07,2.279649984466182162e-06,4.735488491986693950e-06,6.235305321047407132e-06,6.396655208490461121e-06,5.403838528436662254e-06,3.840099462569739602e-06,2.373800626042922953e-06,1.460767399648462443e-06,1.196569052506582536e-06,1.363872828126599752e-06,1.620527511683426565e-06,1.713531510405122243e-06,1.607872274278784273e-06,1.477778059189424508e-06,1.584888665541922284e-06,2.121557066178869269e-06,3.103177546461140688e-06,4.354628570840441203e-06,5.579690530642288435e-06,6.462102768403226028e-06,6.743294490162239429e-06,6.251751669476478823e-06,4.899447382085465817e-06,2.683738559295701779e-06,-2.769977444200650536e-07,-3.682511553895898894e-06,-7.011789632535037696e-06,-9.565548201533181810e-06,-1.062115475362275528e-05,-9.671913773240643308e-06,-6.663161835557462607e-06,-2.112842126224216445e-06,2.965600388747159886e-06,7.342398381253887273e-06,9.965261046666888152e-06,1.031855124912304790e-05,8.599703882941494391e-06,5.633013758098865938e-06,2.548547267427437680e-06,3.533521964042564229e-07,-4.317316226505728893e-07,7.520052741619950289e-08,1.229249082176822341e-06,2.177966883969433426e-06,2.245508183413660896e-06,1.218258431899407884e-06,-5.827110199607789886e-07,-2.462412757694067618e-06,-3.668028535356888157e-06,-3.722316025746788638e-06,-2.636426378337122548e-06,-9.199328073118040222e-07,6.097167836221303075e-07,1.138807491365623011e-06,1.694068805674088865e-07,-2.282005995817058319e-06,-5.666361049780502875e-06,-9.065556667980615663e-06,-1.147888073649889130e-05,-1.213744036936253459e-05,-1.074786871004937973e-05,-7.592053364291133203e-06,-3.454391488110015553e-06,6.011624152165972202e-07,3.538477206633844695e-06,4.650091773077255622e-06,3.760900531691297663e-06,1.271328959597063067e-06,-1.975095111861157749e-06,-4.959045956670965847e-06,-6.801468838609861025e-06,-7.024197760167332146e-06,-5.668845215447786564e-06,-3.237441111533364223e-06,-4.826205853801240024e-07,1.870386533953464204e-06,3.364952591785968272e-06,3.930952353021918239e-06,3.845226280210251029e-06,3.564680623602473417e-06,3.511083100344977289e-06,3.900064674564551389e-06,4.680348698045852587e-06,5.596166048198250146e-06,6.330994982823498813e-06,6.658843006357536029e-06,6.533373076997949812e-06,6.081082007524543526e-06,5.513560951889408677e-06,5.011513681706653515e-06,4.642168532354307938e-06,4.349315792201539334e-06,4.014356409268920049e-06,3.549049079504509844e-06,2.965288411472144852e-06,2.381442950806512085e-06,1.960366229806096377e-06,1.812098686579001102e-06,1.914475761716579395e-06,2.096709131712473674e-06,2.098733244977412297e-06,1.679583588851816091e-06,7.220703141140259151e-07,-7.176368373195709463e-07,-2.438634725634577080e-06,-4.184775397270388746e-06,-5.746433902755856732e-06,-7.020931566471019279e-06,-8.002420528487795855e-06,-8.713289921660757951e-06,-9.124821223337175740e-06,-9.124378405343212410e-06,-8.562490757407244975e-06,-7.366434265264101055e-06,-5.661598074782575151e-06,-3.823878411147289361e-06,-2.409233838452814794e-06,-1.963416219551780328e-06,-2.779920843698550786e-06,-4.714341716488244228e-06,-7.154732010323990257e-06,-9.188617978821634867e-06,-9.921344444975927705e-06,-8.826212729518313218e-06,-5.980689428531349224e-06,-2.080776095647706028e-06,1.785849752403486865e-06,4.525780482507150885e-06,5.433513077638396502e-06,4.436206318268485967e-06,2.095036260197363849e-06,-6.295469372646686550e-07,-2.745100361059266177e-06,-3.574898605305184050e-06,-2.952554718896671375e-06,-1.204048171467352091e-06,1.049207109383237415e-06,3.163163250823159688e-06,4.699746244937706673e-06,5.528783817622927897e-06,5.789146659684384130e-06,5.758274885327335721e-06,5.708151792182353778e-06,5.811725096765028472e-06,6.121285781055426591e-06,6.597033628412662717e-06,7.144417133188040410e-06,7.630599253502929187e-06,7.881424430326006402e-06,7.686949686795736705e-06,6.845917090932252845e-06,5.253741755242816546e-06,3.000132837466748062e-06,4.171969229068143176e-07,-1.972668327744150804e-06,-3.615861108045216236e-06,-4.141262113100719578e-06,-3.534258081352777435e-06,-2.179220543885393282e-06,-7.305052349836779607e-07,1.480613606507320563e-07,6.649031137222813735e-08,-9.147980710401493647e-07,-2.302985785902788269e-06,-3.385963963815195621e-06,-3.549245658811231055e-06,-2.554379837884960196e-06,-6.524927914675697054e-07,1.517362613674008341e-06,3.196058108230620667e-06,3.815252214694362252e-06,3.214280260845262910e-06,1.677128392017315127e-06,-2.086390246406761079e-07,-1.789791948198525690e-06,-2.568601190274179629e-06,-2.320190496102838348e-06,-1.084766708365953929e-06,9.206996106910272599e-07,3.396991713726833202e-06,6.008527574531413666e-06,8.378063390807407749e-06,1.007694198113770104e-05,1.067032130777020667e-05,9.842169803220355006e-06,7.562108186489955866e-06,4.204586310721024984e-06,5.268650207090950542e-07,-2.532792116126814289e-06,-4.184310867304682450e-06,-4.110059472402305275e-06,-2.629753248386077647e-06,-6.073258605060864000e-07,8.856143599970697299e-07,1.017077592617475371e-06,-4.430100205454768443e-07,-3.013695924690830415e-06,-5.705326165387192499e-06,-7.449248835221483855e-06,-7.564179303486601291e-06,-6.049763653969044073e-06,-3.577106929558570012e-06,-1.185616364828598325e-06,1.713819552079790285e-07,2.607740104621953526e-08,-1.431735401655376259e-06,-3.470769125406605459e-06,-5.150574433711352010e-06,-5.707966296606428952e-06,-4.827654910589008584e-06,-2.698751298103623939e-06,1.319894655321637197e-07,3.009411420583820280e-06,5.392481006693257887e-06,6.960842939411627870e-06,7.595172995779201822e-06,7.291812384137590586e-06,6.096057171991752473e-06,4.106413531573660091e-06,1.537926162572575170e-06,-1.221810077011462389e-06,-3.639813028129201435e-06,-5.180007134952795387e-06,-5.519048891017550117e-06,-4.733649791292412471e-06,-3.348027595740274828e-06,-2.183403385073305646e-06,-2.044807816140398540e-06,-3.367859793710811547e-06,-5.983612196853676612e-06,-9.120969115505539213e-06,-1.166756481824629851e-05,-1.259537611532528988e-05,-1.137972332669401453e-05,-8.236276686161787263e-06,-4.073124935568402672e-06,-1.721488997432729922e-07,2.275261270156929325e-06,2.595700795742520948e-06,8.603553591734387928e-07,-2.169905418087042517e-06,-5.349883979845364107e-06,-7.580804982623475522e-06,-8.200499446815007041e-06,-7.191070497599621062e-06,-5.137147743940711811e-06,-2.962510914198101951e-06,-1.551676529272927982e-06,-1.399446780420787724e-06,-2.415710891746075328e-06,-3.953360992081245789e-06,-5.046132601266518759e-06,-4.768532514754263522e-06,-2.587006788091486358e-06,1.425113959251296724e-06,6.587216944380520087e-06,1.182565349615055078e-05,1.602346380128386643e-05,1.837617850276703288e-05,1.862359303746126526e-05,1.707793304363074998e-05,1.445103312874272095e-05,1.156302175033958101e-05,9.058198612742350252e-06,7.241320483929054852e-06,6.085448997694323040e-06,5.380251411430273258e-06,4.926553338217907178e-06,4.669284612914249247e-06,4.702470065565713418e-06,5.154297505920920147e-06,6.028130576059891045e-06,7.100407344847605738e-06,7.944987917620130035e-06,8.082436100277371935e-06,7.180820640416046748e-06,5.202199542475813309e-06,2.415441215413407025e-06,-7.316180654743579368e-07,-3.809026521483414662e-06,-6.558876853240391972e-06,-8.918697031097084984e-06,-1.090314004934911878e-05,-1.242196257280279835e-05,-1.316138846468408199e-05,-1.263253457480011158e-05,-1.040088184150883419e-05,-6.399632302077360543e-06,-1.158631177969811777e-06,4.205461231168498872e-06,8.290297336346357415e-06,9.908294313753131385e-06,8.579314070218398730e-06,4.785674069704368499e-06,-1.510339866381300087e-07,-4.546608307181506005e-06,-6.995517662392431310e-06,-6.905098376877296802e-06,-4.692531702837851513e-06,-1.563533798801494482e-06,1.021489448633230112e-06,1.952126785919358108e-06,8.803868362371037601e-07,-1.721784354236439474e-06,-4.852203485345658622e-06,-7.451745027733024979e-06,-8.829957187142640319e-06,-8.859317583272223654e-06,-7.885690367140522813e-06,-6.445904983499582950e-06,-4.965813724403812983e-06,-3.596850963960753391e-06,-2.252591177180472980e-06,-7.874821350072071620e-07,8.153202718029125906e-07,2.372487179528732281e-06,3.589708273334325979e-06,4.251396848266672303e-06,4.385075947998677094e-06,4.286084925836336384e-06,4.370310405006825236e-06,4.927794088107076196e-06,5.916901672739118594e-06,6.926800997803334118e-06,7.349005633605464936e-06,6.683185435297056594e-06,4.822278071663685198e-06,2.163198204861818904e-06,-5.256361077772317152e-07,-2.423802748853756908e-06,-3.010693057955583125e-06,-2.276083812070165504e-06,-6.878606379872793169e-07,1.059445508284274724e-06,2.379393483683541833e-06,3.036102998179832405e-06,3.172836583706821645e-06,3.123390681426393845e-06,3.122122689186163622e-06,3.084292723759620653e-06,2.590663166578003036e-06,1.098628949575019576e-06,-1.724259296955549617e-06,-5.722292518405538628e-06,-1.018816880328494161e-05,-1.406998385328888286e-05,-1.636913096122718576e-05,-1.655078674716870047e-05,-1.477634026453636226e-05,-1.184730954148514303e-05,-8.882954885343832745e-06,-6.874118006835268779e-06,-6.307107759927254609e-06,-7.012625865476506548e-06,-8.288651555986431348e-06,-9.225904010921127983e-06,-9.085502933426755560e-06,-7.572125460296843039e-06,-4.907052187224360693e-06,-1.698696764225685627e-06,1.311450467519968811e-06,3.514277950954066805e-06,4.613024511789570446e-06,4.671170074174041476e-06,4.037463650572857649e-06,3.195249344238005859e-06,2.594731394954302969e-06,2.517615823078829706e-06,3.005633197405813172e-06,3.866619874883433609e-06,4.755674401323979776e-06,5.311589956975644403e-06,5.309734651299181120e-06,4.778032749987057588e-06,4.023816808191617808e-06,3.544303434525111362e-06,3.839068699146046556e-06,5.191710466293237138e-06,7.514729758919021405e-06,1.033714776743474373e-05,1.295784754051924213e-05,1.471137976616145375e-05,1.523359956388234696e-05,1.460469602674577174e-05,1.329727265338640155e-05,1.194700332865728860e-05,1.105029519934509049e-05,1.073292276717027340e-05,1.070309848383832520e-05,1.041428166432803971e-05,9.359860808667076645e-06,7.355529001514234322e-06,4.669961000584225891e-06,1.938645107550444146e-06,-9.787778463270889743e-08,-9.054363418611073013e-07,-3.708532064753610823e-07,1.174143685282569216e-06,3.116924205682444064e-06,4.823146471755986378e-06,5.860984249230252583e-06,6.091759319547462150e-06,5.608081645372280245e-06,4.583003357619826734e-06,3.133906054047478224e-06,1.283203921724531428e-06,-9.699559256416771408e-07,-3.525855800899203566e-06,-6.102354116005681270e-06,-8.266234742205569576e-06,-9.581350144284104866e-06,-9.804125615574080954e-06,-9.021262156950336948e-06,-7.647777555999208207e-06,-6.274249135917176635e-06,-5.431744814864120306e-06,-5.387564817568851710e-06,-6.069804830897901346e-06,-7.151960183938031783e-06,-8.246561582294249646e-06,-9.103347600714266913e-06,-9.710524735323991028e-06,-1.025379342813566023e-05,-1.096506505255806778e-05,-1.194906052191982433e-05,-1.308241208723056301e-05,-1.403608341442145346e-05,-1.440472333537532704e-05,-1.387371807806708625e-05,-1.234319873833769014e-05,-9.959934990858278374e-06,-7.060395256210701069e-06,-4.069293862936707602e-06,-1.405831507340106595e-06,5.746942375756001114e-07,1.611852677795114004e-06,1.571236346192907320e-06,4.926566599565121371e-07,-1.360910168635261372e-06,-3.499526170673213713e-06,-5.292928544899894541e-06,-6.153336443101255354e-06,-5.759473657817847713e-06,-4.221229915440425491e-06,-2.087443353506241678e-06,-1.601423612848814975e-07,8.274491297814562171e-07,5.329738337061538665e-07,-8.266444496184071491e-07,-2.553172361191160063e-06,-3.769266640862605823e-06,-3.810349294675883220e-06,-2.521183748532649487e-06,-3.137554269507321763e-07,2.040934738101702221e-06,3.782146824492670562e-06,4.504665314929590289e-06,4.309929915982854055e-06,3.695768628017719041e-06,3.254058528632673701e-06,3.343381434391791098e-06,3.910825084913167415e-06,4.550862981419108715e-06,4.757902398497109474e-06,4.225193199771475287e-06,3.023137509663046294e-06,1.563990239966814667e-06,3.841488053826103558e-07,-1.219198729580939830e-07,1.402567768454233642e-07,1.000675757679712652e-06,2.217489470044303287e-06,3.689923674716229179e-06,5.537936357190805623e-06,7.975979152874946207e-06,1.104248859507485905e-05,1.435512325212376513e-05,1.707495597384031371e-05,1.816295206964028838e-05,1.684677305420520144e-05,1.307556920726757729e-05,7.709169968063658054e-06,2.295578448296300437e-06,-1.508809248567054406e-06,-2.629346389056194707e-06,-1.046685731082835253e-06,2.189740400139174277e-06,5.437808353464530624e-06,7.217216279311967725e-06,6.886765949195040249e-06,4.918066675346935273e-06,2.632701887358757389e-06,1.532764932592000451e-06,2.554827507326057310e-06,5.612995615072064038e-06,9.649299223293565024e-06,1.315439598798635351e-05,1.488863200718306564e-05,1.444083959946128234e-05,1.235472274043300278e-05,9.779508997387804348e-06,7.843714793062468414e-06,7.083765076837104657e-06,7.217372327705825585e-06,7.361607832314549488e-06,6.560360105072576668e-06,4.329133355941188026e-06,9.263645067299507909e-07,-2.785690323979543641e-06,-5.806069588705898191e-06,-7.531056539890344056e-06,-8.073927386596492384e-06,-8.201236789589975258e-06,-8.922707749748449513e-06,-1.095139845878905947e-05,-1.431297731061225752e-05,-1.829948008102202703e-05,-2.178254127827864022e-05,-2.372072691919422093e-05,-2.360765529672851078e-05,-2.165191580828379153e-05,-1.862562233457672349e-05,-1.548451262999318902e-05,-1.296273074687432767e-05,-1.133435274001197233e-05,-1.042752805762685111e-05,-9.840325814869039161e-06,-9.214516303240575135e-06,-8.418202884705890167e-06,-7.562256418172012576e-06,-6.878188527579147820e-06,-6.555502302216599292e-06,-6.639074144524408164e-06,-7.029746335796465774e-06,-7.557130166741042425e-06,-8.051959161548193509e-06,-8.360731755223043624e-06,-8.303211807562518523e-06,-7.630415320683067189e-06,-6.053933796074728588e-06,-3.372738097023092596e-06,3.532653959999780973e-07,4.691547882038660006e-06,8.889922062356545802e-06,1.211904848794008349e-05,1.381703942649772470e-05,1.396705349010798158e-05,1.314326839453441376e-05,1.226219699579979508e-05,1.212973282787663406e-05,1.299859717508337003e-05,1.437240847398536990e-05,1.518785433229136730e-05,1.431975561050788033e-05,1.117855348229430036e-05,6.100870545201846774e-06,3.161897133588732936e-07,-4.526399743941411053e-06,-7.065605767429740486e-06,-6.834989739559664249e-06,-4.470577873216647007e-06,-1.408122204300677625e-06,7.908389682960205663e-07,1.158884224778860753e-06,-2.624314969605134735e-07,-2.513060934866629986e-06,-4.257517126932777219e-06,-4.500013014505405178e-06,-3.105157663159108561e-06,-8.581124327426440577e-07,9.653394457086939767e-07,1.296050139538333738e-06,-1.257996391593546002e-07,-2.558969451211285398e-06,-4.589351919616935836e-06,-4.822860570345681695e-06,-2.600734067385764591e-06,1.620519606947323721e-06,6.418929476137023942e-06,1.002139066019169699e-05,1.109134560936480583e-05,9.317571221515318807e-06,5.532775768077701691e-06,1.319929238824446843e-06,-1.693739805343061743e-06,-2.518262270065364078e-06,-1.151140762751211215e-06,1.536466246157411102e-06,4.284412062058662045e-06,6.040862020559854816e-06,6.385782906857585658e-06,5.606264834205845234e-06,4.435344413620965549e-06,3.627478535109483410e-06,3.602044142095419343e-06,4.321048426358450703e-06,5.423468739982322780e-06,6.498663107495227376e-06,7.319541863865457499e-06,7.900336510884716670e-06,8.362491663940923073e-06,8.714658659327757529e-06,8.708604157960908566e-06,7.890386169144198884e-06,5.848985037800073509e-06,2.538213461047514019e-06,-1.516004941210179790e-06,-5.272586488349807917e-06,-7.520252604673663342e-06,-7.382841606660192099e-06,-4.758150470276558518e-06,-4.709569923706877406e-07,3.962437403097800760e-06,6.886429570764982717e-06,7.152736166435325218e-06,4.584459808184740218e-06,5.069787091239861876e-08,-4.889576981524950350e-06,-8.627950323876035061e-06,-1.015940969235640234e-05,-9.468986118409771811e-06,-7.489132911997128521e-06,-5.651697850778776558e-06,-5.234339713876754032e-06,-6.789175869541471496e-06,-9.903132059171347601e-06,-1.339203878843781730e-05,-1.583867660771055310e-05,-1.623271682584732006e-05,-1.442473523381919812e-05,-1.118798775672013928e-05,-7.855809781260291569e-06,-5.693720372514609790e-06,-5.289191552919795580e-06,-6.242002823087933335e-06,-7.310773647730341630e-06,-6.969501392691900457e-06,-4.139348995613267390e-06,1.229572192044797642e-06,7.999704296832689456e-06,1.420722288773626880e-05,1.781175130984569607e-05,1.752530213538305663e-05,1.336412742350310934e-05,6.677062338975285971e-06,-3.734592657878636106e-07,-5.662996129989107127e-06,-7.926996644356048373e-06,-7.202440965076865817e-06,-4.706894527878427311e-06,-2.222745193239164254e-06,-1.272975816192557982e-06,-2.461775254478744399e-06,-5.268886264737420749e-06,-8.370908706500980817e-06,-1.031750039882298215e-05,-1.023091662374648125e-05,-8.197657442745656529e-06,-5.178359397610798250e-06,-2.498356278869224877e-06,-1.181281713384860716e-06,-1.455659988756774184e-06,-2.669645892562579227e-06,-3.642048051861877573e-06,-3.262999917832042528e-06,-1.041397928750262182e-06,2.666473070698110731e-06,6.844821795156413591e-06,1.030997816265369657e-05,1.224730767911630191e-05,1.252570797968246591e-05,1.164930925849610034e-05,1.039982326628211306e-05,9.380650557657466056e-06,8.714123786605145559e-06,8.048392027487823931e-06,6.854456588845837619e-06,4.832919844989426297e-06,2.190812762735517859e-06,-3.774986088895433257e-07,-2.005683928343013462e-06,-2.100319378773393408e-06,-6.713112752946504296e-07,1.640183671831078806e-06,3.864162238841410997e-06,5.183268632664502137e-06,5.341008706217723265e-06,4.757129397580085820e-06,4.282180943000488169e-06,4.714534512376340305e-06,6.332640265355836841e-06,8.693116013371872240e-06,1.081037382044875571e-05,1.163512372743621772e-05,1.059066114406616742e-05,7.890752488662922215e-06,4.470651135524192813e-06,1.558414856875493972e-06,9.657193909199577512e-08,3.002902753050615523e-07,1.569004275125372182e-06,2.790451334625051947e-06,2.881163126166497359e-06,1.294756567687829898e-06,-1.746013424769026171e-06,-5.391902909928189144e-06,-8.594128349139451946e-06,-1.059030279976470531e-05,-1.120912177604813368e-05,-1.086040287790820014e-05,-1.024469918770870405e-05,-9.955592247228327429e-06,-1.018785362035781404e-05,-1.069120271806393164e-05,-1.096821224555093196e-05,-1.058526680147657489e-05,-9.416112043641963836e-06,-7.690157092532054714e-06,-5.837299075758324171e-06,-4.237406820497838575e-06,-3.030373253953665175e-06,-2.097464686982269640e-06,-1.215659228887545660e-06,-2.787428171591171719e-07,5.643754394198792089e-07,9.563690720321115505e-07,5.538156194692691784e-07,-6.964181678419048574e-07,-2.395270391666471380e-06,-3.764005872782832933e-06,-3.949495949230064807e-06,-2.430123163151610100e-06,6.777679932082289010e-07,4.578626013359378194e-06,8.064744015137271163e-06,9.984727941614336813e-06,9.705537873045017399e-06,7.359977208263286807e-06,3.772106244524157170e-06,1.036154227711267917e-07,-2.610386986887535564e-06,-3.827759226219744186e-06,-3.620262290437520988e-06,-2.527235710057353308e-06,-1.244855391442393239e-06,-3.161450440026853629e-07,3.819663031809876552e-08,-1.008803008109052620e-07,-5.070401300654919136e-07,-9.857842505581072445e-07,-1.467832481662608181e-06,-1.980640530921225830e-06,-2.540285278880717133e-06,-3.052223094684799348e-06,-3.297244855081585088e-06,-3.019426578634376756e-06,-2.064505257573786685e-06,-4.822023174345644872e-07,1.474333327198911387e-06,3.456776733092209564e-06,5.175893358731837855e-06,6.510125314076437806e-06,7.502843350353141057e-06,8.250820649203090230e-06,8.756915267274468714e-06,8.849445503600191374e-06,8.238359778314846563e-06,6.698683801983788029e-06,4.288446188119777803e-06,1.470290819032794970e-06,-9.600893638909767867e-07,-2.141844284865947295e-06,-1.509314309267945553e-06,9.220666073221345950e-07,4.492731437940411336e-06,8.110704270268946241e-06,1.066008991943783151e-05,1.142932184267345665e-05,1.036536082312368690e-05,8.037032931446956848e-06,5.326336752389527217e-06,2.995615813343533520e-06,1.337812372158890796e-06,7.688904153007358664e-08,-1.435390711574025258e-06,-3.823731519045093499e-06,-7.289247513703080867e-06,-1.140394271267121191e-05,-1.520802809263136794e-05,-1.757622649427386283e-05,-1.769255175928324087e-05,-1.542066697342969045e-05,-1.140205613795730317e-05,-6.834736383108156284e-06,-3.025203754430624056e-06,-9.028123467828461230e-07,-6.975920554255916828e-07,-1.907553238973673847e-06,-3.555896952137851303e-06,-4.618539691967806293e-06,-4.438735732392338015e-06,-2.961968668565365725e-06,-7.088557042714743141e-07,1.483218343549431297e-06,2.826562068304330690e-06,2.899479789346479458e-06,1.786832347010384316e-06,1.286839358765860502e-09,-1.764378284883210356e-06,-2.937335907023856411e-06,-3.287537220609786844e-06,-2.985653176103151286e-06,-2.484320636459107082e-06,-2.286663295808197761e-06,-2.709739641368174926e-06,-3.745336240771822475e-06,-5.071263650166627589e-06,-6.196772888888757388e-06,-6.667644049939132036e-06,-6.235460370735697114e-06,-4.919559467764519987e-06,-2.946121754612124006e-06,-6.089811310387954499e-07,1.868361164516595994e-06,4.397070694275535161e-06,6.985805677968736593e-06,9.632739490739163307e-06,1.221882009027492703e-05,1.447559930884705537e-05,1.606012989318260728e-05,1.670718635591527887e-05,1.637900889909230922e-05,1.532392499491445399e-05,1.399591819180034336e-05,1.285912477598765146e-05,1.216730926615698899e-05,1.183169409477255388e-05,1.145449803749260361e-05,1.052455359020155529e-05,8.685430671891123419e-06,5.941508057859959196e-06,2.690784135118048734e-06,-4.425010914406769762e-07,-2.897963272591408781e-06,-4.444546078853672030e-06,-5.278642856036883396e-06,-5.893912143255082403e-06,-6.782001999380261657e-06,-8.119762370371523300e-06,-9.617295979539505080e-06,-1.062656888177243149e-05,-1.047562487530383648e-05,-8.866784938029401107e-06,-6.127282729944200443e-06,-3.160260234541697904e-06,-1.089614549510871046e-06,-7.531126743270539898e-07,-2.290604084141458025e-06,-5.044492306703862763e-06,-7.844788727991279401e-06,-9.558681119318951391e-06,-9.641349647573589234e-06,-8.407981426488008686e-06,-6.873053535569007092e-06,-6.215731403016463078e-06,-7.125691419607800901e-06,-9.360969590373420239e-06,-1.176256241755385216e-05,-1.275443111233711870e-05,-1.111428081411187834e-05,-6.650509413424988035e-06,-4.432893902078033921e-07,5.500368295070400900e-06,9.053535644110037977e-06,8.888175589079570432e-06,5.088612628244532840e-06,-8.292580392735255559e-07,-6.515302337692853061e-06,-9.740621126973861039e-06,-9.290172152883849444e-06,-5.403373728581841544e-06,4.163099289966749266e-07,6.113618722062385826e-06,9.975963883681070638e-06,1.130369148742864866e-05,1.057262417224305379e-05,9.053692476346632614e-06,8.106760039718063316e-06,8.503159530473151451e-06,1.009450287497175656e-05,1.196015135392267838e-05,1.292813493987946981e-05,1.219077681873573939e-05,9.706940762901141866e-06,6.204405383252129510e-06,2.801807710083437217e-06,4.556500022896480393e-07,-4.855935627160471368e-07,-4.034261052250416317e-07,-1.593102344075795391e-07,-6.104078231793021731e-07,-2.140374013568912584e-06,-4.440565599465174118e-06,-6.648866526539620024e-06,-7.776556720363309293e-06,-7.214383222435741945e-06,-5.072141203535853124e-06,-2.185833581497361282e-06,2.177875106133087245e-07,1.051713541604831836e-06,-1.415138695554169276e-07,-2.957703884659411102e-06,-6.260024968298548763e-06,-8.616810894870538268e-06,-8.866320017126850180e-06,-6.576787468608923660e-06,-2.217338375109763939e-06,3.023910711923442058e-06,7.695852560919336682e-06,1.062936692141689437e-05,1.135604194281814159e-05,1.024035075645772805e-05,8.280813312623597081e-06,6.666104098520964912e-06,6.266847984403307402e-06,7.267273612239542887e-06,9.084559615932764494e-06,1.060936541729220586e-05,1.067268797954233743e-05,8.551945202297744453e-06,4.310287976560184871e-06,-1.173097377639662715e-06,-6.501091174814957357e-06,-1.027115094511052028e-05,-1.159901654493879808e-05,-1.044358747939178180e-05,-7.603201840514506665e-06,-4.388421854444643235e-06,-2.109124021799830399e-06,-1.587313424208959028e-06,-2.890045820138578030e-06,-5.377571818220624158e-06,-8.025384496791126171e-06,-9.866463191532257176e-06,-1.036066125557917521e-05,-9.545986330388421277e-06,-7.934745293143356410e-06,-6.232476009543012225e-06,-5.025392057951052485e-06,-4.574947088355004795e-06,-4.786897798656470568e-06,-5.328846441378072232e-06,-5.804500581760987489e-06,-5.885972977413423834e-06,-5.354187958348384718e-06,-4.067789366859379307e-06,-1.928331643920636657e-06,1.095007707208990560e-06,4.870938379596244930e-06,8.998789692253916352e-06,1.278198785537897129e-05,1.535265682459155390e-05,1.594072109159911410e-05,1.418985617938628497e-05,1.037068511276413369e-05,5.365238473842259928e-06,3.931231364043079992e-07,-3.424914913863923435e-06,-5.480510373743592987e-06,-5.879032665965608423e-06,-5.330581630441204118e-06,-4.777498077155139283e-06,-4.933013194764109518e-06,-5.950436162219280226e-06,-7.378874571948058530e-06,-8.419798019612170149e-06,-8.349756114405179822e-06,-6.894138656900461482e-06,-4.366239319067141574e-06,-1.509538491120925476e-06,8.656236180216173794e-07,2.257078619282916209e-06,2.664719797306817998e-06,2.513279765876850953e-06,2.362399287608581829e-06,2.575678112189712907e-06,3.137162444927191844e-06,3.715163236838335681e-06,3.928527196688292759e-06,3.650302269281719017e-06,3.156649987877722796e-06,3.012926504274498382e-06,3.740392996918142859e-06,5.442871979443950414e-06,7.614842181625713339e-06,9.271372313683612885e-06,9.373082755200824213e-06,7.352542526435445038e-06,3.473328372998210816e-06,-1.183831525132736316e-06,-5.136573050574769820e-06,-7.142635956433231526e-06,-6.765798175225604187e-06,-4.584310903687907372e-06,-1.923791032025420499e-06,-2.263331325476911016e-07,-3.502372821260000473e-07,-2.137525010902121595e-06,-4.464653487737261867e-06,-5.762440890479163125e-06,-4.765201917151303582e-06,-1.136734603913065846e-06,4.323012694207199970e-06,9.989478287233713688e-06,1.409945075476530035e-05,1.549600566302146917e-05,1.409624893240049229e-05,1.088161211242289054e-05,7.433781334162025683e-06,5.242059242774511178e-06,5.096746679469403926e-06,6.823474886892392975e-06,9.442907043331642274e-06,1.164605723255390454e-05,1.234923686130688263e-05,1.108601933470773104e-05,8.096869034891452670e-06,4.129323510152714483e-06,8.541219746227923979e-08,-3.306007325037515069e-06,-5.663092279781452782e-06,-6.942347824376570790e-06,-7.311712859569511045e-06,-7.009100395998311549e-06,-6.264963661545675086e-06,-5.303444167119460163e-06,-4.377645769987262354e-06,-3.775890693709279281e-06,-3.764695377884542313e-06,-4.487954019064011362e-06,-5.883422800997417701e-06,-7.678893061744781248e-06,-9.489031678921095014e-06,-1.097422795837421311e-05,-1.198135403730320836e-05,-1.258962671334243546e-05,-1.303332361059326537e-05,-1.354072744908397628e-05,-1.417708002868818986e-05,-1.478011612383899322e-05,-1.502788477279664377e-05,-1.460606924776767670e-05,-1.338576155482133217e-05,-1.151420477956459943e-05,-9.365924009732320689e-06,-7.376069129733568354e-06,-5.841380367782210496e-06,-4.792291143115517934e-06,-4.002312161502337290e-06,-3.128168375563670906e-06,-1.905443884612165059e-06,-2.965955927238636034e-07,1.484444730174423330e-06,3.079880304803784357e-06,4.166879921614565792e-06,4.611653341320451491e-06,4.520492701800844088e-06,4.168584179558492538e-06,3.854157645706014532e-06,3.762911522323931319e-06,3.915830620183270360e-06,4.220757550951938676e-06,4.585645584435983905e-06,5.015645783636373788e-06,5.627745917042554026e-06,6.568775995365922427e-06,7.884687464869803234e-06,9.424179487369774072e-06,1.084592578401623607e-05,1.174179708812925679e-05,1.181995867787948896e-05,1.105115750775464651e-05,9.694253735937738396e-06,8.179019378262695992e-06,6.902855990657385054e-06,6.049442945941340200e-06,5.530442763624986469e-06,5.086445374830712922e-06,4.493349171458877977e-06,3.754652057343631809e-06,3.157753044224145241e-06,3.139887853813223291e-06,4.014975796292193723e-06,5.701155880380123593e-06,7.609726240154974486e-06,8.791498684715528871e-06,8.312365629195274941e-06,5.705709643155309207e-06,1.289327244157936096e-06,-3.825181247209925762e-06,-8.074127884842366906e-06,-1.001805163279525271e-05,-8.919576416124191240e-06,-5.074296883240390152e-06,2.567529877892280329e-07,5.296253256101345229e-06,8.400613239644536107e-06,8.644662917942162853e-06,6.106223802623618506e-06,1.748621443590547814e-06,-3.027652374389119807e-06,-6.957401001294212879e-06,-9.361139968239573286e-06,-1.029689014111543890e-05,-1.037881584548936591e-05,-1.037558713282065352e-05,-1.078855549481186589e-05,-1.160237362766386739e-05,-1.230869479932309127e-05,-1.217406595535706706e-05,-1.061608392402218423e-05,-7.512482830083628665e-06,-3.307663116953707576e-06,1.123668165177730134e-06,4.791045426867910392e-06,6.946401318214670350e-06,7.341975824924286311e-06,6.293060247757700876e-06,4.532278918613144885e-06,2.921348251525381184e-06,2.133732063206122028e-06,2.423844297221223460e-06,3.559925596396027390e-06,4.936014283853668688e-06,5.816035418840527980e-06,5.619748772117528421e-06,4.148354998153786009e-06,1.669592126822056797e-06,-1.168803857809467088e-06,-3.567442838520921132e-06,-4.862748886021115399e-06,-4.765695091758083521e-06,-3.458524541292371617e-06,-1.508810583853527380e-06,3.667446617418308006e-07,1.591872358391402547e-06,1.949928030444447073e-06,1.635517876997776749e-06,1.113988958328020725e-06,8.529533477981149841e-07,1.053988032723232079e-06,1.518963192188664812e-06,1.726470331792730258e-06,1.093583270987200257e-06,-6.966905139713821832e-07,-3.463754473605956468e-06,-6.519206721057432551e-06,-8.902845778172919613e-06,-9.770091025622306435e-06,-8.756349921520487829e-06,-6.146098743295676018e-06,-2.761500224392190353e-06,3.824659208053055956e-07,2.496398439900207441e-06,3.311753809614642939e-06,3.116502335063910159e-06,2.523569888851889307e-06,2.098234264533368043e-06,2.041100961913878059e-06,2.093098437949612095e-06,1.711837036249507480e-06,4.238638866804578298e-07,-1.839969250072694919e-06,-4.616138039366108149e-06,-7.072868352780388443e-06,-8.398765161126790768e-06,-8.222199793009991829e-06,-6.839512762894201497e-06,-5.116824319410577720e-06,-4.091743174254195702e-06,-4.456903527111331716e-06,-6.176809243381504969e-06,-8.434476600748684925e-06,-9.949006431083548034e-06,-9.525280619600948900e-06,-6.582173292405939218e-06,-1.414118613149587723e-06,4.930828905632885661e-06,1.108892847223578240e-05,1.591874735317979194e-05,1.888441063077099798e-05,2.011768129720220785e-05,2.016101036000752172e-05,1.955499111724069694e-05,1.850496903712913534e-05,1.680757267257197148e-05,1.406878567921017610e-05,1.008063631753322759e-05,5.131382777563054355e-06,5.407815634296788842e-08,-4.043729692068717726e-06,-6.252211117379037531e-06,-6.297830591899842679e-06,-4.714307793404132668e-06,-2.636914604485942105e-06,-1.298485926519934361e-06,-1.460843380759337802e-06,-3.058142734778706404e-06,-5.233973654519099618e-06,-6.765778681559380285e-06,-6.679934355772197999e-06,-4.762678780704902351e-06,-1.715718385025418008e-06,1.128559007048033266e-06,2.407958297469845669e-06,1.370816459970490284e-06,-1.743217030113180795e-06,-5.762975757051855112e-06,-9.064922369035458873e-06,-1.025907691989568608e-05,-8.777129468545689074e-06,-5.105780434742289127e-06,-5.705055732750786873e-07,3.225240453832435336e-06,5.054055688703282784e-06,4.530838012783039740e-06,2.204801072964468262e-06,-7.386959616195502619e-07,-3.015366322858203598e-06,-3.776202875812444673e-06,-2.916078800020588497e-06,-1.047254264009246443e-06,8.212730607956357068e-07,1.737772052568375792e-06,1.193714377757662774e-06,-7.111771803258846841e-07,-3.369175576709738849e-06,-5.958498857814087794e-06,-7.785989431536209933e-06,-8.529598067260767049e-06,-8.291584371249306046e-06,-7.464702589937363765e-06,-6.494158200528361789e-06,-5.654380403978273693e-06,-4.940432912918282094e-06,-4.112699610654363116e-06,-2.860550723183810230e-06,-9.987017136002050412e-07,1.399912560613756436e-06,3.997123786288483239e-06,6.310594451970964531e-06,7.906455455124268531e-06,8.575591060231191578e-06,8.414470087268725529e-06,7.775378206783115897e-06,7.109548857428768881e-06,6.773558365744643066e-06,6.883796169930563133e-06,7.280169154974525702e-06,7.610127117829217511e-06,7.491070739659422770e-06,6.677448780976183590e-06,5.161968725704433925e-06,3.175039870296947820e-06,1.094601982774753360e-06,-6.839837226168310605e-07,-1.858656160458672459e-06,-2.273081281809756362e-06,-1.908687774511803087e-06,-8.456689338279919333e-07,7.692055124489830113e-07,2.728065144476100659e-06,4.752357643424827892e-06,6.503236933099035817e-06,7.644292371529730362e-06,7.957876468113264662e-06,7.472789294622620218e-06,6.532028664233681247e-06,5.737267611463647662e-06,5.755666090989896309e-06,7.044859285667779276e-06,9.608018687531548623e-06,1.289938660463911326e-05,1.594919611861375606e-05,1.768330707573504852e-05,1.731937250637076892e-05,1.467461466102864221e-05,1.024772212887329516e-05,5.031346268839280187e-06,1.309013590689583756e-07,-3.646255343012449302e-06,-6.053179493612697005e-06,-7.408105363288431164e-06,-8.352652473245368879e-06,-9.488510069370771600e-06,-1.107059277166567353e-05,-1.290140918155306000e-05,-1.446912225373509101e-05,-1.525144821085763819e-05,-1.502826767143321151e-05,-1.404541305535987958e-05,-1.294859913354874789e-05,-1.252004494934292879e-05,-1.334418558031005542e-05,-1.555807107091738967e-05,-1.879549512045571808e-05,-2.233832577711483382e-05,-2.539323030147374547e-05,-2.736293714651657073e-05,-2.799815756573364911e-05,-2.738488530577832980e-05,-2.580335427754270691e-05,-2.354822976278952903e-05,-2.080206283933605169e-05,-1.761139401341512730e-05,-1.395511424819485446e-05,-9.850692938713476163e-06,-5.435436724850244367e-06,-9.847989484903180176e-07,3.131958419071096005e-06,6.530348080371604257e-06,8.890126197314160994e-06,1.001654719767086761e-05,9.882031303503984758e-06,8.652832909529986215e-06,6.695966685006330820e-06,4.547715874613330922e-06,2.823488043406865164e-06,2.069632736501340388e-06,2.594628685580605809e-06,4.348028864141408140e-06,6.916104621790085524e-06,9.662477579860498557e-06,1.197365432442671501e-05,1.350743610094013937e-05,1.432410140894576207e-05,1.482451580083330830e-05,1.551125179693809840e-05,1.668421744303703411e-05,1.822889774182972662e-05,1.962149745373814185e-05,2.017042843821261296e-05,1.938738493048924310e-05,1.730020662197082867e-05,1.453207260425107613e-05,1.207909828135462486e-05,1.087155531190364652e-05,1.132459400971735023e-05,1.310598340207787123e-05,1.525267295979659928e-05,1.659778866169991178e-05,1.630985704936138730e-05,1.428059973327156628e-05,1.116503268924930819e-05,8.048248169266181807e-06,5.902205767875225022e-06,5.105497430299367561e-06,5.270169501372353320e-06,5.463994643675795768e-06,4.712684001616098400e-06,2.520259441469227004e-06,-8.649661517169466955e-07,-4.578621978328790644e-06,-7.594050563653701258e-06,-9.257995177168888945e-06,-9.617027083734355208e-06,-9.351575779769041416e-06,-9.344122512099232831e-06,-1.011007054488203560e-05,-1.140579099869297278e-05,-1.224859459012368205e-05,-1.137428248800747643e-05,-7.924996390248728015e-06,-2.024371087469628829e-06,5.067606010458825861e-06,1.133358092813603144e-05,1.476648370233308930e-05,1.418575513589710125e-05,9.729063845745360809e-06,2.793239417193909075e-06,-4.546572559974527393e-06,-1.037126092056948548e-05,-1.362918501029702093e-05,-1.442005213766941324e-05,-1.375813964989840357e-05,-1.296630534156959710e-05,-1.301123866205638349e-05,-1.409243635117190047e-05,-1.565110724797481008e-05,-1.675105051084263585e-05,-1.660998072370387999e-05,-1.500794672922089467e-05,-1.238479187491345595e-05,-9.607587945817428222e-06,-7.551146837998764471e-06,-6.710756579503769792e-06,-7.027038964356620469e-06,-7.979688372861460226e-06,-8.870380110476651565e-06,-9.135304528942883121e-06,-8.538036311502209580e-06,-7.177047106296234155e-06,-5.346164794875999498e-06,-3.353356827738582379e-06,-1.402817477442755891e-06,4.126504117596223114e-07,2.036999686538748598e-06,3.368769520456749615e-06,4.240394170971035091e-06,4.479020945808286141e-06,4.010665285788549295e-06,2.938982796748052914e-06,1.544516086761811803e-06,1.987041590655140526e-07,-7.623926246110213271e-07,-1.138432242434503170e-06,-8.931956212955887448e-07,-1.123239256092076021e-07,1.065405711184524925e-06,2.488670677427753575e-06,3.980526116073727146e-06,5.295270580517892403e-06,6.104042832291900120e-06,6.061868972427544149e-06,4.959409464282132201e-06,2.896547675700796061e-06,3.738642465695348795e-07,-1.785993244210211325e-06,-2.700485416362610415e-06,-1.786852898958550572e-06,9.380179060043111914e-07,4.773583612903002105e-06,8.540312296738422913e-06,1.101465664299874060e-05,1.141962328907156496e-05,9.755183086685398789e-06,6.813068214920355653e-06,3.858326723002764323e-06,2.111488247528807179e-06,2.257374797570339610e-06,4.193964773860831119e-06,7.122597625936172538e-06,9.923233576388197695e-06,1.163150126987555232e-05,1.179806507656849941e-05,1.058004679156024235e-05,8.551382889051783423e-06,6.354295511751395097e-06,4.381016201601531321e-06,2.643529589083830268e-06,8.798631030214169354e-07,-1.182641782957772618e-06,-3.567112344776622490e-06,-5.942959143355459303e-06,-7.742324725156863918e-06,-8.439979504679480363e-06,-7.848355468876925514e-06,-6.266153474937212131e-06,-4.390220378949538263e-06,-3.019678659282628058e-06,-2.688169992762164839e-06,-3.400881044902278738e-06,-4.607419089737634649e-06,-5.431947278871664888e-06,-5.061432609572998692e-06,-3.118851980404279708e-06,1.452005037408640391e-07,3.926603643212601460e-06,7.173132419321382885e-06,8.987260110848284701e-06,8.955485452001910287e-06,7.272411081429400699e-06,4.621413886337724844e-06,1.877663825335107408e-06,-2.321458959122630167e-07,-1.372370625863325246e-06,-1.655266322258242846e-06,-1.508891646495838525e-06,-1.430817513345068122e-06,-1.741807773876381712e-06,-2.442297258264270367e-06,-3.222669914961314630e-06,-3.611610267495144062e-06,-3.193464014823195441e-06,-1.804708390111365987e-06,3.650381896838691893e-07,2.801238993261021099e-06,4.807773573252826320e-06,5.713936451820975489e-06,5.077526593312958658e-06,2.823002449660558435e-06,-7.229531246244943121e-07,-4.905194193064812912e-06,-8.900432892235868011e-06,-1.191984015442460784e-05,-1.339992974252337056e-05,-1.313131993260182946e-05,-1.129130361923123184e-05,-8.372230802203782361e-06,-5.027584245495759349e-06,-1.882897941616238758e-06,6.294760150298706098e-07,2.360092353605911643e-06,3.430974293692950116e-06,4.133869873660067167e-06,4.782416991471926586e-06,5.578695043462495624e-06,6.545977808618035530e-06,7.548619965760290346e-06,8.380078056244218707e-06,8.869437840971072654e-06,8.950525880999422613e-06,8.659653115687181458e-06,8.068153130945559097e-06,7.193951851616992356e-06,5.951798590089765685e-06,4.184226921497511824e-06,1.771339438902840988e-06,-1.231330542996005300e-06,-4.504776933790904012e-06,-7.493810214433207519e-06,-9.564670665894905429e-06,-1.024134024911235160e-05,-9.419437819387485434e-06,-7.452288309570161213e-06,-5.052270321638136110e-06,-3.032973691405361568e-06,-1.995879298641721369e-06,-2.099701862117415885e-06,-3.020508671753491217e-06,-4.126383016753469910e-06,-4.789815484245294093e-06,-4.692761854658422530e-06,-3.978588955123471325e-06,-3.175260982648539704e-06,-2.923319255561172137e-06,-3.638039938578591237e-06,-5.270049401576090291e-06,-7.283960588268738804e-06,-8.870671691001433552e-06,-9.296033750589112525e-06,-8.222060719822846703e-06,-5.849697628693739838e-06,-2.818189119021519711e-06,8.714366040039968733e-08,2.276879327754898882e-06,3.587774091977684301e-06,4.298859276167040525e-06,4.937506130236667521e-06,5.980132840974358351e-06,7.597562914129752579e-06,9.565268550165201259e-06,1.137209642471877912e-05,1.246327169194892474e-05,1.249334403577252714e-05,1.146939619034336321e-05,9.727167144919453469e-06,7.767182659793569739e-06,6.040680798761452597e-06,4.787116072106866911e-06,3.986055202937666067e-06,3.422367657923153612e-06,2.810851728319643839e-06,1.910624426367089951e-06,5.832549002564263854e-07,-1.208002721510126163e-06,-3.425874184189499529e-06,-5.975418354795449361e-06,-8.693060457550881283e-06,-1.132470194917445273e-05,-1.352812029887352375e-05,-1.492621511668674267e-05,-1.520635526646474659e-05,-1.422745958337851973e-05,-1.208320656545997593e-05,-9.087245376250596671e-06,-5.685330460426115564e-06,-2.336536202076209060e-06,5.819712671889809447e-07,2.812616138446677175e-06,4.203770170172812816e-06,4.684367954527854839e-06,4.269526384649769504e-06,3.108544132442769924e-06,1.540084059477628926e-06,9.015468816687891949e-08,-6.376506233377861306e-07,-1.727248782742724586e-07,1.590482030414398896e-06,4.261217892122890994e-06,7.023593255685094400e-06,8.925621457043076654e-06,9.287388678090552924e-06,8.047333100128362991e-06,5.866439397014895011e-06,3.906085497512181318e-06,3.347635009974184642e-06,4.856973313394986189e-06,8.242953838977581208e-06,1.248364573324132814e-05,1.612753352568518244e-05,1.789718281111149912e-05,1.722037133604480689e-05,1.444304861713561686e-05,1.062907323940697352e-05,7.050486892453247304e-06,4.619762925450771756e-06,3.537231970372001964e-06,3.311811536153983093e-06,3.120699747252909289e-06,2.303287393421932886e-06,7.238721410293555351e-07,-1.183266381274131501e-06,-2.697795514165509242e-06,-3.260270481768603104e-06,-2.830643529866101655e-06,-1.957820859108384308e-06,-1.518337705220046046e-06,-2.262347333597131115e-06,-4.409723702645815300e-06,-7.512384958878768862e-06,-1.065623488040441168e-05,-1.289507194842793110e-05,-1.368721678807889723e-05,-1.310839600198355680e-05,-1.173878122226487400e-05,-1.029942528898230861e-05,-9.246913155141116435e-06,-8.552643290942143930e-06,-7.786198104446964878e-06,-6.450125546007093481e-06,-4.370846706709022013e-06,-1.915703049855092549e-06,1.011669770501042532e-07,7.912584692381345890e-07,-3.460257371526913768e-07,-3.116313361050353779e-06,-6.649695501182810601e-06,-9.752104964999669967e-06,-1.142333201763355095e-05,-1.128995629525759614e-05,-9.743651634081014552e-06,-7.722787302596621087e-06,-6.250750084148971204e-06,-5.958375566873652735e-06,-6.815268803857771855e-06,-8.182260339295630393e-06,-9.136940149927504871e-06,-8.898945000037052837e-06,-7.151043389486251513e-06,-4.123237253405900838e-06,-4.348858853027227994e-07,3.195723877960508958e-06,6.220004572180920963e-06,8.390099446527033472e-06,9.727140679773869076e-06,1.038884647052984343e-05,1.053593368512484112e-05,1.027134680012937726e-05,9.662498830551121581e-06,8.798558448533685776e-06,7.817947097068458256e-06,6.872181875564796948e-06,6.046544937156969923e-06,5.297351562785304296e-06,4.462369518352045111e-06,3.356066397778481209e-06,1.903320920047845425e-06,2.321438683436009152e-07,-1.338594172853887367e-06,-2.422770781601384190e-06,-2.741771537533496221e-06,-2.255455946996716281e-06,-1.174505373959444011e-06,1.549376493062472020e-07,1.429439527581400184e-06,2.526098936366546096e-06,3.518774833447295399e-06,4.562985724399837315e-06,5.720213470991094446e-06,6.833955372283892858e-06,7.545691741231456016e-06,7.459702782626485951e-06,6.375100880666273548e-06,4.454154753202862843e-06,2.219309323612094930e-06,3.583313431868661168e-07,-5.779862570360450941e-07,-4.361083800787526817e-07,4.585150082032821924e-07,1.447910773873046545e-06,1.849663371862914874e-06,1.276233382236612010e-06,-1.912228354296257796e-07,-2.056489777700785720e-06,-3.655268859053569941e-06,-4.465630121659469744e-06,-4.326487372889876225e-06,-3.464434757585791897e-06,-2.333759018896787443e-06,-1.369860491316229950e-06,-7.921087301359557918e-07,-5.524187963952536240e-07,-4.368583799966462346e-07,-2.417144700677756331e-07,8.926040964175322331e-08,4.464027685046944794e-07,6.560661982040138643e-07,6.291653441694615538e-07,4.551455010527535638e-07,3.759927831212543059e-07,6.512864190751609233e-07,1.395449511994129686e-06,2.489265084681831039e-06,3.625829504685362690e-06,4.470623918163560968e-06,4.844285794843041164e-06,4.818480159254825871e-06,4.662998652655466129e-06,4.669769192766041145e-06,4.955978507075525404e-06,5.367620062157611872e-06,5.552076312576609426e-06,5.171059439252145892e-06,4.138023712593496145e-06,2.738545824737922306e-06,1.546764265757036995e-06,1.159506956924481518e-06,1.874186088923483308e-06,3.478522015374693230e-06,5.273461410552741494e-06,6.336681942731841302e-06,5.911337715720154362e-06,3.737769700074142291e-06,1.706780834908953751e-07,-3.971507595248523414e-06,-7.748514676058981332e-06,-1.046614011589205315e-05,-1.190144408505589214e-05,-1.229670643102808896e-05,-1.215267013733992714e-05,-1.194621501681361783e-05,-1.192051566411054935e-05,-1.204013264733956924e-05,-1.210479372267372875e-05,-1.193029164213721924e-05,-1.147862171840483759e-05,-1.086253227603328453e-05,-1.023305676222546066e-05,-9.632026646178716065e-06,-8.912654981075536156e-06,-7.789298295119834374e-06,-5.998402185800932984e-06,-3.483178302834084587e-06,-4.951060205237347183e-07,2.452991177017986882e-06,4.768576287152096226e-06,6.010173594719193016e-06,6.056490551084834246e-06,5.136943765114674859e-06,3.718936244324845878e-06,2.316999690919398303e-06,1.318784617268342764e-06,9.000063080766323129e-07,1.042574134839014681e-06,1.613685881812160845e-06,2.441455566808280140e-06,3.344430332603955274e-06,4.119880238526322377e-06,4.534903730664012170e-06,4.367062088423041064e-06,3.503549117439845339e-06,2.053548700131881717e-06,3.948726713804876657e-07,-9.089216506666502587e-07,-1.321463415265610397e-06,-5.971756257954293339e-07,1.033873314487951471e-06,2.874506864058365317e-06,3.995686357143707697e-06,3.619975457384246204e-06,1.489300507557457490e-06,-1.957970503236872314e-06,-5.699934581878383570e-06,-8.503158926431874615e-06,-9.400366284867814809e-06,-8.066553270078606440e-06,-4.929546272018678045e-06,-9.717733503895447895e-07,2.679895720267203420e-06,5.187671842289261364e-06,6.270837183565225139e-06,6.207536449705998408e-06,5.600138695169375503e-06,5.041165417156205926e-06,4.849759300495715749e-06,4.995848479001518604e-06,5.222589457801938565e-06,5.274706391371294006e-06,5.093217629868628156e-06,4.866419019944366527e-06,4.912989691521066075e-06,5.467578319361835307e-06,6.492148645888929974e-06,7.621700140509824361e-06,8.281069621861848425e-06,7.919945822494839786e-06,6.252969245981220994e-06,3.390651056737014283e-06,-1.970145375251736446e-07,-3.859906548452945492e-06,-6.999737393459466765e-06,-9.246810102846923402e-06,-1.051066899971423247e-05,-1.090289273769210348e-05,-1.059449266593104499e-05,-9.697082668953246748e-06,-8.234528493766601681e-06,-6.214332894464793286e-06,-3.747232300155625949e-06,-1.131836429752365811e-06,1.164496212190935469e-06,2.643807299224255682e-06,2.984002823930363528e-06,2.217937701943889727e-06,7.892814609341406373e-07,-5.631290677742219333e-07,-1.065288084100783755e-06,-2.155262592839534293e-07,1.988661286983067789e-06,5.008880520378910107e-06,7.941787888695287875e-06,9.854158904081024238e-06,1.014683145608562292e-05,8.797543655475717115e-06,6.376533917487339518e-06,3.820720264854040803e-06,2.054839610381758289e-06,1.616726087675231364e-06,2.446909180402409764e-06,3.935364356044144315e-06,5.207333360651112521e-06,5.523614188268795052e-06,4.617076032490154780e-06,2.812956426866270458e-06,8.767376638186188505e-07,-3.422376163178820489e-07,-3.080343774574107965e-07,9.475991821149215515e-07,2.832180006980092362e-06,4.456738533707969568e-06,5.032488067045905490e-06,4.213633022141579356e-06,2.228341317076135312e-06,-2.557858363445347001e-07,-2.456685661408296662e-06,-3.829080331724114295e-06,-4.272455485745075118e-06,-4.105953255196416457e-06,-3.842787769059373484e-06,-3.897585826086289578e-06,-4.386711565625232490e-06,-5.121447689782590984e-06,-5.781057272810283175e-06,-6.150160918220228464e-06,-6.270055900686289831e-06,-6.406785148144665736e-06,-6.850727594752257844e-06,-7.669636559200789549e-06,-8.576186840410366982e-06,-9.015265575345060109e-06,-8.451860613553207892e-06,-6.715073875897723294e-06,-4.200395548961634807e-06,-1.788177760322249757e-06,-4.795488772922672150e-07,-9.092646859575626257e-07,-2.981585923463063846e-06,-5.836303119812958838e-06,-8.197995303592539056e-06,-8.965903166000756234e-06,-7.765134510370938199e-06,-5.178161267400550053e-06,-2.518153426917829781e-06,-1.227325468694089228e-06,-2.174805752937113233e-06,-5.191175855057840207e-06,-9.074462430641135738e-06,-1.208126518707046540e-05,-1.268406329131216908e-05,-1.024628713962031832e-05,-5.304751013372606915e-06,6.643699817795072655e-07,5.877139012058780360e-06,8.972402253506448915e-06,9.511325217965239985e-06,8.042698887581901444e-06,5.746493101524148455e-06,3.862367572001760309e-06,3.188358990592645593e-06,3.867041275911571249e-06,5.507810493280738766e-06,7.519289654353490675e-06,9.436840524393213920e-06,1.106700685661122530e-05,1.240306725697675997e-05,1.341253666234390059e-05,1.387303330782095429e-05,1.339555142225981919e-05,1.164806845404656017e-05,8.653293655776460043e-06,4.966182098503069866e-06,1.583925396426917732e-06,-4.176612183087277004e-07,-3.682188653056087561e-07,1.633220687892198716e-06,4.677071594191461372e-06,7.377094925902291864e-06,8.443832768030507389e-06,7.234562907400364061e-06,4.018569525922037968e-06,-1.696018746303879972e-07,-4.016311647740812040e-06,-6.516942953884988156e-06,-7.382476097686743025e-06,-7.076868607148721307e-06,-6.485640631039671535e-06,-6.399945915889654933e-06,-7.086958313626185996e-06,-8.164490460932196229e-06,-8.835176182759425938e-06,-8.348553431486867068e-06,-6.444019665790929849e-06,-3.541336906483612745e-06,-5.784313296683552403e-07,1.421710452471742812e-06,1.835890707071361183e-06,7.342204596181663292e-07,-1.161700434550606057e-06,-2.830711559345576695e-06,-3.436107734591723149e-06,-2.703172562297625786e-06,-1.010663957414654318e-06,8.378124801793031163e-07,2.039267101692024741e-06,2.198746037834967640e-06,1.520070226480807510e-06,6.930026771744784586e-07,5.391320301601540146e-07,1.592182731054463915e-06,3.813954979501958168e-06,6.577203432874043196e-06,8.919357464198712622e-06,9.948235188666727642e-06,9.218389083038396861e-06,6.918258233612129437e-06,3.797841064519035288e-06,8.793128120518645553e-07,-9.216625098114269162e-07,-1.111498242716017540e-06,2.418094331013569425e-07,2.578400978658395011e-06,5.075918945380398663e-06,6.936381840518830095e-06,7.622090942223867219e-06,6.967309418055541059e-06,5.149320226212054143e-06,2.556262825106970651e-06,-3.795668156735159094e-07,-3.313595044914787689e-06,-6.042535843949174808e-06,-8.475611829208876030e-06,-1.055605280380286148e-05,-1.218514706378646984e-05,-1.319641633019552160e-05,-1.340051489855402594e-05,-1.268350043023138299e-05,-1.110903195443276898e-05,-8.964733976399101082e-06,-6.712093400545774097e-06,-4.842331695408307664e-06,-3.689577028845268895e-06,-3.283518739336977118e-06,-3.318171016688072550e-06,-3.268715304181118271e-06,-2.621420926001537260e-06,-1.122825033853521363e-06,1.065965400530886051e-06,3.391176392577362377e-06,5.110323504877962079e-06,5.598896481805198124e-06,4.626518186580588771e-06,2.475467420375636489e-06,-1.582690948503469598e-07,-2.442172435932244623e-06,-3.739369833969809826e-06,-3.845460199644403190e-06,-3.024501301320663770e-06,-1.835140129946538988e-06,-8.389002222308051349e-07,-3.376524811220230463e-07,-2.680206213995452989e-07,-2.962370521121794663e-07,-5.094064037457330560e-08,6.409810184612479268e-07,1.650258986074256820e-06,2.633607579766308314e-06,3.265838557743640010e-06,3.480697849485221671e-06,3.571073021936446871e-06,4.068805717230152614e-06,5.444799220044023771e-06,7.778730513172115184e-06,1.058399017582703138e-05,1.291167406850885243e-05,1.372227003352245239e-05,1.237055528486471877e-05,8.972569985048017596e-06,4.458591896297315558e-06,2.536379337715077902e-07,-2.294994024513376900e-06,-2.491803472024957303e-06,-6.002719382370862724e-07,2.272817360177834512e-06,4.678119988841359759e-06,5.487496239835548867e-06,4.413996187252626985e-06,2.140654861045959742e-06,-9.751449187768935253e-09,-7.152310818631721376e-07,6.937026326439896635e-07,3.880546220871044534e-06,7.619722589043222995e-06,1.033466904677422969e-05,1.080735936429473236e-05,8.726253053209728376e-06,4.814593024416956765e-06,4.792970010505104117e-07,-2.851982248211603601e-06,-4.390508813265964356e-06,-4.330693713470710031e-06,-3.718730792490777205e-06,-3.913222111374301661e-06,-5.899462925367608160e-06,-9.786627739207615786e-06,-1.472667141536495868e-05,-1.929007718874012047e-05,-2.211547989671149516e-05,-2.252239985004920479e-05,-2.079883022792442326e-05,-1.803503425047888665e-05,-1.559264188323091643e-05,-1.446843812150061759e-05,-1.485453482827738588e-05,-1.609385334075066508e-05,-1.703537511112027149e-05,-1.660368805289958480e-05,-1.430326092020995790e-05,-1.042167632272425210e-05,-5.851500755758630758e-06,-1.637931771193100187e-06,1.513509109776611159e-06,3.527558276022792555e-06,4.917160290474617825e-06,6.447440096437077536e-06,8.686981047598411383e-06,1.167472836260624136e-05,1.486384103380903418e-05,1.736138659338413482e-05,1.833865292509302336e-05,1.741152228864988649e-05,1.481620234353909692e-05,1.131306376627835981e-05,7.881936162848877331e-06,5.360562708504811105e-06,4.185105419968483315e-06,4.322866650091507173e-06,5.385782023224178992e-06,6.834006563606301427e-06,8.159439572690995232e-06,8.980492116931019250e-06,9.049400862552401932e-06,8.226923380606653954e-06,6.485400734246716240e-06,3.960367443577435041e-06,1.013233067620863381e-06,-1.766216546969675284e-06,-3.672415263611768038e-06,-4.104986180975860657e-06,-2.818551996816675641e-06,-8.219337857124696876e-08,3.348481861918670287e-06,6.464486508111086125e-06,8.360941822390902478e-06,8.570964573584699114e-06,7.229775674275246177e-06,4.995942312268235068e-06,2.766491955019184704e-06,1.315072335486973041e-06,1.011900863618982093e-06,1.737795392844643173e-06,3.007715916919027516e-06,4.222227422861732088e-06,4.916163677722862041e-06,4.893420313171079391e-06,4.209287402376273548e-06,3.044626321146605007e-06,1.564782842234285766e-06,-1.523037511710544740e-07,-2.089387607292144521e-06,-4.201130587786068166e-06,-6.337152728812960743e-06,-8.239264475145729506e-06,-9.624363571150197378e-06,-1.030713585217733312e-05,-1.028865309591253407e-05,-9.755427899887811973e-06,-8.986963254858189640e-06,-8.225244941314388040e-06,-7.582455702748591906e-06,-7.038648115047060288e-06,-6.523577835350119224e-06,-6.021795889317356464e-06,-5.622681161875545905e-06,-5.470591583563801479e-06,-5.636641509599530842e-06,-5.992765882466728857e-06,-6.182053174770879006e-06,-5.733368768104264063e-06,-4.284945595727785697e-06,-1.807722524348889100e-06,1.299502903606693759e-06,4.317185900605727691e-06,6.485575707899350224e-06,7.331892826857632795e-06,6.880103845595486043e-06,5.628552103170937381e-06,4.295757830063106645e-06,3.456801978585400417e-06,3.255709218429489959e-06,3.345876215453159902e-06,3.094489069999607538e-06,1.947428963602828596e-06,-2.371623841480554627e-07,-3.066375065216132796e-06,-5.771931910762991698e-06,-7.573088937254239865e-06,-8.054755750501389446e-06,-7.362292603113675385e-06,-6.111008894873170575e-06,-5.060833684751354334e-06,-4.732489191518040557e-06,-5.171471906766648571e-06,-5.982592447737110445e-06,-6.605670294099791649e-06,-6.666272275070464178e-06,-6.191546117480689749e-06,-5.557643901798912857e-06,-5.192423134315115629e-06,-5.208289755917567039e-06,-5.197858292629405338e-06,-4.350396872404983791e-06,-1.872979650536700809e-06,2.482282593188968180e-06,8.073082692801948927e-06,1.343113026321365159e-05,1.677217559073850418e-05,1.675870059321085708e-05,1.317129741123986155e-05,7.155905672242979655e-06,8.915466345079476906e-07,-3.212831803781073465e-06,-3.459403675089473107e-06,4.672335367462594236e-07,7.392038090865871400e-06,1.514760751166388692e-05,2.145189430521535681e-05,2.477730406289177116e-05,2.484171408806158180e-05,2.253719463928193376e-05,1.937187631018989697e-05,1.671128349755268661e-05,1.517320766517164615e-05,1.443271188843866379e-05,1.348754323270522285e-05,1.122218341079810542e-05,6.988682305859503151e-06,9.409102570113431528e-07,-6.006012105797914292e-06,-1.254123222856581706e-05,-1.746301640308006137e-05,-2.009967980898130592e-05,-2.048743212944722461e-05,-1.926855196116724174e-05,-1.739126879052743673e-05,-1.575574273527296430e-05,-1.494233419725788884e-05,-1.509794105767003024e-05,-1.598153367859744006e-05,-1.711577305867857587e-05,-1.797332500356223559e-05,-1.813852619124545394e-05,-1.741017219084677704e-05,-1.583386717342172962e-05,-1.366702879962020487e-05,-1.128975451700610284e-05,-9.085439616495228827e-06,-7.325822694824528732e-06,-6.098800658020169981e-06,-5.305784946369635341e-06,-4.727908864319517819e-06,-4.127978933879069252e-06,-3.335917613095417785e-06,-2.274007218326849565e-06,-9.141694918521869766e-07,7.953868938630501644e-07,2.970141131568809272e-06,5.744354030467756910e-06,9.140748402319399637e-06,1.291812321209586291e-05,1.649842913740721999e-05,1.905745555801616987e-05,1.978902791115673995e-05,1.825420623757053782e-05,1.465714094151909821e-05,9.893000329258105135e-06,5.301128748966374431e-06,2.193590310896467752e-06,1.349325057273616724e-06,2.702335718420342768e-06,5.380171842696792906e-06,8.093176787115632324e-06,9.707869434880995289e-06,9.742855045712866963e-06,8.554460062660371633e-06,7.123148711550626285e-06,6.543140535124786012e-06,7.462412183256723565e-06,9.745187409132052283e-06,1.251981990223608371e-05,1.458497403245780515e-05,1.497099250097764946e-05,1.337958399019870665e-05,1.029004257191698612e-05,6.690125089819096496e-06,3.577378183379112038e-06,1.486852513467592587e-06,2.793083259398148615e-07,-7.158569088790021540e-07,-2.292395370951410064e-06,-4.915328842927046634e-06,-8.461070533643259606e-06,-1.227712959048762726e-05,-1.551817272771288981e-05,-1.757223288044531563e-05,-1.834943872291500193e-05,-1.828464196435015113e-05,-1.806019640388564079e-05,-1.820285480370250825e-05,-1.877220808768926018e-05,-1.930630719781724775e-05,-1.905306713956182602e-05,-1.736722634638722873e-05,-1.406928625643653223e-05,-9.585725343898655055e-06,-4.803318786494776076e-06,-7.131561520216560706e-07,1.981530664934255592e-06,3.112298886151433211e-06,3.047367894945521320e-06,2.471878543548013150e-06,2.070084375218123749e-06,2.262461495870792348e-06,3.102584451190003233e-06,4.346582341777201245e-06,5.624742704990496210e-06,6.612032247811171425e-06,7.121189788843224172e-06,7.103820778472670064e-06,6.600392116990135072e-06,5.697124780142265694e-06,4.521760444499422201e-06,3.264252439083911931e-06,2.177390707217158457e-06,1.519682213893873863e-06,1.445319289280057828e-06,1.895635049428799510e-06,2.567509896131675811e-06,3.006704926687374674e-06,2.807780988706050769e-06,1.833145458491810426e-06,3.342603809265587849e-07,-1.108278586208306446e-06,-1.823272999318167142e-06,-1.367864035865981227e-06,2.250434206505618027e-07,2.401665497270794642e-06,4.284723641511649750e-06,5.036389175602625806e-06,4.225250476427118421e-06,2.028026906809798102e-06,-8.283275954584159424e-07,-3.357378033586119347e-06,-4.702903002100017640e-06,-4.453077882903838155e-06,-2.748896125131865113e-06,-1.603537063399059838e-07,2.587078813775361557e-06,4.893433313436953439e-06,6.446279343082052653e-06,7.214656511711835519e-06,7.318976650416100210e-06,6.879443051664134117e-06,5.940597946750142004e-06,4.509116519525670393e-06,2.664193369483727203e-06,6.509785809275255425e-07,-1.124526468334942951e-06,-2.221305368558055173e-06,-2.356160974686701981e-06,-1.561607724206551599e-06,-2.150036251519317707e-07,1.093310662116854025e-06,1.802556091607579880e-06,1.625003963364434002e-06,6.759607364775532008e-07,-5.717587727003683701e-07,-1.488586583356604639e-06,-1.553471850331233704e-06,-5.682003974407169367e-07,1.264843039310491681e-06,3.421410453214366342e-06,5.243721312642646115e-06,6.154671730588478962e-06,5.819597937795961704e-06,4.214224003926833789e-06,1.601459648921395652e-06,-1.552010982286770152e-06,-4.684639838187842997e-06,-7.252617910991293443e-06,-8.837523503331318534e-06,-9.241371964980106578e-06,-8.550609773266369532e-06,-7.140381013183566346e-06,-5.595783958887835691e-06,-4.553530422709081066e-06,-4.505614038009746808e-06,-5.635074426058758499e-06,-7.752612519183480353e-06,-1.036610160860968294e-05,-1.285763784461160352e-05,-1.469329362407578250e-05,-1.557620039715406905e-05,-1.548350406271130670e-05,-1.458736534505479313e-05,-1.311763629407944760e-05,-1.124767195981072185e-05,-9.062077891552000757e-06,-6.609853168127483086e-06,-3.991490443954301182e-06,-1.407492729903476111e-06,8.779652788321972080e-07,2.646090462653468853e-06,3.838609352151550306e-06,4.597650900098562681e-06,5.187504155944206077e-06,5.827926309168340353e-06,6.532723740528221051e-06,7.060927836618177552e-06,7.035522473270728156e-06,6.189481327087185435e-06,4.612803717342261393e-06,2.850189828006312717e-06,1.759649604660888778e-06,2.163696725757233913e-06,4.445196173945060714e-06,8.291600088915871157e-06,1.273803112166644423e-05,1.652003733822818637e-05,1.858854653774712597e-05,1.854599072077668705e-05,1.678833598601904187e-05,1.427689481891749687e-05,1.204922795626749211e-05,1.071459793314906160e-05,1.019221612086037418e-05,9.828196178092194970e-06,8.829489651669162551e-06,6.782471154716052896e-06,3.971991249605283138e-06,1.315211025328568734e-06,-7.424292385864870422e-08,5.236780744730693201e-07,2.998770477297874741e-06,6.366813206004984382e-06,9.161599801885870361e-06,1.008100572860813847e-05,8.570460963398185419e-06,5.054685415664711857e-06,7.062256601507737948e-07,-3.124657211487668443e-06,-5.523641551021847093e-06,-6.359380723550800222e-06,-6.201987672760146256e-06,-5.883040182517088741e-06,-5.958088176272987772e-06,-6.379170915677068484e-06,-6.561471335491859833e-06,-5.801995410927916725e-06,-3.803402965101827270e-06,-9.873772679907738861e-07,1.609051020672269053e-06,2.829612138979700082e-06,2.034230528014574189e-06,-4.775549770390617049e-07,-3.514050005201584698e-06,-5.527296035379300208e-06,-5.389576534075461991e-06,-3.016137851285524213e-06,5.036494425051068438e-07,3.365891392679233966e-06,3.900114742329836798e-06,1.394647150270965306e-06,-3.515003200114278274e-06,-9.100295419234235460e-06,-1.332350971954776498e-05,-1.477231285178626609e-05,-1.328890658955466599e-05,-9.990241831129856390e-06,-6.680845376977469152e-06,-4.961574262831492520e-06,-5.482409613746867332e-06,-7.703139259529342435e-06,-1.025887106102431757e-05,-1.171774849985608298e-05,-1.132602267326010607e-05,-9.357421490892064820e-06,-6.903321636734765258e-06,-5.238539661864579755e-06,-5.116632081984691124e-06,-6.375027477194250479e-06,-8.054298113338547577e-06,-8.954820153134768822e-06,-8.319485152255303416e-06,-6.267524440806857600e-06,-3.743564202632519724e-06,-2.010798242604183157e-06,-1.964273821915424283e-06,-3.637094083809831797e-06,-6.167726321565622684e-06,-8.247697251577168373e-06,-8.809913080404776017e-06,-7.587730427062720828e-06,-5.243372466665786027e-06,-2.994646111103210296e-06,-1.938068428559415662e-06,-2.430774114885295115e-06,-3.865193085983573888e-06,-4.964103819433795243e-06,-4.448303361818059396e-06,-1.730232916502613620e-06,2.730585208546759638e-06,7.601162395312762917e-06,1.129524641526438121e-05,1.272693469862466345e-05,1.181608173129062478e-05,9.492201035328109209e-06,7.200874627023450453e-06,6.169347703419290934e-06,6.806505832053877173e-06,8.538180942523593790e-06,1.015282740335702439e-05,1.047278485428750864e-05,9.004976634444257681e-06,6.241117932273937748e-06,3.458514412800143514e-06,2.122989192011877957e-06,3.188597545943247571e-06,6.631358023589423578e-06,1.143182321803412157e-05,1.600160889760406473e-05,1.884357681467317970e-05,1.914169560489163493e-05,1.703085670515995268e-05,1.346083705143968525e-05,9.754641215332506029e-06,7.080484351730366757e-06,6.061941488233005292e-06,6.656049994664264598e-06,8.294178581580067909e-06,1.017484677854682376e-05,1.156429019575365231e-05,1.199822256067191932e-05,1.135033062225309927e-05,9.794118661524479197e-06,7.707710203270082145e-06,5.559271003613299528e-06,3.788620962618692819e-06,2.693342470635140683e-06,2.341367585410904347e-06,2.549859201328353649e-06,2.966108560169345596e-06,3.246519658266457203e-06,3.268096715563898358e-06,3.260371006984570148e-06,3.753538746998016448e-06,5.314447308973119282e-06,8.158663435615491350e-06,1.182411625446937811e-05,1.510742134043632053e-05,1.637064217613632075e-05,1.415397751185605446e-05,7.858320597775718565e-06,-1.817182248843150068e-06,-1.292820181808804969e-05,-2.287314325276034442e-05,-2.931323568150750840e-05,-3.104868669217722654e-05,-2.846698449667766365e-05,-2.335304174192068540e-05,-1.813212436614298603e-05,-1.487432883192486693e-05,-1.449879839239643438e-05,-1.652103139468738676e-05,-1.943078976973955802e-05,-2.149418792077563843e-05,-2.158386177359094383e-05,-1.964641784417117052e-05,-1.661024401652910868e-05,-1.381923902604000503e-05,-1.230658549015287815e-05,-1.228486747585032597e-05,-1.309881932999684256e-05,-1.363735982164935570e-05,-1.296421286013718711e-05,-1.082342432962205597e-05,-7.756683677607218195e-06,-4.785760340051391722e-06,-2.847661095670412468e-06,-2.297543591771432155e-06,-2.749339617085093474e-06,-3.333811326584083809e-06,-3.222977829549866087e-06,-2.123715809059996354e-06,-4.605895081654922772e-07,8.609959943798212937e-07,9.878696880820252387e-07,-3.430127434469721360e-07,-2.565151631045555977e-06,-4.492073498920629045e-06,-4.888378966131948043e-06,-3.117124824130504939e-06,4.733207788634910314e-07,4.635964513726189803e-06,7.761152690336832420e-06,8.608541934495324226e-06,6.879046004923980944e-06,3.347352716784085613e-06,-5.073327542148640040e-07,-3.187591888940755439e-06,-3.844053756174775647e-06,-2.602025621980749285e-06,-4.043920704460797123e-07,1.531123636861139880e-06,2.356021311749495715e-06,2.013098127025748454e-06,1.236064699306707524e-06,1.143883401601870906e-06,2.647370429090559723e-06,5.969609443643103030e-06,1.051267821677298863e-05,1.512255257589084517e-05,1.860703255031853311e-05,2.024662865850969512e-05,2.005768016566198694e-05,1.870267703721207854e-05,1.712002322635931451e-05,1.607374121463497121e-05,1.584318503495735805e-05,1.618289388415893805e-05,1.653752317539312531e-05,1.637395797376255937e-05,1.545185462551217569e-05,1.390747626299914388e-05,1.213663010346645555e-05,1.056741688741317313e-05,9.458145216872675847e-06,8.822889754480923015e-06,8.502594102644966159e-06,8.314864452121566182e-06,8.177963969524527211e-06,8.131456678488396407e-06,8.247397606304913238e-06,8.497714212504166149e-06,8.673129817844843446e-06,8.419909469267852141e-06,7.390313167697940121e-06,5.431849091954272099e-06,2.710224794666480944e-06,-3.105317529411799890e-07,-3.034495436211393889e-06,-4.972525980412265382e-06,-5.937939430390218367e-06,-6.102511197242069606e-06,-5.885340267800645889e-06,-5.731211042321268904e-06,-5.890706199203649089e-06,-6.312916394513741696e-06,-6.704018649429346485e-06,-6.720642388221954501e-06,-6.198368536164968162e-06,-5.297007411109895909e-06,-4.484305744051796989e-06,-4.358244156342070579e-06,-5.386535221979935573e-06,-7.682622537987697856e-06,-1.092169386809122986e-05,-1.443649512377705444e-05,-1.745182877457907822e-05,-1.935625473862489051e-05,-1.989655611900046329e-05,-1.921910914773938329e-05,-1.775290876475332138e-05,-1.599845982032840796e-05,-1.432378199580620341e-05,-1.285804447248390731e-05,-1.152164548180908255e-05,-1.016398763438790662e-05,-8.728402696855235381e-06,-7.351520886480828840e-06,-6.337432640374781069e-06,-6.010137679413945267e-06,-6.511880033683896263e-06,-7.649712844659079943e-06,-8.880082744781083796e-06,-9.464280310262360093e-06,-8.749635872394320675e-06,-6.466722409680058755e-06,-2.912142789436987403e-06,1.077426546402121690e-06,4.373146525971613496e-06,5.943594518054636124e-06,5.240055109664314095e-06,2.423980620898329266e-06,-1.660150593452231983e-06,-5.763895288375890190e-06,-8.662124523122654348e-06,-9.565171896430941601e-06,-8.359910537144654377e-06,-5.595010499740668348e-06,-2.229621837287999377e-06,7.432689403873120925e-07,2.645959460971016188e-06,3.308536146432698100e-06,3.050368115127348553e-06,2.485891543909229008e-06,2.254784740719424588e-06,2.791258559877679852e-06,4.211544163872961094e-06,6.335645509870899555e-06,8.801735111804591448e-06,1.120479658440893920e-05,1.320189463482276925e-05,1.456144635264554207e-05,1.516931000213499867e-05,1.502043592084477907e-05,1.421589893137469112e-05,1.296222855691092972e-05,1.155211845642325806e-05,1.030748967828152159e-05,9.488271864662665075e-06,9.199248341829188366e-06,9.342743135225862835e-06,9.653106787029304916e-06,9.811972129897085230e-06,9.599231686498541031e-06,9.008385855702235259e-06,8.263679685713675306e-06,7.719578601348738232e-06,7.680861381643931392e-06,8.224769778019804336e-06,9.112035141961692894e-06,9.836612575907861307e-06,9.801591861653526905e-06,8.551082022197690257e-06,5.962515991792883157e-06,2.321905690242539255e-06,-1.744440660356736271e-06,-5.450137210239805836e-06,-8.070998522713683526e-06,-9.135250430031102611e-06,-8.532831615097657689e-06,-6.531340983667056820e-06,-3.713517232052022580e-06,-8.594961742865950584e-07,1.208513187592309209e-06,1.806500208540124637e-06,5.732943063626650674e-07,-2.381602153447939682e-06,-6.426523928544432741e-06,-1.050721809893312894e-05,-1.341188195612132694e-05,-1.414812234593200239e-05,-1.231156939504314197e-05,-8.297592041912884049e-06,-3.243158408315739188e-06,1.318011618495055527e-06,3.982967589852945111e-06,3.994349198076603945e-06,1.532678465482638395e-06,-2.345862652186848588e-06,-6.115564816192703175e-06,-8.373967822000576990e-06,-8.379932521807328843e-06,-6.314989809965037639e-06,-3.163019199510425776e-06,-2.670911854455499201e-07,1.240499124229769991e-06,8.897861230187981960e-07,-9.793391587549219752e-07,-3.420014934273037300e-06,-5.324011556456889750e-06,-5.902901224343195777e-06,-4.994769090110004505e-06,-3.076371752101962346e-06,-9.978325874682109575e-07,4.227589874129081137e-07,7.564198979286766961e-07,1.192582473861178689e-07,-9.255701852517743282e-07,-1.658042848875326439e-06,-1.543193541136389957e-06,-4.727784426453848315e-07,1.191412278963625978e-06,2.780382864147645657e-06,3.608953067141692719e-06,3.270056137547897184e-06,1.813617287386943512e-06,-2.572970302452040547e-07,-2.167586324426664633e-06,-3.157062705763575155e-06,-2.765018096970857936e-06,-1.006885364515336225e-06,1.623096201631804898e-06,4.326693629211267893e-06,6.292056971493662819e-06,6.991716846822772047e-06,6.371527804885338702e-06,4.849677236136047394e-06,3.116768323626776780e-06,1.811517734275798689e-06,1.207949041769533697e-06,1.058897571842418433e-06,6.853593007846721508e-07,-7.023701826325913967e-07,-3.576480593446816432e-06,-7.747817323638650150e-06,-1.228327795398510753e-05,-1.576171071727788020e-05,-1.679782737390885154e-05,-1.463192880905163708e-05,-9.531205559968700605e-06,-2.808038709906843815e-06,3.586023713089684690e-06,7.748898275510927977e-06,8.526928172223142958e-06,5.936392267056342553e-06,1.131250144942446194e-06,-4.067476086942736116e-06,-7.878719722204055129e-06,-9.206063000566236734e-06,-7.958235125563874632e-06,-4.935766339934424095e-06,-1.369858751417820370e-06,1.652471101856173435e-06,3.609543189329583684e-06,4.637271799716015089e-06,5.286211268586909234e-06,6.098613434430349240e-06,7.237652361697028127e-06,8.360011979174259181e-06,8.789673093742985546e-06,7.894681601106274312e-06,5.467957718999602357e-06,1.915389393174306539e-06,-1.845651368138367013e-06,-4.729882741687543621e-06,-5.906441044833121407e-06,-5.104912944303574466e-06,-2.673978769583891257e-06,6.150137234444710679e-07,3.907997796502872185e-06,6.583128950019127596e-06,8.401371320928313255e-06,9.448458626575280097e-06,9.933040209499388685e-06,9.973102107502922829e-06,9.496680788224137875e-06,8.310693668328503317e-06,6.293769139716853045e-06,3.596919822414537858e-06,7.263598055595417407e-07,-1.560267667070247660e-06,-2.518714290674015963e-06,-1.733743643551039235e-06,6.586200167078533730e-07,3.953105894402697139e-06,7.087100847408259381e-06,9.009207503395596440e-06,9.062197331716622891e-06,7.228205039915342615e-06,4.136689192904457863e-06,8.285577408201352142e-07,-1.634762283705197576e-06,-2.567996453996171696e-06,-1.912244366221867030e-06,-2.419037387841771958e-07,1.475946874754819985e-06,2.278525438738733886e-06,1.606933519757292728e-06,-4.506710711379370048e-07,-3.175100724298933149e-06,-5.494980297724372313e-06,-6.426113041179494284e-06,-5.498036132907599100e-06,-2.989528068719335626e-06,1.367451461335047256e-07,2.591120060620064947e-06,3.272429695799599142e-06,1.733638964043309753e-06,-1.601858282983503653e-06,-5.576872915686471104e-06,-8.746885355378879935e-06,-9.957479650118696883e-06,-8.810310565736527601e-06,-5.816236195589200786e-06,-2.166449542587880312e-06,7.804071437492896306e-07,2.070092306766290091e-06,1.531074152696127342e-06,-2.058789004053478498e-07,-2.048138177413052890e-06,-2.977921788244126490e-06,-2.532734282829066495e-06,-1.007045261844376251e-06,7.122370429147182323e-07,1.588377394402766558e-06,9.359251885396723302e-07,-1.262966500481753849e-06,-4.375033852648743400e-06,-7.446237955997745200e-06,-9.671156549174464727e-06,-1.075963704924868157e-05,-1.101437305474817301e-05,-1.108345234494911459e-05,-1.152172224340583938e-05,-1.239791483925652950e-05,-1.316727449532934720e-05,-1.289817344675507910e-05,-1.075966593619297419e-05,-6.535386180673893892e-06,-8.998316178474225500e-07,4.706044560268782391e-06,8.577563932121805743e-06,9.422806694774313210e-06,6.916904256019801074e-06,1.882714545106103289e-06,-3.992284645707376670e-06,-8.789143664302693414e-06,-1.107397022997970338e-05,-1.039823797063998518e-05,-7.382982507462356794e-06,-3.371260463183256067e-06,1.827340700702856718e-07,2.317004501929426519e-06,2.906549980197438374e-06,2.624997280315793093e-06,2.569090279062841048e-06,3.729731079704718101e-06,6.541366828112342944e-06,1.068774757441599076e-05,1.521984303244681728e-05,1.891058400782037846e-05,2.068741465322179645e-05,1.997578151459813051e-05,1.684611633884652317e-05,1.194731539468262606e-05,6.287852391102039688e-06,9.620057109452070556e-07,-3.091375384549887247e-06,-5.249126922696739972e-06,-5.276140726323810434e-06,-3.326984398969463535e-06,1.040904513912968714e-07,4.275686490053656473e-06,8.332032083900646358e-06,1.146726739531529688e-05,1.309498873602442059e-05,1.298026527171584444e-05,1.128986192916023700e-05,8.536475218715240573e-06,5.428464625443405331e-06,2.671970698810086013e-06,7.901646714819790379e-07,1.554005380321494942e-08,2.798265453954913286e-07,1.287633471855529046e-06,2.632550299525892076e-06,3.909528038134252041e-06,4.793717508189155937e-06,5.081131775629901244e-06,4.704600111888606072e-06,3.739574397758288812e-06,2.400398890611433616e-06,1.011226225771226358e-06,-6.784564863177094986e-08,-5.616579648912793421e-07,-4.178892281305811904e-07,9.738297746812985961e-08,4.111891455179807512e-07,-2.033322887255909713e-07,-2.357551595647619739e-06,-6.250859739888819105e-06,-1.147259431566314282e-05,-1.701165581861707084e-05,-2.151192692534786963e-05,-2.370985594861490660e-05,-2.290110024359459016e-05,-1.924897312180135338e-05,-1.379125104635137645e-05,-8.113058656629456691e-06,-3.789755347975462232e-06,-1.807526302150367584e-06,-2.192929807147304136e-06,-4.010061917486890389e-06,-5.740464057056405498e-06,-5.903978052726253817e-06,-3.674687505794427583e-06,7.588400740377463702e-07,6.240235119539643005e-06,1.108539314378441688e-05,1.374054549101911917e-05,1.339219890474439682e-05,1.028197990457058589e-05,5.600970862324268567e-06,1.011050593185502940e-06,-2.007630166242225593e-06,-2.716772649277484362e-06,-1.365446598344477217e-06,9.666737893172490898e-07,2.849500741261915326e-06,3.099206194200328090e-06,1.246741198535127051e-06,-2.301853845182932971e-06,-6.458380333405121872e-06,-9.898316162680985403e-06,-1.156477112277289794e-05,-1.102832504805185637e-05,-8.576796773767966477e-06,-5.030280208669930351e-06,-1.388000140715668268e-06,1.531572633210213055e-06,3.315192159404018277e-06,3.979022598031117832e-06,3.822759929561200694e-06,3.212661286763823954e-06,2.407009094160965219e-06,1.497589095481581434e-06,4.712214939955574446e-07,-6.674010371338851084e-07,-1.796574300286663935e-06,-2.667198706347947819e-06,-2.993480681664660742e-06,-2.599964895615684868e-06,-1.547479014668506467e-06,-1.676848154624556896e-07,1.021762667013979536e-06,1.493158792114964788e-06,9.042121036834251721e-07,-7.689986975507771409e-07,-3.217197827344173350e-06,-5.906430451664894954e-06,-8.263683782923893570e-06,-9.863215406320256432e-06,-1.054036948468624721e-05,-1.039333878695695068e-05,-9.681949840418099652e-06,-8.675115742017626644e-06,-7.517656096641249699e-06,-6.175679401774616011e-06,-4.483300440930468901e-06,-2.267670256961340048e-06,5.068146771623057488e-07,3.645569552302865487e-06,6.733741715578705005e-06,9.258180140250911588e-06,1.080105844798465246e-05,1.122830434210333421e-05,1.078911014732485093e-05,1.007116639155752045e-05,9.811402353554982077e-06,1.062332589803364513e-05,1.274408180049049278e-05,1.590708980646622409e-05,1.940428308749799865e-05,2.232894622345583783e-05,2.391425269399049673e-05,2.383612929613870664e-05,2.235442785231098691e-05,2.022520234372920521e-05,1.840760778804311528e-05,1.767466965427938935e-05,1.828115025163944512e-05,1.982367021727518523e-05,2.135403894038814124e-05,2.170671592769126435e-05,1.991721045143940636e-05,1.557479594914663661e-05,8.982618431144462980e-06,1.076201529438533629e-06,-6.857205962289334167e-06,-1.354910647903104704e-05,-1.808263555126949390e-05,-2.009187045686399589e-05,-1.979189627059346559e-05,-1.786331403022154316e-05,-1.524972345625350281e-05,-1.293025753038962202e-05,-1.171183657972601402e-05,-1.206584312522769369e-05,-1.402514451653691290e-05,-1.716034659970738517e-05,-2.065687869773966524e-05,-2.350197910761042208e-05,-2.475712370387677630e-05,-2.384758323149053881e-05,-2.077041683777977027e-05,-1.612937391855607855e-05,-1.095854476518864340e-05,-6.380366625234891014e-06,-3.221474329918209907e-06,-1.741733627218058568e-06,-1.594957508572623491e-06,-2.043791680362892756e-06,-2.336794205386262545e-06,-2.077037596024253714e-06,-1.409701084374698516e-06,-9.369102033236715502e-07,-1.396505759064018456e-06,-3.256754618612936982e-06,-6.424048280175130457e-06,-1.021072557216983300e-05,-1.358701723758556600e-05,-1.560358985214699073e-05,-1.578680540434347599e-05,-1.432011523735076272e-05,-1.192752280109225095e-05,-9.518803977989795007e-06,-7.770206747696462431e-06,-6.842248641576810010e-06,-6.364631774757186759e-06,-5.683745320218329909e-06,-4.238675050247379875e-06,-1.871945657989599761e-06,1.079747179106586974e-06,3.953334316109440346e-06,6.091308141483375671e-06,7.161961161483342655e-06,7.302933320513837027e-06,7.019006853500964325e-06,6.895171571933138891e-06,7.282250416162126610e-06,8.125081955542784866e-06,9.026382559602046915e-06,9.513364088168385499e-06,9.364580662108604482e-06,8.818202061648376062e-06,8.539040129581709288e-06,9.342075463749120517e-06,1.179439279652251241e-05,1.588327383697946951e-05,2.091323287109840602e-05,2.569164674852019551e-05,2.893172754856452363e-05,2.970527205070639588e-05,2.775953242083345777e-05,2.357746485396410336e-05,1.817428886500045777e-05,1.273124193640460969e-05,8.222159701480342281e-06,5.171349874472209235e-06,3.608279876491839516e-06,3.195502934078058317e-06,3.442702321654860586e-06,3.905495247125032587e-06,4.299743844223260846e-06,4.516392903942623852e-06,4.568163435189030832e-06,4.517685001134176029e-06,4.425167022333179155e-06,4.326658038519219387e-06,4.230742857801109288e-06,4.115089922553849717e-06,3.914700614994149738e-06,3.510342000756292824e-06,2.735046359428406180e-06,1.411328266433904044e-06,-5.852933591143043209e-07,-3.259143795326725597e-06,-6.454231710882266144e-06,-9.863912372481493446e-06,-1.309328647581533256e-05,-1.575526499424928902e-05,-1.756775285514172253e-05,-1.841983804950162189e-05,-1.838739738398081572e-05,-1.769628806503269176e-05,-1.664690556684453662e-05,-1.552314996709955027e-05,-1.451147753931550690e-05,-1.365332510618854659e-05,-1.284759549772845734e-05,-1.190829301911845350e-05,-1.066530690817098318e-05,-9.076707151991075196e-06,-7.306559976603592429e-06,-5.723377999866601568e-06,-4.797402000732549311e-06,-4.916512283980960761e-06,-6.185239037052765630e-06,-8.296663475760095470e-06,-1.055448599888438514e-05,-1.206916830921641662e-05,-1.207569690705364870e-05,-1.025470421753748115e-05,-6.917765235036216017e-06,-2.958938728006457398e-06,4.332658592153014564e-07,2.204260745471262896e-06,1.833319529964941091e-06,-4.619399064757657496e-07,-3.806368082346939336e-06,-7.002472479661701386e-06,-8.979134585091707964e-06,-9.165268583139467583e-06,-7.637318582044818615e-06,-4.994830920340050219e-06,-2.041510480223802796e-06,5.683031935128283311e-07,2.554120842498742145e-06,4.015446911546622699e-06,5.243536504664651644e-06,6.457695004381709579e-06,7.615347640857762079e-06,8.398243086719359808e-06,8.379956529538355069e-06,7.283683433764688398e-06,5.193100962464928109e-06,2.604382953312638481e-06,2.884402443438359709e-07,-9.744449584576829982e-07,-6.677600230993131532e-07,1.295703147053463260e-06,4.571721644013715951e-06,8.522041349212652558e-06,1.241038012597879106e-05,1.556870974738256032e-05,1.748525141683238696e-05,1.782382949790464483e-05,1.642380694249440061e-05,1.332734632635884465e-05,8.840008663576487069e-06,3.580182349082590654e-06,-1.551565424187808843e-06,-5.529035236478239295e-06,-7.465289723850586682e-06,-6.898142297436534187e-06,-3.973226797539112792e-06,5.724727904178132945e-07,5.642543474615323401e-06,1.014517509741577253e-05,1.333918170402198032e-05,1.501471278412398635e-05,1.543669866422750815e-05,1.509215896251010876e-05,1.437731076315833984e-05,1.338808703505104757e-05,1.192223799594858017e-05,9.688950678826261078e-06,6.609213015298830324e-06,3.035173356021738344e-06,-2.502213145451391571e-07,-2.284815907049612331e-06,-2.332136458683765639e-06,-2.546245836532728782e-07,3.329222903543417374e-06,7.197437556367860667e-06,9.940973538324806351e-06,1.047566853545072002e-05,8.434719805515875736e-06,4.277807640799896957e-06,-9.218651055826456553e-07,-5.910880465460344823e-06,-9.716559465755640726e-06,-1.194165774695504594e-05,-1.278475566671012943e-05,-1.280812407820065080e-05,-1.258677764800415358e-05,-1.241558153685983598e-05,-1.220921785635169518e-05,-1.162680426027533822e-05,-1.034074084840217113e-05,-8.301600610845469058e-06,-5.857793547596806333e-06,-3.663939823718280463e-06,-2.417025019407904514e-06,-2.543567750821871194e-06,-3.985136949647619646e-06,-6.184120899042080076e-06,-8.279898035724544240e-06,-9.431232073131860368e-06,-9.126961818391171052e-06,-7.356622368666036235e-06,-4.578398644398675353e-06,-1.511518882206295449e-06,1.147537066297567560e-06,2.961963860378607588e-06,3.853833998985330700e-06,4.044218201751931077e-06,3.885270549562875087e-06,3.677210406331118706e-06,3.557499164292685635e-06,3.502827319454172974e-06,3.422415628944363795e-06,3.275185366125475715e-06,3.135643869326021173e-06,3.166052725867033926e-06,3.507450993449032792e-06,4.150363431990779640e-06,4.862230493932919737e-06,5.223780314146309082e-06,4.772561917735561374e-06,3.195512287505230102e-06,4.823402856988069905e-07,-3.036167657162231936e-06,-6.790580167334631793e-06,-1.017679592732473535e-05,-1.277386488910235441e-05,-1.447948718967674548e-05,-1.550336851605886901e-05,-1.622320239755975841e-05,-1.697079467777423329e-05,-1.784749737101515903e-05,-1.865418281074033576e-05,-1.896842065658065963e-05,-1.833507487984419713e-05,-1.648670597863638806e-05,-1.349872667351000247e-05,-9.814509961354875292e-06,-6.131820273505250550e-06,-3.197711300294465302e-06,-1.590497193445076787e-06,-1.563903088876963439e-06,-2.996209953540257733e-06,-5.444231600863671818e-06,-8.268167290732193514e-06,-1.078061151150807884e-05,-1.238070201782450771e-05,-1.265225853665645934e-05,-1.142034879737902483e-05,-8.767016334249837708e-06,-5.005651030178691570e-06,-6.124641178509089950e-07,3.879995925735291146e-06,8.007727122132317056e-06,1.148372554458074968e-05,1.425069488417445688e-05,1.645284327872424188e-05,1.833228327027563415e-05,2.009001330869110300e-05,2.177200456640988679e-05,2.323450609996068471e-05,2.420901217115282677e-05,2.444057339637587160e-05,2.383573156728404421e-05,2.254780238916628910e-05,2.095356014693779302e-05,1.952524557460901181e-05,1.865154460379524554e-05,1.848647449686100113e-05,1.889339928467461237e-05,1.950831974159644374e-05,1.989312059445526000e-05,1.971118321781857672e-05,1.885194066505679981e-05,1.745820037795171010e-05,1.585497611171242510e-05,1.441853454615913362e-05,1.344161282341845102e-05,1.304104513487151367e-05,1.312730489411040804e-05,1.342872962504351130e-05,1.355001997111406780e-05,1.304759490436351728e-05,1.151495317648493594e-05,8.676507912040731874e-06,4.480956037695859207e-06,-8.309853840967243758e-07,-6.721145488185330550e-06,-1.243982873525513442e-05,-1.720093007273407407e-05,-2.040023295555302543e-05,-2.179734072758523000e-05,-2.158103873523241074e-05,-2.027838501759314654e-05,-1.853566348989073249e-05,-1.686280029977459984e-05,-1.545762526362465364e-05,-1.419443259755311969e-05,-1.278308171800121424e-05,-1.101697307559414574e-05,-8.976367822650042409e-06,-7.068666122240424698e-06,-5.867367006555566258e-06,-5.819352773785210792e-06,-6.970360389632558689e-06,-8.865299246896873715e-06,-1.070287322389580045e-05,-1.169604054437725749e-05,-1.147438663969457900e-05,-1.032365300007642325e-05,-9.119761178595775774e-06,-8.956606572222678664e-06,-1.062225774320347135e-05,-1.416845426033642417e-05,-1.879243543988514707e-05,-2.311271248941883800e-05,-2.573284642458821545e-05,-2.584022080504548856e-05,-2.355586260322423592e-05,-1.985834825868133512e-05,-1.610392176190206779e-05,-1.336236382582479211e-05,-1.188666959800186865e-05,-1.098168707553827424e-05,-9.352443731646890016e-06,-5.782089781877790589e-06,1.770958955401813946e-07,7.835594162102373875e-06,1.551605191463846319e-05,2.117648761276418040e-05,2.323998160704407380e-05,2.126121713400335884e-05,1.612908201546907664e-05,9.713328540724392327e-06,4.114305119620004588e-06,8.505453069100038867e-07,3.384732233324461160e-07,1.875345188861037455e-06,4.101233431986413539e-06,5.700651613657069746e-06,6.009028131496031029e-06,5.253547132144032078e-06,4.344720979056277783e-06,4.350563886278111386e-06,5.925989379835730356e-06,8.973229268010170947e-06,1.268099109085313485e-05,1.589992711423964246e-05,1.765510686089084283e-05,1.754612548429689789e-05,1.585912183732830725e-05,1.336741247609909106e-05,1.094788376291615422e-05,9.214571984485432738e-06,8.338370300674216961e-06,8.108204013563696810e-06,8.159576107536026615e-06,8.219728318696051725e-06,8.230707312932369907e-06,8.298519484379742015e-06,8.524823756775184528e-06,8.845057298292220569e-06,8.987029932152155326e-06,8.585364545807394797e-06,7.387263850239708132e-06,5.423153020630013216e-06,3.029075443459946411e-06,6.904845382903960579e-07,-1.216813588700174051e-06,-2.644341301864702089e-06,-3.913990496161663401e-06,-5.542040869234389650e-06,-7.921077651277964651e-06,-1.102455419771840681e-05,-1.430228371914752706e-05,-1.684710270355470937e-05,-1.777526016470500734e-05,-1.664630818124968425e-05,-1.371502009801325843e-05,-9.879418097115518900e-06,-6.332819004213787375e-06,-4.073043489271797102e-06,-3.495198997331981936e-06,-4.257574309232607517e-06,-5.480257345075621014e-06,-6.177207702469429158e-06,-5.713388735470053853e-06,-4.072578010033440269e-06,-1.819825491586380117e-06,2.058292575947586518e-07,1.304504639575256028e-06,1.228679267895560156e-06,2.526271007553579576e-07,-1.015397706837951262e-06,-1.962073906995372372e-06,-2.260035010554895636e-06,-1.975117856125564083e-06,-1.451259039054340917e-06,-1.056244152958175119e-06,-9.425314653608165311e-07,-9.613731914043498849e-07,-7.766473144032414764e-07,-1.088309072898498409e-07,1.036808029001786579e-06,2.298720336573874332e-06,3.101211905833257587e-06,2.948987687151524419e-06,1.723874585581542910e-06,-1.781690837550080276e-07,-1.958091387719995510e-06,-2.738829522430538464e-06,-1.961055173666440942e-06,3.349642651923967472e-07,3.477991897734242175e-06,6.407855578737152968e-06,8.089425743823342176e-06,7.920758465620681218e-06,5.963264555625384333e-06,2.903315556554929724e-06,-2.285777245534311595e-07,-2.456828194212492532e-06,-3.215376110220205810e-06,-2.526535002391955171e-06,-9.527984906081442819e-07,6.401860006799882688e-07,1.409071171838901977e-06,8.299456257412209582e-07,-1.123975965381692645e-06,-3.966749705302521056e-06,-6.838991327776272304e-06,-8.757376247806113761e-06,-8.907810334818250003e-06,-6.906968320838343622e-06,-2.959743402209934904e-06,2.142609772173338847e-06,7.203247596007196590e-06,1.094694489798601314e-05,1.240573530626320833e-05,1.123848450771638899e-05,7.864511286179226571e-06,3.345607281556835055e-06,-9.592438579105286751e-07,-3.850739283048820143e-06,-4.689884699763170185e-06,-3.589207711830620411e-06,-1.321724573716256643e-06,1.011220589720392619e-06,2.414213400870398366e-06,2.357303163353421114e-06,9.232649733030364235e-07,-1.297609177786736076e-06,-3.495938562221079597e-06,-4.974595928780181119e-06,-5.380371525475989446e-06,-4.755830114005396480e-06,-3.423396905190796513e-06,-1.788432443871966158e-06,-1.704987735011343318e-07,1.263343436257644188e-06,2.457761961196138075e-06,3.376819818120282603e-06,3.937355898807297457e-06,4.018308337604265883e-06,3.540177394622652176e-06,2.558808396868207427e-06,1.303795798051476223e-06,1.222144653392002508e-07,-6.549862460274716659e-07,-8.572647545592711602e-07,-5.503353812628230639e-07,2.528506811533563537e-09,4.788702083410269121e-07,6.650707136719487535e-07,5.657512596209957016e-07,3.959330360939968615e-07,4.592974509474111205e-07,9.766552675164588002e-07,1.955254437227739568e-06,3.167479246407874795e-06,4.248970841613689660e-06,4.863093361794679563e-06,4.845002898220915845e-06,4.251975164165795074e-06,3.298988669598433825e-06,2.220807554496317751e-06,1.140158848605297702e-06,1.590386756403408653e-08,-1.300549638854407368e-06,-2.932471633212180689e-06,-4.842605712617021561e-06,-6.771589580547171843e-06,-8.288330140667536053e-06,-8.934190391743889243e-06,-8.397444495136321906e-06,-6.642358871782762327e-06,-3.941832651779392352e-06,-8.079795008404737348e-07,2.143471903294968355e-06,4.341109235953131841e-06,5.374012139971920981e-06,5.057985452966979440e-06,3.457104717569196365e-06,8.734343893385079222e-07,-2.190580269101424296e-06,-5.104739980925763167e-06,-7.227231782174676309e-06,-8.055255654887608419e-06,-7.372807740342469472e-06,-5.337890102975332235e-06,-2.457373002354703171e-06,5.644488801657166118e-07,3.061452053336618374e-06,4.636472544287914045e-06,5.288218521195267554e-06,5.373052602041125219e-06,5.412734740895170774e-06,5.832661407717591437e-06,6.752337584516639795e-06,7.929157982453250377e-06,8.884786042411559778e-06,9.153932616446365484e-06,8.532441201107163743e-06,7.198132961142848066e-06,5.637927325375457272e-06,4.410468204830969626e-06,3.858099358728703250e-06,3.912887942889366740e-06,4.101356966172918586e-06,3.759085456716220892e-06,2.363403403225935725e-06,-1.703978560093989376e-07,-3.375376463254948203e-06,-6.370038435436395375e-06,-8.202043740608891591e-06,-8.258082919665557146e-06,-6.563175024587994324e-06,-3.833233968529683128e-06,-1.245297133919013003e-06,-7.504942189693673484e-09,-8.961034918839044452e-07,-3.944014928612920452e-06,-8.407960167049957832e-06,-1.303219371757990195e-05,-1.651016926926096760e-05,-1.796688147231939199e-05,-1.727488179247859860e-05,-1.508005726016326328e-05,-1.252538090234446536e-05,-1.077929479960752226e-05,-1.055432768170508276e-05,-1.180909788789450470e-05,-1.375768112872982619e-05,-1.518899425229483997e-05,-1.497198011404051829e-05,-1.254154091567518562e-05,-8.161207264747115229e-06,-2.845391518643880398e-06,2.035510941518546390e-06,5.307472804562761522e-06,6.470076830128072354e-06,5.892072929583040137e-06,4.636688513796009538e-06,3.989345775140653842e-06,4.893692266247770633e-06,7.545347191751693644e-06,1.132360812336063806e-05,1.508841948496177477e-05,1.770253712212594544e-05,1.853539994559611271e-05,1.771570235396513054e-05,1.602044263592529089e-05,1.446232640906442616e-05,1.378105559884306052e-05,1.408734073251255207e-05,1.483025041384288898e-05,1.509749201972378101e-05,1.409436123393876871e-05,1.156178652821413187e-05,7.928910419598163877e-06,4.131911240521124630e-06,1.198046662814556724e-06,-1.931433840844910479e-07,4.261918205011657486e-08,1.444959427668605062e-06,3.306243535563045938e-06,5.039258467456745978e-06,6.412257925245648181e-06,7.532942358115215153e-06,8.610733560713753341e-06,9.655966514439460850e-06,1.031339695415731009e-05,9.952826708903335785e-06,7.991003686409583044e-06,4.277450573966998519e-06,-6.778112902985776053e-07,-5.789836035337144087e-06,-9.794849233962503007e-06,-1.178607463006213854e-05,-1.163024476060697174e-05,-1.004812905451135647e-05,-8.299260520712493870e-06,-7.605783011726832599e-06,-8.584474271729674926e-06,-1.095968907619366058e-05,-1.369848448127348252e-05,-1.550616617165365371e-05,-1.544610984827889105e-05,-1.338814750052485181e-05,-1.007392900957653033e-05,-6.772995502105499841e-06,-4.698098578049618017e-06,-4.458028611698508315e-06,-5.800361249099551694e-06,-7.752185325243923569e-06,-9.077911778198110096e-06,-8.831733171618017070e-06,-6.752553401254343024e-06,-3.338032273586113897e-06,4.086561429870850166e-07,3.419779804481523266e-06,4.984198111279940253e-06,4.974639276591009135e-06,3.814398682708949577e-06,2.238425143888428583e-06,9.810815790896493366e-07,5.270452279990115642e-07,1.004344993051159214e-06,2.219507726837252638e-06,3.777670489218502153e-06,5.218472068641247980e-06,6.125053964533159275e-06,6.201071844020613975e-06,5.330641742857980272e-06,3.627321154073733645e-06,1.452488650015049848e-06,-6.334641243025926077e-07,-2.010816523482405793e-06,-2.211203947147332194e-06,-1.127492166980289192e-06,8.759536889546374616e-07,3.029289215137589809e-06,4.406453326525644469e-06,4.276925421698704213e-06,2.417678029160825700e-06,-7.568672494619703933e-07,-4.320446294642337875e-06,-7.180149841286536782e-06,-8.504756881482835936e-06,-8.056455993604799096e-06,-6.282475627298392963e-06,-4.124177129911824810e-06,-2.621859434390468489e-06,-2.479989698749851670e-06,-3.772377973272104795e-06,-5.905589207285193630e-06,-7.850750713086940849e-06,-8.546496357718162448e-06,-7.313022005577746987e-06,-4.120837250979017432e-06,3.794607627180445425e-07,5.067868787476172876e-06,8.723020802667156215e-06,1.041653903308785569e-05,9.802914051207141935e-06,7.216351119607998011e-06,3.551990748611254489e-06,-2.325629382665775237e-08,-2.434432884097761791e-06,-3.020491707979672181e-06,-1.712905873854550750e-06,9.840115643745470013e-07,4.199937400410056642e-06,7.016129768456390702e-06,8.776418226310971410e-06,9.275721763516974955e-06,8.757979095134928030e-06,7.733770427167671813e-06,6.705327685935793890e-06,5.927870281543899028e-06,5.319220604470387493e-06,4.558403209481577560e-06,3.319646220517060572e-06,1.516557695693373731e-06,-5.796649695104750097e-07,-2.424361303441331641e-06,-3.457801632758236945e-06,-3.412242690455462088e-06,-2.503533121076661581e-06,-1.388908406209552724e-06,-8.854173085209520754e-07,-1.569360914479976777e-06,-3.451175601630912062e-06,-5.899577271097335572e-06,-7.876967739769882753e-06,-8.396097183027520538e-06,-6.990855469514435708e-06,-3.973549835792346581e-06,-3.429200793430456155e-07,2.629126929606110217e-06,3.947322019602490118e-06,3.323301233469387688e-06,1.282534620948583953e-06,-1.102771318109750467e-06,-2.725451349658831133e-06,-2.952445079092020853e-06,-1.886940211993780299e-06,-2.629745792527270157e-07,9.654433285614038521e-07,1.128224494851077077e-06,1.808749804065027484e-07,-1.285279388196272763e-06,-2.362940552985064588e-06,-2.309153878508845765e-06,-9.362643507728641990e-07,1.288036817749986297e-06,3.481665608900765988e-06,4.803680252996223612e-06,4.887266790933359803e-06,4.025034459348696531e-06,3.009906748658475889e-06,2.713530893646569560e-06,3.620824696806930524e-06,5.563336297950972797e-06,7.792656278117314014e-06,9.359894423569953801e-06,9.608060756836680417e-06,8.523064006966928616e-06,6.758082874519243967e-06,5.310972339596039494e-06,5.011742663534864125e-06,6.076848514032185140e-06,7.957923977831226167e-06,9.568513979300410344e-06,9.785064602917206925e-06,7.981474666757670071e-06,4.338151527455680279e-06,-2.242820121964111248e-07,-4.454167341221807082e-06,-7.323233769611255852e-06,-8.461443167020427461e-06,-8.269800587833155703e-06,-7.667963904642401257e-06,-7.610084927535514823e-06,-8.609772119928887994e-06,-1.050277148422115093e-05,-1.255318267052466022e-05,-1.383880444977102519e-05,-1.371792280444607859e-05,-1.214720606648000522e-05,-9.700773896946303205e-06,-7.290739977893330066e-06,-5.733882426650534699e-06,-5.377667793333026825e-06,-5.961543525139840726e-06,-6.769007507330680105e-06,-6.984675349693582404e-06,-6.077771867364395457e-06,-4.031403704594696694e-06,-1.321412728078885841e-06,1.326531721951181475e-06,3.270673553303896756e-06,4.215071721798273396e-06,4.285953638814079854e-06,3.908289257855974879e-06,3.565444278729730838e-06,3.571776104388079978e-06,3.966003477082033901e-06,4.559411814488043230e-06,5.089642897969742200e-06,5.381710578317408351e-06,5.425649649863566381e-06,5.336085370544043874e-06,5.229439239659220331e-06,5.100289584104434522e-06,4.775896044763074122e-06,3.980693935939666567e-06,2.478373145149955911e-06,2.138909080298443884e-07,-2.624051760582908090e-06,-5.657581194426551411e-06,-8.466356010244132090e-06,-1.075245241447765070e-05,-1.243988819345709365e-05,-1.365973496451744909e-05,-1.463158950540705371e-05,-1.550563007754822596e-05,-1.624886099374119855e-05,-1.663506838557057512e-05,-1.634379404283934305e-05,-1.511775007560952975e-05,-1.289904039000033443e-05,-9.876277530485897286e-06,-6.420041369926078886e-06,-2.939358154505893609e-06,2.707057384818429156e-07,3.118249364071095693e-06,5.701233998544917070e-06,8.202415294844802093e-06,1.074589307885995061e-05,1.328444362826014467e-05,1.557035706787250094e-05,1.722373382375039615e-05,1.787003951971249436e-05,1.729142558267134560e-05,1.553337800586365931e-05,1.292764043673849779e-05,1.002355439781980900e-05,7.450143441055774124e-06,5.750972298236775954e-06,5.239420388057895575e-06,5.914807178313756346e-06,7.463341846323800942e-06,9.345931025750848071e-06,1.095130229325182737e-05,1.177255693640144302e-05,1.155442373757562484e-05,1.036312600206675892e-05,8.553067989958106212e-06,6.639613968662632798e-06,5.122869957515068747e-06,4.328164863002437375e-06,4.323501940828515992e-06,4.942142469307570665e-06,5.892328041831882780e-06,6.897093964552696748e-06,7.794862955102635073e-06,8.553716012430465538e-06,9.199273114816227041e-06,9.704519045747263853e-06,9.913750005455930381e-06,9.557459129143463502e-06,8.365937398936157065e-06,6.230966477301202780e-06,3.328702823543606441e-06,1.248598727742608593e-07,-2.764292997676688962e-06,-4.808525499150807503e-06,-5.794322149871211854e-06,-5.936700257794510798e-06,-5.806343975780586347e-06,-6.090404056958196338e-06,-7.286854503947408345e-06,-9.470468107487922988e-06,-1.224210442479091450e-05,-1.489197139562396470e-05,-1.670891762028927635e-05,-1.729835637594201762e-05,-1.676470905736262318e-05,-1.567420371520900435e-05,-1.481267980108202028e-05,-1.484471530381799207e-05,-1.602288282846059736e-05,-1.807108900387102230e-05,-2.028728208440449757e-05,-2.181590508586693771e-05,-2.197221763421447182e-05,-2.048700762463621176e-05,-1.758259892601529459e-05,-1.386584914224113593e-05,-1.009583214956481895e-05,-6.923659896405619184e-06,-4.698209529273217591e-06,-3.393591440041719203e-06,-2.663793202946694341e-06,-1.988953776042299520e-06,-8.582168112144320988e-07,1.064455390483791441e-06,3.831377433873282551e-06,7.182001747025729156e-06,1.060011856519661144e-05,1.344726391316475283e-05,1.514325491951466990e-05,1.534618473186346826e-05,1.407433602919240630e-05,1.172120294391414240e-05,8.946116192366887308e-06,6.469182803050571487e-06,4.841728196662137466e-06,4.280566697613084926e-06,4.633462644715156054e-06,5.489057933364491265e-06,6.380254672917371867e-06,6.986502088911636041e-06,7.240961090304557359e-06,7.295563139692894431e-06,7.368981186168514903e-06,7.563497482437473521e-06,7.754392602464924404e-06,7.618609649997670931e-06,6.795195677754340499e-06,5.096273286711732664e-06,2.653590638917477308e-06,-8.775230167598055679e-08,-2.540848108717693462e-06,-4.238545084941537063e-06,-5.056134562117691394e-06,-5.276842815553779145e-06,-5.454613726785256579e-06,-6.129272721703661989e-06,-7.527314832408188917e-06,-9.396548669259578322e-06,-1.106463802673519876e-05,-1.170679912670891394e-05,-1.070705847067675038e-05,-7.950006378251773091e-06,-3.909545213797467978e-06,5.062951208006078194e-07,4.284513898631225503e-06,6.664193642014788444e-06,7.369286113157575898e-06,6.629376915971580474e-06,5.001978446464175413e-06,3.097977156692335890e-06,1.345332952223039821e-06,-1.075963564476689965e-07,-1.327512533974810445e-06,-2.431895705304427819e-06,-3.430903683643118623e-06,-4.167172028465256837e-06,-4.383414521637979164e-06,-3.873292933945263704e-06,-2.624018947160584324e-06,-8.637961568858973844e-07,1.020101508592640948e-06,2.654914424478247933e-06,3.857403883519496650e-06,4.715079751523681398e-06,5.524479079162034255e-06,6.611316154755256572e-06,8.121542065506253484e-06,9.893382825594866862e-06,1.148595023571816093e-05,1.236515313082300497e-05,1.216786472625092350e-05,1.091956021541689079e-05,9.092682717330255690e-06,7.459851593666665316e-06,6.788860262231873127e-06,7.503353450071071503e-06,9.458129013328769297e-06,1.193750283399415670e-05,1.389439309416717810e-05,1.434482251236180228e-05,1.276201535686490975e-05,9.307877893024057878e-06,4.802042034311997543e-06,4.347876958663808150e-07,-2.664444803973267386e-06,-3.831592414047137055e-06,-3.086226130555607780e-06,-1.083064007283336798e-06,1.172028462472759237e-06,2.714393207156465020e-06,2.955666200558859768e-06,1.830883881673703950e-06,-2.822003715951516017e-07,-2.807479954024878346e-06,-5.246161644029276048e-06,-7.350032182581979391e-06,-9.122881280171044963e-06,-1.067673796317227756e-05,-1.204768715844234355e-05,-1.309511870122309002e-05,-1.355741304954445521e-05,-1.324222775554466847e-05,-1.224144948618470269e-05,-1.102940909725777932e-05,-1.035053119163189717e-05,-1.091033363976201129e-05,-1.299852864686118526e-05,-1.623322463581891692e-05,-1.958255124948378372e-05,-2.170144421641200081e-05,-2.146912930904205466e-05,-1.850107230073532252e-05,-1.339728979850994442e-05,-7.590719364981461690e-06,-2.833171201877914359e-06,-5.228779763742987219e-07,-1.157262657748662860e-06,-4.146589237556674348e-06,-8.067977058236530649e-06,-1.124616268461951625e-05,-1.240689024203853717e-05,-1.112545243129822882e-05,-7.895166762519915330e-06,-3.817323993612530147e-06,-8.040798269960882352e-08,2.524693204692668458e-06,3.846890469850377469e-06,4.300007106667309139e-06,4.550505350455983268e-06,5.147941623476420653e-06,6.280996891333001189e-06,7.755113786538599783e-06,9.163963470584723464e-06,1.013307992670920358e-05,1.049554409287138090e-05,1.031827214916214205e-05,9.793383380796795817e-06,9.085338587597151843e-06,8.239471956570733311e-06,7.207294131500851008e-06,5.962545624673729576e-06,4.620188550607688127e-06,3.465828415702788504e-06,2.858069211381462154e-06,3.047715320621062073e-06,4.016124149474660966e-06,5.433960310422412155e-06,6.779262177117513070e-06,7.564460046740382469e-06,7.556948003006052240e-06,6.875594254641234845e-06,5.909597218203065135e-06,5.101898182693760417e-06,4.713579820480134830e-06,4.696157525549095045e-06,4.738677671636060804e-06,4.459157187459291156e-06,3.629799118537190348e-06,2.308032888342280980e-06,8.009337367165659570e-07,-5.124077842908455200e-07,-1.393054805908719084e-06,-1.860831697223009093e-06,-2.146064120495941130e-06,-2.500812270263173230e-06,-2.983014408266566169e-06,-3.349489510759768788e-06,-3.135728001221900751e-06,-1.892307237264716396e-06,5.492084723885244789e-07,3.936089142538622422e-06,7.673533290131917488e-06,1.109529682277732807e-05,1.378364280741078346e-05,1.575558964946816910e-05,1.739448349428501358e-05,1.914349725184951481e-05,2.111874502056289507e-05,2.286497621604372527e-05,2.342315862729414363e-05,2.172577044882782643e-05,1.715712177658416287e-05,1.000616130657997113e-05,1.561642258892095508e-06,-6.247299063431079611e-06,-1.154730387332375244e-05,-1.326359324763410254e-05,-1.157708490611473629e-05,-7.877481544049704247e-06,-4.214536441991532955e-06,-2.474527652450270985e-06,-3.632657231758091033e-06,-7.397148715986227226e-06,-1.238491719476094571e-05,-1.673499685611999863e-05,-1.888205424856201575e-05,-1.815890703830240878e-05,-1.499107693098128882e-05,-1.063694362031836751e-05,-6.622652881814976769e-06,-4.134897806663353730e-06,-3.624521734434435625e-06,-4.756710356620573186e-06,-6.682339795267162660e-06,-8.475004271486855157e-06,-9.531213511145450695e-06,-9.775477233374680515e-06,-9.614767943930708908e-06,-9.695615124903180420e-06,-1.058619544165311095e-05,-1.251524023019042367e-05,-1.525820622817123027e-05,-1.819587308902767832e-05,-2.051006475424541105e-05,-2.144364462062901561e-05,-2.054149340387926220e-05,-1.780081621046243005e-05,-1.368574061823617635e-05,-8.997510537092252305e-06,-4.632972611143141165e-06,-1.302535590586965198e-06,6.984331998475475184e-07,1.577374620636435754e-06,1.946099935069740635e-06,2.559286991612912332e-06,3.983198446225696072e-06,6.327859234000873443e-06,9.162141452529287103e-06,1.166242350182505069e-05,1.294707902050810183e-05,1.246374304599668076e-05,1.026473345069609438e-05,7.046375954056175871e-06,3.925505995826716631e-06,2.038727347160900953e-06,2.126520837857614061e-06,4.270270177196246663e-06,7.883453159828796340e-06,1.194977532891603288e-05,1.540018866399940276e-05,1.747140117629019195e-05,1.790896991751981650e-05,1.695422494797418889e-05,1.514832637696665967e-05,1.305662530091349744e-05,1.103531727760203537e-05,9.128819949897551688e-06,7.121746136619560133e-06,4.704900665385942754e-06,1.675941653956671964e-06,-1.907729974574474324e-06,-5.679766428005585338e-06,-9.034574838006878187e-06,-1.129197946914316764e-05,-1.190530462736314348e-05,-1.064907723887783450e-05,-7.726030745417535839e-06,-3.752059596287225073e-06,3.890678282315883220e-07,3.787440755055863171e-06,5.772427310288209059e-06,6.109615670156199871e-06,5.051245754006347427e-06,3.211980322660079537e-06,1.312220477934562119e-06,-1.075201086294647334e-07,-8.766753460674521367e-07,-1.200397168072125570e-06,-1.474839560569877185e-06,-1.999410212749202398e-06,-2.732100116768181443e-06,-3.224037124694088820e-06,-2.788927894767578990e-06,-8.463888936031783079e-07,2.718402440839492289e-06,7.361814018627028209e-06,1.197432034886673110e-05,1.524838975915025454e-05,1.617799973457468394e-05,1.447340906250017999e-05,1.070171146818754755e-05,6.081239920155977172e-06,2.012352462775056879e-06,-4.544841335809561166e-07,-9.865057531115860130e-07,-2.397051096136290281e-08,1.481301962913296156e-06,2.508345880324484526e-06,2.384353634670289927e-06,1.000171147999766560e-06,-1.243694269530044117e-06,-3.697379667680491865e-06,-5.777541396512342258e-06,-7.183080303661648892e-06,-7.927606633448320929e-06,-8.211501075296723104e-06,-8.237523406869535120e-06,-8.089239678038407573e-06,-7.738224434975730492e-06,-7.158762219555723312e-06,-6.459306339159975250e-06,-5.927901509851964265e-06,-5.940250922208528672e-06,-6.764086458621587469e-06,-8.363066500020280986e-06,-1.031704078825091976e-05,-1.192337224696781430e-05,-1.245240816456681916e-05,-1.144742029192088903e-05,-8.929725851836935567e-06,-5.410052494619297898e-06,-1.697912673335125618e-06,1.403836704929919738e-06,3.379837375671072409e-06,4.135521134384593881e-06,3.935557278612935371e-06,3.196041403739132310e-06,2.246946644299742344e-06,1.188437986219340313e-06,-9.076968950792732523e-08,-1.753192558014412801e-06,-3.806779940890557940e-06,-5.975509949905656300e-06,-7.731037038354152168e-06,-8.488181696557683939e-06,-7.880593302925141284e-06,-5.983976420228619509e-06,-3.367376681953298894e-06,-9.240661560532718287e-07,4.680474362994670978e-07,3.241796993116911328e-07,-1.192890309779241664e-06,-3.263974826156778976e-06,-4.678245633697369207e-06,-4.287110241050255510e-06,-1.477668775528729162e-06,3.524671783185577433e-06,9.659150868927021509e-06,1.535846930478115753e-05,1.909344347817007868e-05,1.992954745523215672e-05,1.787499637307695573e-05,1.387331533052190457e-05,9.431888321637731687e-06,6.027849950998039703e-06,4.530890710169911074e-06,4.883645809039179267e-06,6.177956672717327988e-06,7.098319907621408547e-06,6.542620037594305837e-06,4.147067733551779515e-06,4.783562752667691526e-07,-3.199634057226346279e-06,-5.486235447316873786e-06,-5.481609557807140239e-06,-3.211214530764123498e-06,3.603529450580079494e-07,3.737152178791351902e-06,5.537730100378998820e-06,5.084304302867821155e-06,2.666975164471141487e-06,-6.324996291454566369e-07,-3.465535868167169352e-06,-4.835810284591551684e-06,-4.518833267172391022e-06,-3.090616715608138175e-06,-1.567595709982604839e-06,-8.492947873931093714e-07,-1.247358119985163189e-06,-2.335127585423548979e-06,-3.187246662342897807e-06,-2.882277089875952055e-06,-1.011468751945945232e-06,2.062624844709829146e-06,5.325698195524895320e-06,7.548210188159642951e-06,7.823657061678848771e-06,5.950705219684273900e-06,2.487702587090396715e-06,-1.524620217488377329e-06,-5.016066098023134776e-06,-7.286850434461091746e-06,-8.173722972819831423e-06,-7.938479266455861547e-06,-6.983946896284919890e-06,-5.583409988107625703e-06,-3.781779918136761668e-06,-1.510663020198642884e-06,1.176773965620143954e-06,3.923035340974679375e-06,6.081659336021864062e-06,6.960504495101345373e-06,6.180977577533548662e-06,3.955037456159916181e-06,1.103885555942028688e-06,-1.233138436940982011e-06,-2.086627988383957016e-06,-1.112901194856028500e-06,1.214477697292706281e-06,3.790610384764863284e-06,5.371563508053462740e-06,5.145104178325401891e-06,3.104104210271587437e-06,3.622832957351818763e-08,-2.871207308180379446e-06,-4.622136935108827654e-06,-4.909410059341949869e-06,-4.271804623801300637e-06,-3.827202057286204508e-06,-4.705646300552901734e-06,-7.454198875236801587e-06,-1.170241123687762912e-05,-1.625477034162407490e-05,-1.957442015648849153e-05,-2.043843075424372634e-05,-1.846623893681355408e-05,-1.428472078426990346e-05,-9.263009294889028967e-06,-4.945012137046555859e-06,-2.436324901270180096e-06,-2.008722177713099475e-06,-3.073550190869908387e-06,-4.503959186896638966e-06,-5.137544832530771534e-06,-4.231243586302058474e-06,-1.688136577447378025e-06,2.001904407869039126e-06,6.033808603305604952e-06,9.617993136942380641e-06,1.222071833896968414e-05,1.363771390490783756e-05,1.392088182450401776e-05,1.324519686214795600e-05,1.181060689342590041e-05,9.826272849971171900e-06,7.555979570807170262e-06,5.356818109499649962e-06,3.645632223131831763e-06,2.776613986126678369e-06,2.878748950843818003e-06,3.743548877616464633e-06,4.844396263945466902e-06,5.509787366221348635e-06,5.193014144185643088e-06,3.722619717664379607e-06,1.414142275169725368e-06,-1.020103914258846062e-06,-2.735459261481725244e-06,-3.083987181647352567e-06,-1.866501799039658406e-06,5.999526821418084132e-07,3.622243188004115507e-06,6.408047838134525339e-06,8.350489823112319069e-06,9.196366547063578758e-06,9.037655451725987876e-06,8.155596031387814883e-06,6.816796577677621566e-06,5.136927737019840931e-06,3.083037019274282917e-06,6.047215050366518414e-07,-2.189976094690261646e-06,-4.926906206540576492e-06,-7.007063097918870312e-06,-7.800034654376553149e-06,-6.909905702753220071e-06,-4.388104780412483387e-06,-7.837129999664476995e-07,3.006844217454524597e-06,6.036325767476572181e-06,7.626529868351897387e-06,7.577370165474560960e-06,6.182215168924062800e-06,4.054679429475814969e-06,1.854436599870173330e-06,3.755767466183425554e-08,-1.265312860741756960e-06,-2.207744091520017255e-06,-3.066381844475809090e-06,-4.053116169750998780e-06,-5.193982089754542336e-06,-6.323324955261129333e-06,-7.178793608186977746e-06,-7.535338674622626798e-06,-7.306805702233088015e-06,-6.571943582681354615e-06,-5.527498593661268771e-06,-4.407076332843352406e-06,-3.412044603805091072e-06,-2.680173825612484868e-06,-2.286331775042136705e-06,-2.249848655736358389e-06,-2.527995560715002712e-06,-2.999222818145964096e-06,-3.463594365120265085e-06,-3.690085867068045670e-06,-3.513689021971396239e-06,-2.943108362449870933e-06,-2.210518520728651730e-06,-1.704380079300473915e-06,-1.780256755422949454e-06,-2.520150721741032590e-06,-3.565762196816784025e-06,-4.146003639071602190e-06,-3.342397995299220740e-06,-5.157821637115114756e-07,4.287332819610200159e-06,1.015945584546308531e-05,1.552228387542021185e-05,1.865815629929454503e-05,1.838786556467103281e-05,1.460285767156644128e-05,8.394522841197279062e-06,1.686504884015673288e-06,-3.500889774656968261e-06,-5.846715509168879418e-06,-5.235005578477335647e-06,-2.739885317992208265e-06,-9.443424908894915364e-08,1.113445573828732419e-06,1.467715485048870251e-07,-2.597233278559988837e-06,-5.847887953575790315e-06,-8.126903108970107587e-06,-8.488841625537349710e-06,-6.976779424689290594e-06,-4.580593857047841141e-06,-2.733481724750689669e-06,-2.607286924281487691e-06,-4.557438013629313627e-06,-7.981645781426260756e-06,-1.164107454032290483e-05,-1.426104668141519242e-05,-1.509874453635456942e-05,-1.420066184443383791e-05,-1.224850241243673059e-05,-1.011186353195236368e-05,-8.372070802196571388e-06,-7.078793128743701226e-06,-5.855893268718867391e-06,-4.268548804837837014e-06,-2.214163598783218965e-06,-8.777427170516940032e-08,1.395129827513786132e-06,1.632835557305804072e-06,5.835975898491800174e-07,-1.046548649886571420e-06,-2.017158583075954437e-06,-1.095965575347451355e-06,2.328061332887793566e-06,7.875649896880568864e-06,1.425655090217873581e-05,1.977950712831379746e-05,2.305563476273530301e-05,2.355661097310198510e-05,2.176042021137519896e-05,1.882576385040232982e-05,1.597377262646550291e-05,1.389913088458156462e-05,1.250835265466145729e-05,1.110514487013139187e-05,8.906107035354616648e-06,5.598828347055707763e-06,1.637245677672998132e-06,-1.887613179588519753e-06,-3.737500127679060319e-06,-3.124793795679485774e-06,-1.122807833956085297e-07,4.384464401436021271e-06,8.984437798781643705e-06,1.241432111381375865e-05,1.397988596027137969e-05,1.371701097252101559e-05,1.218228657525363589e-05,1.003248449611840733e-05,7.640946451271209808e-06,4.958441726808628252e-06,1.674561353368108997e-06,-2.439109502896317164e-06,-7.223511875274400923e-06,-1.205672774512659444e-05,-1.606475169511726125e-05,-1.850770579732162309e-05,-1.912791276496649635e-05,-1.826455617604675268e-05,-1.666810749891375247e-05,-1.511387676668080193e-05,-1.402500160209858454e-05,-1.330921683158881088e-05,-1.249437201202249622e-05,-1.108130595296953561e-05,-8.911573295738100010e-06,-6.338620329959621539e-06,-4.099226266561311642e-06,-2.947778176780589562e-06,-3.248224933894186219e-06,-4.744995255589668482e-06,-6.640542522060489243e-06,-7.944738803434056714e-06,-7.918289072584128554e-06,-6.385449416719579469e-06,-3.764357917727627594e-06,-8.147887653010251588e-07,1.749958517490746274e-06,3.576860786045358887e-06,4.754263110858561663e-06,5.637240789442852167e-06,6.536743091677061555e-06,7.463217627958897687e-06,8.077845429261061824e-06,7.881625714193260683e-06,6.534528386525484971e-06,4.121109856727573762e-06,1.206898598011346890e-06,-1.355221269274755392e-06,-2.772330958716076126e-06,-2.633331476261391075e-06,-1.042723802690499283e-06,1.490950065792130195e-06,4.335159485786229435e-06,7.017589856101785404e-06,9.357721256087591911e-06,1.138608278040424132e-05,1.312179302908087672e-05,1.436715286994709833e-05,1.467204335740407022e-05,1.352172061272884081e-05,1.066366499262722549e-05,6.390718506739047755e-06,1.597803437692394643e-06,-2.465652739479710905e-06,-4.667347049052166294e-06,-4.479122320036113773e-06,-2.242561364772094205e-06,9.314447885450013657e-07,3.603430021220137554e-06,4.596115453254409702e-06,3.468927105499528689e-06,6.617871175839756650e-07,-2.751147639947030613e-06,-5.574370202499906621e-06,-7.025637131212022755e-06,-7.044959038542180872e-06,-6.245754252209738115e-06,-5.550193849849501893e-06,-5.698702314425805042e-06,-6.875306875617872955e-06,-8.624961610899854641e-06,-1.009204930099918696e-05,-1.045423459487577587e-05,-9.336566418357436517e-06,-7.006589534232288105e-06,-4.260357278731437660e-06,-2.056858613584034148e-06,-1.074626661401350991e-06,-1.397223138335534964e-06,-2.472326199646290678e-06,-3.363754881177183204e-06,-3.184752332601876488e-06,-1.521486962238696100e-06,1.339725351876117746e-06,4.484143479970646227e-06,6.715991379376830466e-06,7.042864831956734676e-06,5.100135495783438770e-06,1.339511831360771747e-06,-3.102267198723099479e-06,-6.812163907928490642e-06,-8.632594219489802349e-06,-8.108351934475845822e-06,-5.668349178673427504e-06,-2.462017694911359930e-06,9.390195229178261479e-08,8.838600538744696762e-07,-4.494733711491627269e-07,-3.348040943074959810e-06,-6.551869580931620287e-06,-8.602685020751653757e-06,-8.434752190218078489e-06,-5.809880633112221280e-06,-1.415858753412287626e-06,3.411622938524950008e-06,7.223946955510841928e-06,9.023469944910388798e-06,8.619776133860664849e-06,6.636993865986788539e-06,4.186770024092253729e-06,2.366719709022411601e-06,1.812731633913069437e-06,2.495922902630614299e-06,3.832220592410629367e-06,5.025271631310040409e-06,5.462255478068782309e-06,4.973053543557556486e-06,3.845380415208030720e-06,2.616387026609784739e-06,1.768893798321666551e-06,1.495345173933669985e-06,1.642046246055161913e-06,1.842093416825033123e-06,1.745614995819214624e-06,1.212998199204476931e-06,3.700352315115593102e-07,-4.895597411379333973e-07,-1.080240452151941235e-06,-1.265090470028221145e-06,-1.076090625406533609e-06,-6.101546912079884810e-07,1.201903206424355955e-07,1.267596248965245597e-06,3.084424637866502390e-06,5.722767102359976258e-06,9.004471079258023758e-06,1.230664023209340516e-05,1.466799895390437699e-05,1.511475769976654076e-05,1.308361571839964796e-05,8.748390212133492846e-06,3.077594074340745552e-06,-2.439959210989949414e-06,-6.314385226758875914e-06,-7.612410702195624187e-06,-6.317382541719325736e-06,-3.332332723226198097e-06,-1.170570860577890030e-07,1.893910229771264930e-06,1.853787332545175328e-06,-1.802738268353664127e-07,-3.296748203719479708e-06,-6.111671942265765418e-06,-7.318459858334064047e-06,-6.185012934733953820e-06,-2.813653912208291280e-06,1.915252343446373793e-06,6.669832105952569827e-06,1.012337188095566406e-05,1.137064768176113331e-05,1.016868530631927255e-05,6.944390941771885898e-06,2.596670848023567610e-06,-1.817366463858759862e-06,-5.399817809956157970e-06,-7.636606934352222376e-06,-8.474971597304290183e-06,-8.250710935357763012e-06,-7.507157811159412710e-06,-6.775895384565307232e-06,-6.394614696400017760e-06,-6.419801643422126557e-06,-6.656347390086923659e-06,-6.783489529186543722e-06,-6.521181236185077165e-06,-5.766673578674316858e-06,-4.644658815853204400e-06,-3.451584893460103065e-06,-2.520750254600424636e-06,-2.069550139099921222e-06,-2.097892512224030269e-06,-2.383505963191429717e-06,-2.576251207303506240e-06,-2.349855082948406751e-06,-1.545667564177924936e-06,-2.489862166438535590e-07,1.230453366085261851e-06,2.462088568741000661e-06,3.039832425002307197e-06,2.717002001256098237e-06,1.489941478541272292e-06,-3.884812670925460112e-07,-2.463346017771213489e-06,-4.185027113134806296e-06,-5.048311822627769487e-06,-4.737278143542617313e-06,-3.242453522671943235e-06,-9.103480037457594160e-07,1.610030798315284888e-06,3.534670236997947367e-06,4.193902149523526342e-06,3.285210571667126776e-06,1.026896503525801827e-06,-1.870775053327632319e-06,-4.434832051107961750e-06,-5.788112897311961593e-06,-5.494675769613007667e-06,-3.736764872493948536e-06,-1.229976738781651512e-06,1.100348849008487836e-06,2.540227423451413397e-06,2.904916781986200160e-06,2.589685422840704142e-06,2.313693401303390754e-06,2.673038987029144012e-06,3.728601836796636670e-06,4.856372908540463113e-06,4.971680810418462050e-06,3.053858875463440206e-06,-1.266130373457075494e-06,-7.349989989170565264e-06,-1.363629356666173089e-05,-1.817449569863815174e-05,-1.940064374863059157e-05,-1.681535471844845253e-05,-1.124894251291466010e-05,-4.573865500968401918e-06,1.027772005648325918e-06,3.930050642397487326e-06,3.687722115226297279e-06,1.153087907414665286e-06,-1.952133804453388923e-06,-3.805851661216545395e-06,-3.249275753699165547e-06,-2.183843357049424585e-07,4.318430742612438645e-06,8.850631830974343763e-06,1.199614919549987401e-05,1.304879078192405601e-05,1.218370911175112472e-05,1.027566058096019769e-05,8.458053642742145427e-06,7.644342137876913393e-06,8.214571159866436962e-06,9.963773352502561701e-06,1.227874633385833841e-05,1.442076984398303175e-05,1.577820382316641738e-05,1.600498202115126057e-05,1.503738831536213483e-05,1.303657808755981643e-05,1.031423162426599271e-05,7.271281237258422730e-06,4.344151684583457807e-06,1.938273292739457045e-06,3.439448244842202252e-07,-3.402264641015421585e-07,-2.334562342300008099e-07,3.802669818294762408e-07,1.171154703569180745e-06,1.891359928058238723e-06,2.440316974036714761e-06,2.827942276616307632e-06,3.059172862221942004e-06,3.020710815907606066e-06,2.462757802716359883e-06,1.119175048218411393e-06,-1.079318792574159554e-06,-3.821771808699539732e-06,-6.400498276219412085e-06,-7.928578759803177307e-06,-7.731913929214989303e-06,-5.739163021006492132e-06,-2.655582558103288973e-06,2.161818957683715247e-07,1.479960535539049975e-06,2.715302834485737904e-07,-3.287716283739443005e-06,-8.050299219314081142e-06,-1.227500470044563494e-05,-1.436290205352827231e-05,-1.356629716851589296e-05,-1.033303414289435877e-05,-6.109359817970991705e-06,-2.680435698305249814e-06,-1.353815166525324351e-06,-2.373247188306558657e-06,-4.842988529854249081e-06,-7.196102192042176233e-06,-7.975243640669321424e-06,-6.543338354214216854e-06,-3.380078752020639276e-06,1.714212098428162591e-07,2.570646468783119658e-06,2.821307733738388674e-06,9.235745969485959036e-07,-2.173462457858703474e-06,-5.074409943767485787e-06,-6.626368655498975358e-06,-6.443992562224887634e-06,-5.019294540065193214e-06,-3.386003510428274773e-06,-2.534992249552646245e-06,-2.893344068945877543e-06,-4.130309301453395392e-06,-5.371510622392448087e-06,-5.688248736549908816e-06,-4.594092374669554406e-06,-2.291894886261844466e-06,4.422820719781248572e-07,2.657886871413331237e-06,3.690218146954751203e-06,3.444575857359611653e-06,2.374603560633867674e-06,1.193412420871845965e-06,4.913925483893289928e-07,4.674767348720043907e-07,9.009081029125235055e-07,1.349612608991880197e-06,1.440297316070262658e-06,1.079158349806338285e-06,4.741041399418854134e-07,-2.262731987790753029e-08,-1.398549892012327312e-07,1.601056171136550709e-07,6.865276073041867851e-07,1.163922054006919143e-06,1.409515001402079667e-06,1.423865137897731991e-06,1.336170545795015381e-06,1.246352231598577306e-06,1.080933529980105074e-06,5.798036465809536749e-07,-5.480174776705514749e-07,-2.374533774063102472e-06,-4.561946829514652814e-06,-6.374789885599473999e-06,-6.938828242814467196e-06,-5.649843327934133171e-06,-2.532651465040017149e-06,1.651121516523915578e-06,5.638257707157866485e-06,8.163567508834144014e-06,8.502123786139271675e-06,6.794538356349145000e-06,3.989215291662812123e-06,1.417724806909377943e-06,1.996327573388195220e-07,7.590174619674467055e-07,2.681074445374444880e-06,4.969515025989169521e-06,6.568340318611106532e-06,6.884578728712980701e-06,6.055025254820249732e-06,4.834619502263838974e-06,4.176415498370693427e-06,4.724704946377018385e-06,6.478354030165064691e-06,8.786539262658397842e-06,1.066636760131769978e-05,1.127173149245984688e-05,1.027577624134977171e-05,7.985314586891503646e-06,5.150038735695504088e-06,2.584293921409065083e-06,8.047571145015904395e-07,-1.364350777934878970e-07,-5.582422647490039267e-07,-8.730175939055647456e-07,-1.292877459317001036e-06,-1.686432375432385842e-06,-1.661733703336000901e-06,-8.243189806816235242e-07,9.358259071006630483e-07,3.289179920822712722e-06,5.534002707801607896e-06,6.861132537795813732e-06,6.691637043729882604e-06,4.928365573892506394e-06,2.007227931943925701e-06,-1.268878672715498224e-06,-4.031915250029778650e-06,-5.651817540191337468e-06,-5.919678529821747939e-06,-5.055454033993897172e-06,-3.565214449720784783e-06,-2.028973717632537762e-06,-9.101747966131900570e-07,-4.467728379577066335e-07,-6.357407989820657585e-07,-1.285225301921250374e-06,-2.096789199499128011e-06,-2.751028078872490523e-06,-2.987243892692764468e-06,-2.675437445161056569e-06,-1.871398756337579610e-06,-8.320317775514803950e-07,3.558913701009662868e-08,3.002628717924984799e-07,-3.193364703483918568e-07,-1.796284568561050049e-06,-3.729824745587810938e-06,-5.425671934462196696e-06,-6.117864908642069272e-06,-5.260896341102989109e-06,-2.777164728023485066e-06,8.506494873227749300e-07,4.696520129216269020e-06,7.685614709139915066e-06,8.956836450790038885e-06,8.150150251507726342e-06,5.503244877653494541e-06,1.720587860705142749e-06,-2.326810858668968520e-06,-5.942447159436162386e-06,-8.843310891536745625e-06,-1.120108945218070057e-05,-1.347720155202126140e-05,-1.613231497603638325e-05,-1.934336453027596083e-05,-2.285514375422984751e-05,-2.603318169641770385e-05,-2.809674617935269835e-05,-2.843325002986509851e-05,-2.686057735448775605e-05,-2.372572318443586954e-05,-1.979661155577157417e-05,-1.598984992559836476e-05,-1.304457176473142912e-05,-1.127360944926028964e-05,-1.048967752205285921e-05,-1.013046613489013168e-05,-9.523757535623880418e-06,-8.176874100837402262e-06,-5.967958333099818406e-06,-3.162415043578735297e-06,-2.561298799049229267e-07,2.276737533414595352e-06,4.213345599619984802e-06,5.684685863142608200e-06,7.107402759901790529e-06,8.980994309891128285e-06,1.164768149613185094e-05,1.512630497885930431e-05,1.909250806421714132e-05,2.300506873547005497e-05,2.630884671475119228e-05,2.861312183129381434e-05,2.976549961143406907e-05,2.980381478813497455e-05,2.883757077838532579e-05,2.694822653667829836e-05,2.418221561109070822e-05,2.064904700421801086e-05,1.666278088085146043e-05,1.282159112426512700e-05,9.936102609365419412e-06,8.790602036185885120e-06,9.817293790791668050e-06,1.283136036115706720e-05,1.697264168106988512e-05,2.092044690214671431e-05,2.332392767502847652e-05,2.328080439752173048e-05,2.065911216822893543e-05,1.611516074615710513e-05,1.079408540369056416e-05,5.846179175401491481e-06,1.981162585327185422e-06,-7.328219218404583838e-07,-2.735311440348646685e-06,-4.578955352239407453e-06,-6.481425631641595075e-06,-8.065500771011724257e-06,-8.444314854302664857e-06,-6.641716705552628233e-06,-2.166733550857519520e-06,4.530804668723750993e-06,1.196199910535859354e-05,1.794746331270984877e-05,2.030488679549669910e-05,1.761209241468769516e-05,9.739842816477188505e-06,-2.060501634047848262e-06,-1.554643695268895641e-05,-2.818990261943342035e-05,-3.791972425919799871e-05,-4.362641924206058121e-05,-4.527410029733055423e-05,-4.363846743132826760e-05,-3.983855797853390167e-05,-3.488935280504607336e-05,-2.945416955773948474e-05,-2.385274935513991197e-05,-1.824830507217731028e-05,-1.285930258852464070e-05,-8.052604238111846582e-06,-4.261129261506750914e-06,-1.781342663933353082e-06,-5.827409139245028110e-07,-2.621763022705527672e-07,-1.997710692679897711e-07,1.400470616592960284e-07,9.094263879056670372e-07,1.745038700565523463e-06,1.899476352148761817e-06,6.061542493681849655e-07,-2.476070647630855138e-06,-6.951312314425177753e-06,-1.168065310296724911e-05,-1.512673655964400138e-05,-1.593359025722189884e-05,-1.350646037971099833e-05,-8.335617709366755995e-06,-1.901910567858349368e-06,3.826105245191254067e-06,7.117033726448851600e-06,7.134504488207513141e-06,4.258249305710183522e-06,-6.593642481046043871e-08,-3.887390403870806895e-06,-5.494041026886850057e-06,-4.038805293457781303e-06,1.931179211764904588e-07,5.960885999706755504e-06,1.158771070215621670e-05,1.559049111986815004e-05,1.716223100922918755e-05,1.633772896657891962e-05,1.382491174313617612e-05,1.062653691088859017e-05,7.645903301978096834e-06,5.441583129243041514e-06,4.194958708469768916e-06,3.838926554464197109e-06,4.226755228152752789e-06,5.227663114312777683e-06,6.707326021473733226e-06,8.439875417287185196e-06,1.004883282842375905e-05,1.105758145953259441e-05,1.105601370048357687e-05,9.904240646180568187e-06,7.850748313862219706e-06,5.472339586012557606e-06,3.435555863143997151e-06,2.184795961218840586e-06,1.719828912845729879e-06,1.596126290312494728e-06,1.173013702605440492e-06,1.490009110289417491e-10,-1.855447416462965873e-06,-3.728841873818382423e-06,-4.597428067649264813e-06,-3.553555672345214083e-06,-2.909441654369232094e-07,4.640572818833060670e-06,9.960025080604876244e-06,1.412910446891353570e-05,1.597047601700497924e-05,1.514661879606050606e-05,1.227303685842025427e-05,8.610347460270478123e-06,5.480855825190969150e-06,3.687259421617384013e-06,3.207755811256374768e-06,3.304000573041960219e-06,2.974465111421932766e-06,1.517401108091549086e-06,-1.081591232506789879e-06,-4.129100557067368975e-06,-6.574781240149442718e-06,-7.551196923144581505e-06,-6.827856106341606805e-06,-4.951073624844545159e-06,-3.000727673187578655e-06,-2.085606817220535662e-06,-2.825346871844982872e-06,-5.068071770029911804e-06,-7.972077223869506788e-06,-1.040099623508526152e-05,-1.143500930815703153e-05,-1.075622010478293088e-05,-8.740651727242610490e-06,-6.239129680470345744e-06,-4.176453586280797071e-06,-3.170858930293700087e-06,-3.344001260271437635e-06,-4.380112303800228502e-06,-5.764444357246395210e-06,-7.052126631705157827e-06,-8.024873956202044459e-06,-8.673372847869709833e-06,-9.048523443649978646e-06,-9.096392327618975750e-06,-8.593095076693084151e-06,-7.230328003930370065e-06,-4.809310223685488708e-06,-1.432936793359369218e-06,2.420108109531048159e-06,5.997257395530433085e-06,8.517313790187457719e-06,9.451485975314252296e-06,8.712113323376147143e-06,6.664300228033386081e-06,3.959615780327115046e-06,1.272893928524626710e-06,-9.367518963736511835e-07,-2.538554749225869169e-06,-3.679857715737640912e-06,-4.614795738497808729e-06,-5.506863644357023113e-06,-6.305283072058330935e-06,-6.752973282528408626e-06,-6.517643680057151983e-06,-5.379108421079261783e-06,-3.381185261904699505e-06,-8.741784853084759728e-07,1.576481190216404869e-06,3.381438719483722187e-06,4.141949741481010544e-06,3.801012846122815881e-06,2.668963489914614949e-06,1.310051874004990801e-06,3.302619311621798209e-07,1.454191767316599294e-07,8.181848678836970971e-07,2.028854291171058370e-06,3.195711206759155344e-06,3.703386292594324710e-06,3.153709132997053139e-06,1.540939754488699617e-06,-7.208684887208532980e-07,-2.934227305972909721e-06,-4.368609594542842085e-06,-4.527566792525120927e-06,-3.326788583814954799e-06,-1.113361034120961073e-06,1.477348152692429526e-06,3.763148038228757342e-06,5.252090866965291220e-06,5.780100758959559937e-06,5.503964268130053998e-06,4.772022705276534125e-06,3.947261192806239979e-06,3.269831512082011825e-06,2.814317324573549777e-06,2.540074212533833290e-06,2.382476330029749449e-06,2.316423648741345031e-06,2.349265347764179441e-06,2.452522703720936110e-06,2.488956924070157019e-06,2.204022595780223967e-06,1.318038255558978944e-06,-3.067979653925449232e-07,-2.507475114800878402e-06,-4.769063499169815333e-06,-6.342187760765027124e-06,-6.509428560061702261e-06,-4.898191107647023052e-06,-1.696741510593302756e-06,2.342437201772224229e-06,6.139191455405268467e-06,8.678783961427568227e-06,9.398808982468750877e-06,8.400020493089751348e-06,6.383559307394516655e-06,4.337944295257952728e-06,3.112805631751493844e-06,3.068837677938454841e-06,3.959006349082292397e-06,5.089707384414694042e-06,5.681489911317753481e-06,5.257250867927801150e-06,3.874223110751303273e-06,2.090018917769332298e-06,6.781761944168630957e-07,2.272762643368692990e-07,8.151389789675944063e-07,1.919228188054685247e-06,2.619289486713807197e-06,2.014917220401653885e-06,-3.216589899891765852e-07,-4.062908728168039473e-06,-8.154731307335101687e-06,-1.116949597964980755e-05,-1.185669225475709285e-05,-9.672389086597916677e-06,-5.064474606357203070e-06,6.205012442261570462e-07,5.593999058175021473e-06,8.280340030543569728e-06,7.914537545684318260e-06,4.838865440845562869e-06,3.665725402640182459e-07,-3.745664060876146795e-06,-6.010250885678019702e-06,-5.813610542478570264e-06,-3.654613311232008492e-06,-9.039844854866215821e-07,8.250833821744634951e-07,4.308032050257282541e-07,-2.130216119166208276e-06,-5.758048358265638055e-06,-8.647810323390339772e-06,-9.080902279834796777e-06,-6.231701511792739894e-06,-6.287922309136906258e-07,5.952299918571134494e-06,1.114377480990383278e-05,1.292268859837794472e-05,1.043296513862619733e-05,4.337055985586319859e-06,-3.455608896367062658e-06,-1.056320521173458370e-05,-1.506915006605471366e-05,-1.621709144013530715e-05,-1.457581151003987312e-05,-1.163278317866433599e-05,-9.033334083488039684e-06,-7.832075098034045672e-06,-8.096941651426418338e-06,-9.021461837271885180e-06,-9.450882455659114452e-06,-8.534928399445711712e-06,-6.175528406559934854e-06,-3.057833427411694007e-06,-2.718338200459744135e-07,1.262606084974546171e-06,1.264574310734315008e-06,2.186505466375499579e-07,-8.932797580802369277e-07,-1.103945726751014764e-06,5.345589531800440038e-08,2.331672342630645138e-06,4.925279254375786600e-06,6.899849935679394933e-06,7.661754394254743900e-06,7.225086059098133860e-06,6.148305404652713193e-06,5.191375144217598115e-06,4.889112770985784428e-06,5.273106319033774713e-06,5.886814371560967736e-06,6.076356718710958669e-06,5.390953225096319268e-06,3.870622242092618659e-06,2.062605719135086562e-06,7.557369504255973326e-07,5.735769189895376861e-07,1.642080870340165656e-06,3.507336960226938016e-06,5.346565432866436511e-06,6.362218452866803821e-06,6.155499732916897982e-06,4.889778467241826311e-06,3.166717106383870786e-06,1.687929111750516089e-06,8.838756331829990712e-07,7.040046303879422721e-07,6.738075725241259388e-07,1.835881735382525207e-07,-1.145911662124206651e-06,-3.213590505009405240e-06,-5.435124088532608374e-06,-6.992196553259365128e-06,-7.212820796412708597e-06,-5.898558096125924346e-06,-3.442668923198596735e-06,-6.850135469956266828e-07,1.427719698479791217e-06,2.223329951863402572e-06,1.563968861961809716e-06,-1.154705148760734183e-07,-1.990172660003447372e-06,-3.160085768326093785e-06,-2.966332038263689663e-06,-1.196513795830883696e-06,1.875995792753221612e-06,5.606858856391025442e-06,9.190206527794764422e-06,1.188742643108721872e-05,1.321132272852441197e-05,1.302620655383410580e-05,1.154979082841611353e-05,9.263960391200600002e-06,6.759968358361439402e-06,4.560791030174250231e-06,2.975245831412661992e-06,2.035963193394526629e-06,1.548930231408044971e-06,1.238673736134006872e-06,9.264316974173208839e-07,6.532025962299307393e-07,6.747616032280372901e-07,1.312592102834175495e-06,2.720641289932551093e-06,4.684874368922943204e-06,6.576232624335465283e-06,7.516906106491039291e-06,6.717432007332574788e-06,3.846545656940302241e-06,-7.416972636548252387e-07,-6.051486178692171653e-06,-1.076998797204709694e-05,-1.374934728545641959e-05,-1.443753606144292845e-05,-1.306161891071966185e-05,-1.047613381640773732e-05,-7.746595238309954303e-06,-5.667123783896164992e-06,-4.445701596358422757e-06,-3.709254698635129014e-06,-2.820449095175145270e-06,-1.337419591308373905e-06,6.313253269124828273e-07,2.378316578174714897e-06,2.903606913641846009e-06,1.439729105190307946e-06,-2.065981571389199737e-06,-6.770249317753322366e-06,-1.117819220481536754e-05,-1.373287374465231182e-05,-1.349379384083025913e-05,-1.058865330500361542e-05,-6.213516817804770460e-06,-2.158648430667938940e-06,-5.708499027635019146e-08,-6.863589102336169044e-07,-3.636230426954932299e-06,-7.493200716258995729e-06,-1.046037044575662159e-05,-1.113612519390575880e-05,-9.106635015152905375e-06,-5.095274217466251101e-06,-6.142730109670623010e-07,2.713802945045337178e-06,3.855746254451354698e-06,2.780432116449928360e-06,4.145401770792613844e-07,-1.820168075965209797e-06,-2.666250093089527474e-06,-1.587520615234216863e-06,1.017562177358689783e-06,4.025687856735065617e-06,6.112546129292424009e-06,6.349694501985915664e-06,4.612768768491334493e-06,1.632814321657354979e-06,-1.316843231671091339e-06,-2.950878769790440081e-06,-2.488683232635707272e-06,5.431605216481969245e-08,3.906159353792427501e-06,7.870957925343666098e-06,1.079956459345685029e-05,1.199898163511331289e-05,1.142294394039438709e-05,9.589945906318661154e-06,7.292575128843421040e-06,5.242766297724060753e-06,3.810013027911303561e-06,2.953394488268095119e-06,2.352671847107181418e-06,1.653258079123242224e-06,6.945268511999739685e-07,-3.912039993001057419e-07,-1.251656399427478192e-06,-1.514548847640352163e-06,-1.006269702800714858e-06,1.277942893750023990e-07,1.468533775880308019e-06,2.516851304127602503e-06,2.940931427722682845e-06,2.750014519290216120e-06,2.299000290525836703e-06,2.110029004929149286e-06,2.590709089523741508e-06,3.787300976012924749e-06,5.303313562451219080e-06,6.439578244811270791e-06,6.504276536527176512e-06,5.152551076716787653e-06,2.590808570191453796e-06,-4.633690189982634644e-07,-3.061901223593511491e-06,-4.426677768927998432e-06,-4.285629059087746422e-06,-2.984171043378190303e-06,-1.314904308825109047e-06,-1.427742553393880003e-07,-3.172610447912923232e-09,-8.660962341712611189e-07,-2.180466995051263646e-06,-3.175990416182077487e-06,-3.272254951930790268e-06,-2.390021728891257839e-06,-1.006571654372219851e-06,7.616485601436893574e-08,1.375550231658076463e-07,-1.084434623496772612e-06,-3.236064284021728787e-06,-5.494362311565658388e-06,-6.949491039966387001e-06,-7.035834068629390331e-06,-5.798277369712689706e-06,-3.860826026796285211e-06,-2.112757602098411739e-06,-1.268807558190324836e-06,-1.523089832488998302e-06,-2.469280971957768021e-06,-3.325416813614161847e-06,-3.347981130348641212e-06,-2.224422429385470486e-06,-2.442251484199136577e-07,1.839235948026506483e-06,3.187203042283731449e-06,3.303535690929734580e-06,2.295557950422184751e-06,8.345267959968492691e-07,-1.670215503350064611e-07,-2.029578265138234248e-09,1.481201265296582166e-06,3.798544553039267889e-06,6.057620907029469927e-06,7.380135112469845965e-06,7.311568172146922699e-06,6.020397672665576483e-06,4.195917090891579131e-06,2.703173600919096989e-06,2.170616000688272331e-06,2.713438832114953358e-06,3.921918423254601275e-06,5.108476834773554445e-06,5.678907386625505312e-06,5.435948955416805156e-06,4.663889799561473035e-06,3.958205437831662466e-06,3.894528202158402112e-06,4.710564722019718066e-06,6.164112404917244868e-06,7.637297443380692882e-06,8.430245296574470632e-06,8.091491340192128969e-06,6.615759219904813957e-06,4.409847488896812231e-06,2.047937391385010480e-06,-5.287437208909439986e-08,-1.863322124133303941e-06,-3.751681180938971949e-06,-6.257689407498704663e-06,-9.738999251171072901e-06,-1.407036316035295120e-05,-1.855929819900170195e-05,-2.214294588314213880e-05,-2.379550361912569287e-05,-2.296873939882736990e-05,-1.986207584060223491e-05,-1.538832487441814452e-05,-1.083608886149555878e-05,-7.368498272887725605e-06,-5.575871262972563645e-06,-5.279768883174779035e-06,-5.675273201418048228e-06,-5.746454656314703873e-06,-4.765841847168812014e-06,-2.649389845443478396e-06,-3.022923152229013018e-09,2.162853676741569472e-06,2.921524265734887199e-06,1.895634503775626817e-06,-5.187747715846317501e-07,-3.282076409967920393e-06,-5.146088592605502210e-06,-5.203433732390599913e-06,-3.302032677080109999e-06,-1.298046423354798015e-07,3.080496855352885900e-06,5.104507024722372637e-06,5.294126259483267364e-06,3.901664882657228679e-06,2.003062179187725008e-06,1.037864294214831394e-06,2.155785554896525164e-06,5.652348258482635569e-06,1.074652535984834217e-05,1.581219604523143729e-05,1.898257909602303902e-05,1.888583068174187074e-05,1.521052955506252888e-05,8.867662622868094388e-06,1.681648301692097603e-06,-4.264377255254649830e-06,-7.366094677885525239e-06,-7.029437591056642445e-06,-3.800429998203603683e-06,9.324420769441207275e-07,5.517266379118817340e-06,8.650655228095905134e-06,9.780169631683441694e-06,9.160361265932525664e-06,7.580075736365473258e-06,5.913698418974602674e-06,4.708767406548976722e-06,3.986694228057934629e-06,3.324224484933583790e-06,2.152808771579039883e-06,1.191627199173060889e-07,-2.668459696215183919e-06,-5.623519747176643832e-06,-7.900452022628895517e-06,-8.748940494275935312e-06,-7.842944664550150581e-06,-5.437219928134379748e-06,-2.281493604605112053e-06,6.709737215457743278e-07,2.634728505183923793e-06,3.284371866916275840e-06,2.844725705409377397e-06,1.944953553688709764e-06,1.305830434459084578e-06,1.401792040572723018e-06,2.249443836707141429e-06,3.417110060059418868e-06,4.250303808962082930e-06,4.209422936056901204e-06,3.162653555726964325e-06,1.493993395570475082e-06,-3.239885259929659254e-08,-5.998325651546776713e-07,2.831556839752680835e-07,2.524786947129316660e-06,5.432981424978972589e-06,7.955484876842714863e-06,9.079071894770204449e-06,8.218428143927940767e-06,5.430373991126115495e-06,1.368477997605652085e-06,-2.990267088335856213e-06,-6.716060956018105529e-06,-9.228579184555520544e-06,-1.040940163082985767e-05,-1.050250481757674879e-05,-9.884667752255190177e-06,-8.843711701298941340e-06,-7.483563277743044724e-06,-5.793332245262899598e-06,-3.818197204131045049e-06,-1.807640141337377763e-06,-2.265665503655377321e-07,4.067694363441293175e-07,-2.128907255076114716e-07,-1.949595791197275263e-06,-4.176975369608298300e-06,-5.967906198581465143e-06,-6.461139595969930246e-06,-5.243389873707733785e-06,-2.562550746954995859e-06,7.417550120945089759e-07,3.571912856610478348e-06,5.023354252554458144e-06,4.746464834686814460e-06,3.054389464876557800e-06,7.346792711708449713e-07,-1.334344057546734696e-06,-2.570809885529981510e-06,-2.895137520410346567e-06,-2.668845954894656753e-06,-2.419854265277794956e-06,-2.514017347276824681e-06,-2.951459703325570740e-06,-3.390136815715490195e-06,-3.370928063223881010e-06,-2.608509581562720427e-06,-1.179569234863405559e-06,4.988146407001755937e-07,1.887528468182313323e-06,2.615309586725576911e-06,2.673647181536060107e-06,2.403164867521515492e-06,2.276374406927682808e-06,2.599743225290247549e-06,3.308909736542420361e-06,3.983881866197108123e-06,4.089340539858229616e-06,3.314342604960470287e-06,1.818781891993796561e-06,2.314116467377319158e-07,-6.291569209794980488e-07,-1.877625044571115863e-07,1.517860966039705488e-06,3.735293920159422206e-06,5.244942199293591615e-06,4.867118588305983495e-06,2.004170230262982150e-06,-3.035810681674893306e-06,-9.093201027695045640e-06,-1.457589319746433018e-05,-1.806218161058399749e-05,-1.882394257315110777e-05,-1.704741131761497208e-05,-1.367081126742374257e-05,-9.931177169972552610e-06,-6.835105442098082227e-06,-4.786228541602311681e-06,-3.514660204991816341e-06,-2.308681709484731177e-06,-4.174360728948243490e-07,2.566662197665503104e-06,6.506819021569998510e-06,1.076720793666995817e-05,1.445975381145946231e-05,1.677286884843597509e-05,1.724938345133196976e-05,1.592218145031048675e-05,1.328262492740116412e-05,1.011589278061525981e-05,7.269059344838800957e-06,5.421074654654522083e-06,4.910311233315021513e-06,5.657262535177741572e-06,7.201619113432301040e-06,8.850754846142823231e-06,9.906916745947508881e-06,9.907861012289650605e-06,8.795475336999770144e-06,6.937062032586890025e-06,4.972052740010773720e-06,3.530272997421297339e-06,2.934694950228538951e-06,3.025294912785268824e-06,3.200321706330175402e-06,2.677139193715395914e-06,8.676981036771348356e-07,-2.302802866065922266e-06,-6.292721883866596640e-06,-1.012172584711782680e-05,-1.276223713573259212e-05,-1.356974546965934860e-05,-1.255089613763849962e-05,-1.034076998385527480e-05,-7.899397907251336115e-06,-6.074241731846462134e-06,-5.240772551160078142e-06,-5.192904051694203907e-06,-5.328215283084293897e-06,-5.023829566677175705e-06,-4.003818370629175264e-06,-2.506799717601971499e-06,-1.168494725843511134e-06,-6.828585631248435409e-07,-1.419569153041144357e-06,-3.196463953359427648e-06,-5.323681430409000164e-06,-6.896177503012092623e-06,-7.186821799466214918e-06,-5.947305252064704633e-06,-3.478993878699835229e-06,-4.579248437321097989e-07,2.379433004362367376e-06,4.524266844241553931e-06,5.823811534375997668e-06,6.415689877971916794e-06,6.541665396991357012e-06,6.370413641233287126e-06,5.935236286434864242e-06,5.207917352851331626e-06,4.237689469661892631e-06,3.240984041522526574e-06,2.559516121183223970e-06,2.491941367216213254e-06,3.094110744353022324e-06,4.078300852249627919e-06,4.897073154421999341e-06,4.994253083018012093e-06,4.101959754188066917e-06,2.420542299589246698e-06,5.673453998524629518e-07,-7.010415653265484019e-07,-8.628843007985667170e-07,9.027033080363258672e-08,1.622677750385967834e-06,2.897442653994757636e-06,3.174540125315799744e-06,2.158470840421688002e-06,1.127018957698519158e-07,-2.318997332154693849e-06,-4.484862553171475933e-06,-6.082372615227676387e-06,-7.294697263257020009e-06,-8.618640800671839149e-06,-1.046909318042368810e-05,-1.277966318056779971e-05,-1.483976861958566354e-05,-1.549756873238698155e-05,-1.366845648600438551e-05,-8.917575467696371215e-06,-1.823562046152152491e-06,6.083048514156433904e-06,1.281728648924048418e-05,1.667303507856168941e-05,1.687187901756139120e-05,1.383864482049102956e-05,8.983978400980844117e-06,4.099378567739311481e-06,6.422379574290228359e-07,-7.735705913316489056e-07,-4.761586640655894878e-07,5.823261101065205057e-07,1.375190834534376969e-06,1.306570657017566914e-06,4.425340551340982047e-07,-6.119698989372791136e-07,-1.095308949481723391e-06,-5.218612680104699985e-07,1.046901776503055588e-06,3.007561123223958810e-06,4.469912456780161863e-06,4.624399358367862741e-06,3.051574912429719910e-06,-1.457208290559518996e-07,-4.410090531686827663e-06,-8.932219630139479283e-06,-1.288581785427625398e-05,-1.561190923622783960e-05,-1.672128541620548589e-05,-1.612973800716216132e-05,-1.405426806300848826e-05,-1.098031575182362328e-05,-7.584102163388376737e-06,-4.589395738533568976e-06,-2.567013623673186339e-06,-1.733881969610127104e-06,-1.842814775740480099e-06,-2.242553887296639030e-06,-2.122556957769095165e-06,-8.645310322752068919e-07,1.648610195235942096e-06,4.920828434679456778e-06,8.007261322519736518e-06,9.906959811521963072e-06,1.001828511503321616e-05,8.444642911271518023e-06,5.993814434871317970e-06,3.851768597536406086e-06,3.067653107633821326e-06,4.083665951670527601e-06,6.530655751547553544e-06,9.389792819798892435e-06,1.144871920335290829e-05,1.184053053144288756e-05,1.041475803551806751e-05,7.771048132651011219e-06,4.948807742594309950e-06,2.930067151870457293e-06,2.198271118380528952e-06,2.562043122769189912e-06,3.318595293099993989e-06,3.663873257179359287e-06,3.138165971918544754e-06,1.883323836367400009e-06,5.845063318926369523e-07,1.258838182071721017e-07,1.128882893034458353e-06,3.597139575882023378e-06,6.840328139314328077e-06,9.717405345542487897e-06,1.109270046752289102e-05,1.030397218301841401e-05,7.440398648087077653e-06,3.316114215479005499e-06,-8.424602917405375442e-07,-3.859970937080063484e-06,-5.037293767356745690e-06,-4.376921057602208255e-06,-2.536119915544602888e-06,-5.444255986269119856e-07,5.936863256580127549e-07,2.593707963789314665e-07,-1.581236593630103223e-06,-4.395831085386774210e-06,-7.300534006686944282e-06,-9.384394203961498153e-06,-1.002822272193643698e-05,-9.111503818066406544e-06,-7.043153467354257597e-06,-4.612218367953452362e-06,-2.714574200081976514e-06,-2.052576124267706718e-06,-2.912473122628587573e-06,-5.095032507640902184e-06,-8.017114139158073726e-06,-1.093678619593666941e-05,-1.320812105191011322e-05,-1.446452692360775768e-05,-1.466584611897090903e-05,-1.400891490667975951e-05,-1.276381859888915378e-05,-1.112809647250647756e-05,-9.173225633295659207e-06,-6.900799139992414730e-06,-4.360125734241400522e-06,-1.740937139243114412e-06,6.326186042581091780e-07,2.421946533689634084e-06,3.449860675527183105e-06,3.828636110748519609e-06,3.948819764579252278e-06,4.306832280322632512e-06,5.242038243712511284e-06,6.718567782036606808e-06,8.282885264807727914e-06,9.248713760455208217e-06,9.041939330486879552e-06,7.541082286111191716e-06,5.229781086659289462e-06,3.055434277437108111e-06,2.030817980700408263e-06,2.753270035190901114e-06,5.075526362268627671e-06,8.105684340482049527e-06,1.056159617608908957e-05,1.132937469574279761e-05,9.965631772717554204e-06,6.898745407801920587e-06,3.224150483277997094e-06,1.865310542270745266e-07,-1.400799656719254658e-06,-1.513725075710272296e-06,-8.751002067722167510e-07,-5.355371619550868374e-07,-1.292060598188861761e-06,-3.244168995395276050e-06,-5.718823008648880407e-06,-7.607529269108883317e-06,-7.945223113027352448e-06,-6.432088605579442390e-06,-3.623798699566985620e-06,-6.828834141269324737e-07,1.190164708667871863e-06,1.358799026957228630e-06,7.483660786651302504e-08,-1.648631329040090721e-06,-2.561376181125092414e-06,-1.838181601520953741e-06,4.557781625618047389e-07,3.337978185606061408e-06,5.345281026874644402e-06,5.228446511959445700e-06,2.568508903674157605e-06,-1.984712348174189079e-06,-6.968125764184612638e-06,-1.073228668480249269e-05,-1.214153436566717287e-05,-1.102164624211327064e-05,-8.159444324655062698e-06,-4.878056840355968209e-06,-2.409801677317619396e-06,-1.370423388618098332e-06,-1.569768605061104668e-06,-2.216771532465623079e-06,-2.383964026737760734e-06,-1.483903148303447731e-06,4.733498760154120957e-07,2.944220817407019377e-06,5.171949399519512124e-06,6.577720391414613836e-06,7.020073696250248481e-06,6.806026974446532423e-06,6.473813895417033991e-06,6.480592862956238354e-06,6.963648354834990237e-06,7.690222171691238744e-06,8.205081738831522127e-06,8.085410652977078564e-06,7.169065166852881451e-06,5.649830111633600292e-06,4.008872459121660193e-06,2.830487030559535151e-06,2.592762500595620334e-06,3.515776260065183565e-06,5.506513517055987540e-06,8.192150797122309253e-06,1.100812691448238581e-05,1.331096051332238532e-05,1.450353754448741405e-05,1.417010584218861887e-05,1.220668250208745340e-05,8.907252898317558859e-06,4.950266248792428357e-06,1.246520503725237649e-06,-1.336772382049704353e-06,-2.291678205663194654e-06,-1.694953295665286526e-06,-2.248600628235892488e-07,1.072132459977192032e-06,1.193358604574462461e-06,-3.955158653749158600e-07,-3.513976984166512372e-06,-7.321501707371329569e-06,-1.066345275653962414e-05,-1.255969308966984893e-05,-1.261426567738551221e-05,-1.115617159883425769e-05,-9.046730455870424789e-06,-7.248785326758014317e-06,-6.368266535706451655e-06,-6.391043720512148811e-06,-6.740226713296493811e-06,-6.619404781494048033e-06,-5.465629245100950148e-06,-3.283149715831135819e-06,-6.907529002442025097e-07,1.340327463173346875e-06,1.928000397271191644e-06,6.852355335423772809e-07,-2.101747391462758447e-06,-5.598723119820793535e-06,-8.779843088086250626e-06,-1.083825580708710500e-05,-1.146246218673703449e-05,-1.087107743131224341e-05,-9.625062424236664852e-06,-8.340314518959951698e-06,-7.453341839272438099e-06,-7.139775030872341521e-06,-7.385824017998198534e-06,-8.125550976043729569e-06,-9.330497152895128864e-06,-1.098419868106564377e-05,-1.296171530134295967e-05,-1.490910412632948231e-05,-1.623323842865872897e-05,-1.625645565215887519e-05,-1.449288333665178622e-05,-1.091911025116967956e-05,-6.091229283930707775e-06,-1.020025953378622238e-06,3.170448811116290734e-06,5.665428421502267322e-06,6.278023482302875393e-06,5.517552234366382899e-06,4.371587790693767168e-06,3.894543402079201224e-06,4.780966574466235444e-06,7.103697850376528055e-06,1.031729478028316185e-05,1.350653839478195914e-05,1.575676731812702602e-05,1.648345314081502662e-05,1.559515131533364108e-05,1.345170387468763804e-05,1.067151361142449369e-05,7.894488701052875990e-06,5.602187754541852653e-06,4.046303851296086516e-06,3.274319335546986432e-06,3.201011594503221698e-06,3.672875506034921369e-06,4.501506167922590025e-06,5.477020344547836699e-06,6.389113911468131089e-06,7.071909990292088331e-06,7.459951335688751195e-06,7.619385812762112857e-06,7.720294050946105972e-06,7.946326111412323786e-06,8.379710998411146278e-06,8.926226733535880972e-06,9.334994022059680359e-06,9.321351436674557385e-06,8.740045186325465186e-06,7.715185687615619853e-06,6.640499469248273692e-06,6.021831395184378905e-06,6.218114614856215301e-06,7.203685277412223844e-06,8.484677511618583611e-06,9.242279025777638975e-06,8.668782478239538464e-06,6.358865710576660592e-06,2.572118868766048712e-06,-1.776793030110187337e-06,-5.428377948405100741e-06,-7.276540979438626925e-06,-6.843577130202997215e-06,-4.514662341190832953e-06,-1.410516615835885686e-06,1.064506569803352665e-06,1.811950370028898158e-06,5.093655562053764132e-07,-2.250490807336326389e-06,-5.218905111520530259e-06,-7.038132378731133359e-06,-6.834464459672148904e-06,-4.594127688905779178e-06,-1.157340945716196320e-06,2.159933619208084593e-06,4.138071256140988792e-06,4.156435635000035062e-06,2.402188297242492254e-06,-2.957883935220147298e-07,-2.910002256407364630e-06,-4.708231017126643546e-06,-5.555568650036062642e-06,-5.884852778295529573e-06,-6.366350529932917166e-06,-7.461080975178242560e-06,-9.101416245912627355e-06,-1.067688950214203688e-05,-1.134414907880595597e-05,-1.050720422991466848e-05,-8.215846407009767629e-06,-5.259279049792512301e-06,-2.878253864673043879e-06,-2.212196380706481985e-06,-3.741347888262947974e-06,-7.002815696576011495e-06,-1.073869863877262674e-05,-1.342895394928880881e-05,-1.397076238370918061e-05,-1.218536759009486918e-05,-8.906440818747108067e-06,-5.599449618130586554e-06,-3.686174866930166321e-06,-3.892560367912519312e-06,-5.929245398399301979e-06,-8.654584582585732054e-06,-1.063656016398145492e-05,-1.083716509645661830e-05,-9.085970523721020520e-06,-6.117132346031624475e-06,-3.162644654176607637e-06,-1.315094368111101733e-06,-9.851507569971062147e-07,-1.726546426866527799e-06,-2.511303274724901185e-06,-2.306995159967392954e-06,-6.533889610884496612e-07,2.063409726684428387e-06,4.785419802659249557e-06,6.320613307479203155e-06,5.970152462409452932e-06,3.921815505198067751e-06,1.202404505270884370e-06,-7.953437402589506655e-07,-9.795798987418926945e-07,9.115263211743037688e-07,4.182054935899487850e-06,7.515008651563277950e-06,9.604564422742416991e-06,9.769372023442370430e-06,8.245669442372650026e-06,6.023049877756065164e-06,4.316067472567376354e-06,3.944511985396610316e-06,4.934437862572792530e-06,6.533707946462654094e-06,7.622790076259646190e-06,7.303431628294410218e-06,5.364344157536431493e-06,2.393469750968678099e-06,-5.089776508141622927e-07,-2.260394419734896130e-06,-2.295648097678084151e-06,-7.893434161684093700e-07,1.497129270602417361e-06,3.647260619344283509e-06,5.065437617537324038e-06,5.749840864698667919e-06,6.228943402071172244e-06,7.207157789345339023e-06,9.115004829000341799e-06,1.180427713690608456e-05,1.454929836102442341e-05,1.635585355030850531e-05,1.642313928587068765e-05,1.452981915643898734e-05,1.115719493730639070e-05,7.295066380852960755e-06,4.029431807026459391e-06,2.109307168873584072e-06,1.687944809846198183e-06,2.339121795591710268e-06,3.314427093330215692e-06,3.900732473277782907e-06,3.706985162858156610e-06,2.762852071596263062e-06,1.413864473630154299e-06,9.376144832900437739e-08,-9.007086231429569843e-07,-1.528586305669027539e-06,-1.980279098797440973e-06,-2.546166563998552121e-06,-3.456940141894196714e-06,-4.771314655094024752e-06,-6.349138322047337928e-06,-7.902366544444398917e-06,-9.087701357069133122e-06,-9.602434910763170295e-06,-9.260883397138864641e-06,-8.045511691042446135e-06,-6.131578207684657702e-06,-3.877228249715381368e-06,-1.764649311688125177e-06,-2.859798256831903826e-07,2.064787278846768859e-07,-3.651735067442747676e-07,-1.750842789442747859e-06,-3.446159092729319910e-06,-4.886604310941587771e-06,-5.690752498040521271e-06,-5.840990204268168195e-06,-5.702305505886361936e-06,-5.847859705646199950e-06,-6.756106742034738190e-06,-8.520150411112423268e-06,-1.072199609029331312e-05,-1.255765116386622083e-05,-1.317958583864409113e-05,-1.210782591147562341e-05,-9.510412175855606026e-06,-6.200344689903249215e-06,-3.323984225967080508e-06,-1.866480880874966119e-06,-2.198583591710444531e-06,-3.883221196009920196e-06,-5.846616714787964599e-06,-6.848539939983449175e-06,-6.041286122954085553e-06,-3.359218997415704865e-06,4.437793317403773933e-07,4.127266948698906603e-06,6.511623946249779731e-06,6.984284570134513832e-06,5.732713923187049415e-06,3.606318407657777471e-06,1.687897769974639546e-06,7.900763777372499909e-07,1.118555217106516768e-06,2.252074473067802071e-06,3.427652929438582703e-06,3.971101421834578966e-06,3.650199272907773801e-06,2.778912653473824972e-06,2.035078889223706248e-06,2.099757202223605017e-06,3.309647376631413885e-06,5.495490896705401579e-06,8.074068759877343367e-06,1.032830429201455941e-05,1.171965748757039563e-05,1.207411820149564091e-05,1.156387426134235469e-05,1.052291323423761309e-05,9.221415466250235040e-06,7.734898161448058244e-06,5.977284918902738133e-06,3.863518872232310009e-06,1.487644390577426425e-06,-8.077778892762805114e-07,-2.530190868156848319e-06,-3.260829376172602891e-06,-2.881478820762394556e-06,-1.671647048133666460e-06,-2.104571659243420475e-07,8.749646928559341199e-07,1.185434714379454927e-06,7.041093338414138752e-07,-2.511355102644339740e-07,-1.245550771084654826e-06,-1.987727757632234539e-06,-2.480049477164524912e-06,-2.970852675348412358e-06,-3.737220576478876510e-06,-4.832111769710858524e-06,-5.959523303153646491e-06,-6.574760302391221989e-06,-6.176704848356702823e-06,-4.637220264679664392e-06,-2.371433002949578075e-06,-2.224294205982544218e-07,9.155921443971404534e-07,5.591317192424470280e-07,-1.063054041434822750e-06,-3.052821647354538009e-06,-4.245923612774626002e-06,-3.799326245599136479e-06,-1.671721495067810454e-06,1.263111420000460947e-06,3.561059310038142824e-06,3.873253136346074029e-06,1.623338868651283156e-06,-2.636657842725680503e-06,-7.382318018672148129e-06,-1.073219935042498682e-05,-1.124660315569778123e-05,-8.542070538585352690e-06,-3.441284606564650209e-06,2.398751095231713444e-06,7.190359529509745968e-06,9.713297049976459178e-06,9.693257090878510383e-06,7.723452685551667512e-06,4.826372866903102828e-06,1.921871160343193784e-06,-5.136486761653338550e-07,-2.446793048115672725e-06,-4.003518589335970817e-06,-5.124278977782208330e-06,-5.408500229740262599e-06,-4.277074771989644661e-06,-1.379225101891811092e-06,2.996598782140030065e-06,7.780821376230648490e-06,1.139622042972323711e-05,1.237057466653409576e-05,1.001323957339242061e-05,4.816313016879186895e-06,-1.645950748771226521e-06,-7.307602395994084254e-06,-1.043639804726570402e-05,-1.031736155045622143e-05,-7.482053934531491029e-06,-3.390435495950123085e-06,2.648987937400638153e-07,2.289301703287818171e-06,2.410997776969591689e-06,1.230972085051125860e-06,-2.254062117488288453e-07,-1.086847232374796977e-06,-1.036325510503832278e-06,-3.485390948874708480e-07,4.069214590834440665e-07,7.864354452335894923e-07,7.545734798681968929e-07,6.653254175410350829e-07,9.702580155527848253e-07,1.849653134348976816e-06,3.011020759764384633e-06,3.799927376771600876e-06,3.578213132683695021e-06,2.154765169493777290e-06,4.886586755453515726e-09,-1.880548563022953445e-06,-2.469832111858489666e-06,-1.250985071988140504e-06,1.428360161787211843e-06,4.448842500157651554e-06,6.422342988501244440e-06,6.373038245440381260e-06,4.252564057512215339e-06,1.017149077516982972e-06,-1.788477063830032174e-06,-2.745590851388979102e-06,-1.227418530981581567e-06,2.305189680500099066e-06,6.511695148751039158e-06,9.765516735000931068e-06,1.083308451542948163e-05,9.316676783988182776e-06,5.683166326727991037e-06,9.252282219750085472e-07,-3.917978605687098526e-06,-8.112559933832327053e-06,-1.129828913024354151e-05,-1.331031176033638109e-05,-1.394601480248319850e-05,-1.289369873591748414e-05,-9.919176689127122995e-06,-5.213663634014986297e-06,3.390580194191114594e-07,5.219402997656434570e-06,7.737370074898325341e-06,6.752448795233161920e-06,2.308780098088955655e-06,-4.170552884766518349e-06,-1.030606562186458178e-05,-1.367927914129114564e-05,-1.285768688317192705e-05,-8.050806090921399822e-06,-1.066783161224389516e-06,5.441229105818468994e-06,9.110453620164284745e-06,8.868310323134246821e-06,5.338736365683769791e-06,4.785956356468915612e-07,-3.366762952838380897e-06,-4.530794231478543787e-06,-2.716334565943710390e-06,9.890211515961512555e-07,4.734014650297779836e-06,6.820858235480322317e-06,6.459711947585705065e-06,4.016547822855031100e-06,6.875310920020936606e-07,-2.177372399995318812e-06,-3.725100111096567900e-06,-3.899958726899307930e-06,-3.285433353303755007e-06,-2.633733397596613375e-06,-2.384072319573552512e-06,-2.447864132345175042e-06,-2.362184074795640548e-06,-1.688990914750329861e-06,-3.953806386816601626e-07,1.032094309604459691e-06,1.822360535945240068e-06,1.374443366644618224e-06,-3.363770438226845804e-07,-2.652568310249366340e-06,-4.516011056148204425e-06,-5.004035734996090520e-06,-3.833324303392818268e-06,-1.547672455617935257e-06,7.333020983506713446e-07,1.892498908358699125e-06,1.426621356234412975e-06,-2.331222274625556307e-07,-1.872479754645067368e-06,-2.058839038374926888e-06,1.533187591113885356e-07,4.723740694269606989e-06,1.058028197129195964e-05,1.604650940394526667e-05,1.953341252872694883e-05,2.016580960555789499e-05,1.806177098925655370e-05,1.416708470781572149e-05,9.766462958799329000e-06,5.935410023734740518e-06,3.194518328183292070e-06,1.493791976170644851e-06,4.692499041356193640e-07,-2.200483820419681222e-07,-6.815314388242385137e-07,-8.100128147530021014e-07,-4.917742444635125805e-07,1.690755133865446816e-07,7.716741502150384712e-07,7.601112899339296460e-07,-2.831395447152117175e-07,-2.363471610684561907e-06,-4.992943249541244478e-06,-7.372195209022560084e-06,-8.757374735095600947e-06,-8.823622257088776944e-06,-7.828803479981179175e-06,-6.482874127331045110e-06,-5.585246136250310916e-06,-5.618897573651352335e-06,-6.515723599197072261e-06,-7.717396487548892247e-06,-8.497797625058546434e-06,-8.372258138777089893e-06,-7.371676877804421213e-06,-6.031877738093927627e-06,-5.101741650499885704e-06,-5.125663468256091882e-06,-6.125426982427706411e-06,-7.556511216032171598e-06,-8.570585499431750232e-06,-8.454954905904163355e-06,-7.025088350010397507e-06,-4.766717265528725465e-06,-2.647850995345788382e-06,-1.684183714121418689e-06,-2.461287116964628972e-06,-4.835656814653681975e-06,-7.948891790028180261e-06,-1.054261605837625382e-05,-1.142964576705444083e-05,-9.920295797455343332e-06,-6.040773686698080811e-06,-4.850675433726382976e-07,5.644088232336050551e-06,1.117917927420366445e-05,1.518800820580077405e-05,1.715228501406318372e-05,1.701427960097737395e-05,1.512669304653962005e-05,1.214853024629579455e-05,8.910204003548757132e-06,6.250951742955408715e-06,4.833143481980057791e-06,4.963288877912640492e-06,6.478835785591421506e-06,8.765181191951484406e-06,1.093221235625134395e-05,1.211285859572197398e-05,1.177973658232470414e-05,9.948714808213627285e-06,7.172532008382534058e-06,4.314334154089414010e-06,2.191215051362858694e-06,1.241756489658035696e-06,1.364751805232496592e-06,1.998988313563229585e-06,2.402376195390365944e-06,1.997222640975165826e-06,6.217973692423188756e-07,-1.421407852719176458e-06,-3.529733973564158832e-06,-5.085867577840709315e-06,-5.723715363787411857e-06,-5.454807168792193933e-06,-4.612956181820847664e-06,-3.666051146909726895e-06,-3.001835796347080685e-06,-2.792982805933857607e-06,-2.992122534030878072e-06,-3.433353976023619030e-06,-3.964232732741626294e-06,-4.527366823450951537e-06,-5.151612060903772362e-06,-5.872504493748499500e-06,-6.644541817116605990e-06,-7.310448339374538952e-06,-7.655136356539915681e-06,-7.517982265335803031e-06,-6.898218466925332825e-06,-5.987100314526053098e-06,-5.097775464181080889e-06,-4.518892788262982279e-06,-4.361056584065333033e-06,-4.473483658166203363e-06,-4.477693382991900412e-06,-3.911612791110223846e-06,-2.427398189318768925e-06,3.764106056201619267e-08,3.186738970660878011e-06,6.417754918561068627e-06,8.990357229966016616e-06,1.025315877353134185e-05,9.859814109100743836e-06,7.906749055921837607e-06,4.945776313393330006e-06,1.856463503558954703e-06,-3.992144768496879423e-07,-1.079294103990307385e-06,6.871687562257340080e-08,2.669045962520787465e-06,5.781431223720425773e-06,8.178198613039069237e-06,8.763820834944320435e-06,6.995149666698491016e-06,3.135712856851042321e-06,-1.778802841959563024e-06,-6.280967056201963586e-06,-9.005739046456898459e-06,-9.210578608367002296e-06,-7.061600439420384861e-06,-3.552682330534130878e-06,-7.946199398662149031e-08,2.154025713329370918e-06,2.635635854924817310e-06,1.726450161404778470e-06,4.390403272672966661e-07,-8.543088717536526062e-08,8.433786315448004041e-07,3.103195179242877568e-06,5.788405343723659141e-06,7.619348704705285063e-06,7.540405193572486210e-06,5.226876124535744195e-06,1.265929141207782649e-06,-3.066960082432030281e-06,-6.324938038473724689e-06,-7.458254672963739819e-06,-6.182045694935443079e-06,-3.000850778676690701e-06,1.082759572380220939e-06,5.005228643988496543e-06,8.007960406034608892e-06,9.781262614076313399e-06,1.037053619010908625e-05,9.956365895856589737e-06,8.671462572763454592e-06,6.569602548219814463e-06,3.748229962619286131e-06,5.168891998488897206e-07,-2.535902572849750390e-06,-4.669540061392624639e-06,-5.284816682505333873e-06,-4.242435552553152783e-06,-2.024300949092018896e-06,3.822255023288375570e-07,1.859435124417498384e-06,1.635245577800085807e-06,-3.655140974861108661e-07,-3.472928004354092140e-06,-6.563494930883674701e-06,-8.561753638512027692e-06,-8.917113799261253241e-06,-7.831239653500827113e-06,-6.132849558803557664e-06,-4.868029997005425343e-06,-4.808601795235971367e-06,-6.112295594226957202e-06,-8.284165315621176579e-06,-1.043565247025675056e-05,-1.169604755433330391e-05,-1.157128473431810022e-05,-1.009170754943908626e-05,-7.711661138061560298e-06,-5.050605716450288178e-06,-2.630809273575625744e-06,-7.413653464230020924e-07,5.351039726761116274e-07,1.198984108302704409e-06,1.229880337235512644e-06,5.903398032129157645e-07,-6.618613169790720774e-07,-2.240635136460992774e-06,-3.598501653448652921e-06,-4.066613718287615282e-06,-3.136438224156619683e-06,-7.505872790433841567e-07,2.564430285673400957e-06,5.830642212645043483e-06,7.992878954174248917e-06,8.377642474500151537e-06,7.016264260409792433e-06,4.660363585670591568e-06,2.460057321423549551e-06,1.442985969751515181e-06,2.038904615007677915e-06,3.882117778083603393e-06,5.993845300693876372e-06,7.261045733850964244e-06,6.979926680401090516e-06,5.197152337617684570e-06,2.679366437019503181e-06,5.248425004556345298e-07,-3.910794897138699227e-07,1.385145458795988598e-07,1.538379070494804728e-06,2.728958879323696244e-06,2.663182800893444471e-06,8.622964280285957778e-07,-2.309451787598176144e-06,-5.765986563558052414e-06,-8.162397629764547776e-06,-8.485396609730880995e-06,-6.500674131477097812e-06,-2.857924851090141490e-06,1.184855288480290012e-06,4.284520665871984120e-06,5.547390156633132460e-06,4.848618399955150752e-06,2.819073368058085065e-06,5.347979065673519576e-07,-9.330803673826669822e-07,-9.092027594696335709e-07,7.027050369435806376e-07,3.483947630470225673e-06,6.742203504053607458e-06,9.798054744077398055e-06,1.219185076638469825e-05,1.374773002193545223e-05,1.450962559319607282e-05,1.461843229893087114e-05,1.420831387569707214e-05,1.336782919942951165e-05,1.216282009090067689e-05,1.068201527912212649e-05,9.060756493922515623e-06,7.461381039823973935e-06,6.022783171924224123e-06,4.814403228387284084e-06,3.827899358036999900e-06,3.015294898083428169e-06,2.351185034651451939e-06,1.878134337285321149e-06,1.700610766654427348e-06,1.921220653453587606e-06,2.548155992204594073e-06,3.424674279675419821e-06,4.226632680096302005e-06,4.543188910744830564e-06,4.013591203654412949e-06,2.461230612794034857e-06,-3.771785358007458916e-08,-3.185779839385700140e-06,-6.583094916589298080e-06,-9.877341304029184707e-06,-1.287098099054828523e-05,-1.553206240632657622e-05,-1.790439408706153386e-05,-1.996868268863038459e-05,-2.153942804699050028e-05,-2.227297775018384935e-05,-2.180996091802324966e-05,-2.000219744617748638e-05,-1.711550332083307897e-05,-1.388829491115606279e-05,-1.137479502484820066e-05,-1.059565139732952019e-05,-1.211794064405885450e-05,-1.574283470613158887e-05,-2.045914867134153932e-05,-2.472374192520381271e-05,-2.699147274418983285e-05,-2.629804275734300305e-05,-2.265609953671618142e-05,-1.708567814943622365e-05,-1.124565345207151403e-05,-6.803321369267380831e-06,-4.798412909977381798e-06,-5.268418204555400985e-06,-7.293868827921570422e-06,-9.439810817935130708e-06,-1.039429829185246031e-05,-9.517328929060381309e-06,-7.056499958438480333e-06,-3.940868603308479624e-06,-1.260712760983637521e-06,3.138138434030570212e-07,8.965198200186941420e-07,1.359082662682908071e-06,2.929570631199678865e-06,6.607999865081417572e-06,1.267496889764186539e-05,2.051993435518057899e-05,2.885941397694570304e-05,3.623035694292879057e-05,4.152076834412942510e-05,4.429654350928697849e-05,4.479750371229125654e-05,4.364557376067433381e-05,4.144637268907335777e-05,3.850342329377150831e-05,3.478644407237700350e-05,3.014667361886346066e-05,2.463345057239653464e-05,1.871086350929097991e-05,1.322930080378516160e-05,9.142766074491750393e-06,7.105314223648673926e-06,7.152535692694206186e-06,8.637901928945954672e-06,1.046794399935741595e-05,1.153079638649691613e-05,1.111752065261244614e-05,9.143364095416517734e-06,6.080740591942593126e-06,2.660847226876467769e-06,-4.896892317990853263e-07,-3.092192072440326956e-06,-5.232477828799195831e-06,-7.172800879647204824e-06,-9.090371036769906147e-06,-1.090452204106588071e-05,-1.229384098197995808e-05,-1.288900595231664396e-05,-1.252284053035425294e-05,-1.138464368932393060e-05,-9.979846071328180037e-06,-8.907453174251479447e-06,-8.573477129037255574e-06,-8.998719550215696837e-06,-9.830460433164994486e-06,-1.055607502822261304e-05,-1.080386302983307517e-05,-1.056532340522420070e-05,-1.021316930490954941e-05,-1.029991805070770735e-05,-1.124306597612020267e-05,-1.306809881484822516e-05,-1.535307157188793608e-05,-1.741165893572025445e-05,-1.862240306507208102e-05,-1.873037099366693805e-05,-1.795872436311202696e-05,-1.686732262539404446e-05,-1.603114316646300156e-05,-1.571050563826061519e-05,-1.569380558985120568e-05,-1.540524972668407024e-05,-1.423003526175464116e-05,-1.189076442858067652e-05,-8.674624127387962146e-06,-5.380604409256732296e-06,-2.995531090271692032e-06,-2.246394342025429849e-06,-3.243797681053614354e-06,-5.392802919341226756e-06,-7.621784148958482273e-06,-8.829154437650239129e-06,-8.345577926928697039e-06,-6.203954103447374292e-06,-3.101231172689208739e-06,-7.850525509834540795e-08,1.929720666873197508e-06,2.476446020701528978e-06,1.755692382526649596e-06,4.809321299839892805e-07,-4.375958832331270207e-07,-2.646604706553600849e-07,1.295429559492174306e-06,4.034950206388743563e-06,7.378642580769198081e-06,1.063766497057643092e-05,1.326500574342972462e-05,1.501379983281535430e-05,1.595418171339954937e-05,1.636591174558188540e-05,1.656751220815517518e-05,1.675584425644091217e-05,1.691543497312604315e-05,1.682586366532394599e-05,1.616080019615319247e-05,1.464289622490169694e-05,1.219980752072645254e-05,9.061741370206387127e-06,5.753378617038007730e-06,2.963961002391392439e-06,1.323727407642413001e-06,1.159052114039181823e-06,2.323010966857911184e-06,4.185720806519684241e-06,5.815893937922814452e-06,6.307321130106758277e-06,5.133371218887038570e-06,2.384019305701355988e-06,-1.226318001512634491e-06,-4.603092012078717584e-06,-6.682576652493584508e-06,-6.844871467342743665e-06,-5.154285036751758117e-06,-2.321057096593686565e-06,6.018101900758390036e-07,2.655477263853529720e-06,3.354785883208190303e-06,2.845901005694998877e-06,1.779733055540068664e-06,9.689278209816216797e-07,9.932317258474326058e-07,1.936683458060143520e-06,3.372821335047782103e-06,4.594477183743408356e-06,4.970562586745822587e-06,4.257212717909284732e-06,2.718532904169338645e-06,1.006500538983263227e-06,-1.369175191751178524e-07,-2.135769745687727961e-07,8.125122183709622218e-07,2.504102908513177714e-06,4.141956838812000330e-06,5.026343315231556947e-06,4.757012009602249094e-06,3.380144662472117168e-06,1.355319288618652166e-06,-6.288509737203334996e-07,-1.907964756091360379e-06,-2.067550904104207610e-06
-7.933635234242701473e-06,-6.588341339579112422e-06,-4.222451950054006179e-06,-1.604181880968158181e-06,4.598609793351216447e-07,1.425195923897135857e-06,1.179192449767969095e-06,2.167801910976868053e-08,-1.513664179155628733e-06,-2.900695911566162875e-06,-3.813706984725481112e-06,-4.199362530134094001e-06,-4.223051526262142281e-06,-4.144152468169545517e-06,-4.195950894901313461e-06,-4.523076363562586435e-06,-5.181298527454318090e-06,-6.163085765709203160e-06,-7.402997898187886196e-06,-8.744046857020773997e-06,-9.890344758862883404e-06,-1.040154188175172739e-05,-9.776861685672245340e-06,-7.629799473712538816e-06,-3.892865585718274221e-06,1.047975691800326893e-06,6.378629201485125153e-06,1.106737178254091994e-05,1.419661384330987438e-05,1.528281522505575604e-05,1.444176124045807241e-05,1.231728379832264045e-05,9.797552321179177283e-06,7.643410027011334580e-06,6.196970914852839646e-06,5.301558608704949073e-06,4.462284497236732599e-06,3.159867965336281994e-06,1.157142381667185411e-06,-1.354842978144715133e-06,-3.839958862828817222e-06,-5.680437144296687608e-06,-6.480970695373226828e-06,-6.256551947875942836e-06,-5.411249675835070993e-06,-4.526001634932581740e-06,-4.072242342525324136e-06,-4.202864511668702589e-06,-4.725249943364089167e-06,-5.259242438930114570e-06,-5.481792939138769071e-06,-5.314746684619588994e-06,-4.947461278906382001e-06,-4.682169302242411155e-06,-4.694014027836073644e-06,-4.851335657632577438e-06,-4.713813638344505455e-06,-3.729740796141931614e-06,-1.540400855174073881e-06,1.768551260176657518e-06,5.612337500472271384e-06,9.097089428244306203e-06,1.137681379560374585e-05,1.200916151077175847e-05,1.113618073277665487e-05,9.400119720188543994e-06,7.635546241614775157e-06,6.489888618102344778e-06,6.157497174365515085e-06,6.350668761276271338e-06,6.507635350058090232e-06,6.117400115806722404e-06,4.987228409077073549e-06,3.317555636258782768e-06,1.558170874928922163e-06,1.386852983426881923e-07,-7.691090521116156342e-07,-1.323439379195270232e-06,-1.883674947296064409e-06,-2.761134617506420057e-06,-3.999800830784372053e-06,-5.320390489115746666e-06,-6.267063545183031007e-06,-6.477015627962142215e-06,-5.916820690506904459e-06,-4.940659433630981623e-06,-4.121244149881253488e-06,-3.933358939339719213e-06,-4.460804754048720291e-06,-5.297056919192383808e-06,-5.713710053632596361e-06,-5.027335943172155811e-06,-2.981421267825697155e-06,6.055151871056078258e-08,3.226381113751885025e-06,5.511568075017623591e-06,6.240782030799564229e-06,5.382777621825598330e-06,3.555373098379564689e-06,1.712625803013795228e-06,6.696433200616341728e-07,7.060468958153835203e-07,1.450669879109600178e-06,2.105823988276702377e-06,1.893560088588540963e-06,4.905815836677164044e-07,-1.775963906812479042e-06,-4.074746249900304207e-06,-5.482259877505732927e-06,-5.444640701684558135e-06,-4.047059416959634042e-06,-1.949824442331736528e-06,-2.635446630936479662e-08,1.103851164183305145e-06,1.397818397189628986e-06,1.393478935433093037e-06,1.890235041242692808e-06,3.472527079562142176e-06,6.128921709895550747e-06,9.172767410803377527e-06,1.151580494867324008e-05,1.216401762536330409e-05,1.069034190673550256e-05,7.450720471048767833e-06,3.440871478185751401e-06,-1.284192754814948184e-07,-2.323879140268844054e-06,-2.814331444175334999e-06,-1.890359591806986493e-06,-2.059014597646006895e-07,1.591876335007832915e-06,3.136178551393664015e-06,4.383452910572331806e-06,5.435750686999309731e-06,6.284176823492757397e-06,6.658688961667656317e-06,6.101016990198208800e-06,4.236352699956854418e-06,1.087329143435135752e-06,-2.771089663507888911e-06,-6.344264842855480111e-06,-8.611371536004787771e-06,-8.999435172831839584e-06,-7.692605323129188388e-06,-5.596788422021991587e-06,-3.947709727407380224e-06,-3.735808442510506974e-06,-5.225886450569864277e-06,-7.814290588246512883e-06,-1.030478078089675902e-05,-1.147623755707835149e-05,-1.066727082863955390e-05,-8.091690118369324056e-06,-4.731828879900733562e-06,-1.866677103326682724e-06,-4.716644425934447256e-07,-7.854690628618334093e-07,-2.248166473841686221e-06,-3.823427653676847023e-06,-4.525430510197453374e-06,-3.877102575670938430e-06,-2.075768470558640113e-06,1.950349014805017374e-07,2.181582079440889862e-06,3.465281633112090688e-06,4.137976485513217429e-06,4.664388639994347805e-06,5.525721763371431306e-06,6.858685514919596401e-06,8.303342206381018057e-06,9.153460156554280995e-06,8.731490127965641740e-06,6.781634768182397874e-06,3.659639665172495581e-06,2.054927348717158451e-07,-2.643017895969663571e-06,-4.295303331039675547e-06,-4.775351363343755527e-06,-4.667075002316036801e-06,-4.764018384702110084e-06,-5.608457894624609407e-06,-7.166294003015591182e-06,-8.814638881568288983e-06,-9.654696078398147449e-06,-8.989909664168925060e-06,-6.719555815804343676e-06,-3.438561142507282382e-06,-1.845140538839602890e-07,2.045460703963618148e-06,2.766186076871969361e-06,2.227081173978391692e-06,1.273886780934907851e-06,9.181558109534523190e-07,1.827511379396284110e-06,3.985803086072000759e-06,6.684859783637714648e-06,8.845569405294273157e-06,9.508966870595294996e-06,8.264313118018191891e-06,5.422268202283586852e-06,1.870409100556884454e-06,-1.302643778376059140e-06,-3.232165127272639546e-06,-3.566798815360232027e-06,-2.520979929434387738e-06,-7.073321323396372092e-07,1.141050304646310181e-06,2.422467883111261757e-06,2.799584984401153540e-06,2.199129189435070581e-06,7.314942214923772939e-07,-1.394009271374418185e-06,-3.909024562523722296e-06,-6.483226497001263679e-06,-8.721130129663780492e-06,-1.020541851132953951e-05,-1.060066939629372090e-05,-9.783430561038060163e-06,-7.932523926495569798e-06,-5.518352121470386019e-06,-3.171345870541131001e-06,-1.466522682717794321e-06,-7.043234273707613958e-07,-7.761738325992846231e-07,-1.173467036016908399e-06,-1.145612664212254467e-06,4.042508962067219819e-08,2.820633352323686873e-06,7.122582181747112548e-06,1.229239590909969040e-05,1.719626251601886764e-05,2.049000715669876876e-05,2.100409251711021175e-05,1.814803869793738152e-05,1.220942931749286294e-05,4.425193028318646292e-06,-3.249260571322582095e-06,-8.655109236774537499e-06,-1.009889144763443190e-05,-6.956191334288937023e-06,2.516850989074270035e-08,8.877275296340038699e-06,1.701280979008231987e-05,2.208380189409547638e-05,2.278295214243866699e-05,1.927069760494894561e-05,1.304819842526486590e-05,6.321885726937247548e-06,1.122276744372976091e-06,-1.452183696891548113e-06,-1.551553764793388540e-06,-3.358946220094960431e-07,6.809750876468195241e-07,3.819566754234835676e-07,-1.462953792941550282e-06,-4.181485686543137502e-06,-6.634213752272416659e-06,-7.854116761190283442e-06,-7.553003458766384386e-06,-6.239232364783647352e-06,-4.902305034447972751e-06,-4.449236222297233181e-06,-5.205109077038442737e-06,-6.749640026687479749e-06,-8.175467569893470152e-06,-8.622170639449542530e-06,-7.787419941865259817e-06,-6.126280135758127254e-06,-4.618069184654153285e-06,-4.218094707816493037e-06,-5.290730924346776095e-06,-7.341775622089235380e-06,-9.216137456353404249e-06,-9.679232700154196463e-06,-8.088074595687421415e-06,-4.796233869982261612e-06,-1.063115629568086448e-06,1.509653455967847329e-06,1.743916984705294616e-06,-5.309060443412873393e-07,-4.374727555006445838e-06,-8.173533822655180668e-06,-1.040110650247371960e-05,-1.032590672660711229e-05,-8.313069345437813700e-06,-5.580611055461535928e-06,-3.548544195194283849e-06,-3.124046929398574691e-06,-4.289484403836013509e-06,-6.192590570969107444e-06,-7.669698355559193031e-06,-7.906237521734860217e-06,-6.873273489492496065e-06,-5.307622817184388787e-06,-4.255355522087178502e-06,-4.437891071180833710e-06,-5.797308449500305100e-06,-7.480195855309337992e-06,-8.279394239993300128e-06,-7.299556108891917205e-06,-4.482989701117568931e-06,-6.987492230869068714e-07,2.672313890349594222e-06,4.451693623335637157e-06,4.302691752591020680e-06,2.948195071642311023e-06,1.832616931957685883e-06,2.383957985041622686e-06,5.247874761005415512e-06,9.892429262028173154e-06,1.480199909592773370e-05,1.818135486402167966e-05,1.882781038547522810e-05,1.673624318138963748e-05,1.312826469932416131e-05,9.880661597323451851e-06,8.626974624431548049e-06,9.969594165135148474e-06,1.318633540973675379e-05,1.657265845633514788e-05,1.825042424832836892e-05,1.705030482457123200e-05,1.304633064028978363e-05,7.497644492076798828e-06,2.243107225771439934e-06,-1.145779848265715359e-06,-2.044317920325306660e-06,-9.739011599666703965e-07,7.487222487937180984e-07,1.717012763326618086e-06,1.140903566482300743e-06,-7.822586411297275544e-07,-2.991372446404875883e-06,-4.097316619003825170e-06,-3.060300151949125794e-06,3.105857325055212867e-07,5.252251452883558871e-06,1.035926411645530978e-05,1.414702051614309068e-05,1.560621457253429705e-05,1.451980547041203582e-05,1.144255161220990213e-05,7.398651872480057513e-06,3.461308845750756226e-06,3.978213696379187116e-07,-1.498601751052775696e-06,-2.370343670804255884e-06,-2.616968666915003681e-06,-2.680457417546006341e-06,-2.880837575532235321e-06,-3.341701390778529031e-06,-3.999153162040116224e-06,-4.664257282972534654e-06,-5.109484077697911635e-06,-5.160210159224695245e-06,-4.777420222812540996e-06,-4.112293195218332465e-06,-3.505935203731346963e-06,-3.412778584248392825e-06,-4.252002594492915574e-06,-6.230126239475775725e-06,-9.208360148385142988e-06,-1.268756215143548749e-05,-1.594280070555049558e-05,-1.827233578217036622e-05,-1.926437975540943803e-05,-1.896353760591266247e-05,-1.785417815484863325e-05,-1.665799130401162829e-05,-1.603033058583951294e-05,-1.629046668292848552e-05,-1.730698529760293328e-05,-1.858595830159503540e-05,-1.951217114814457845e-05,-1.962182508974565217e-05,-1.877546074065844397e-05,-1.715684213730314596e-05,-1.511663403154734901e-05,-1.295931911412819785e-05,-1.079582121212067881e-05,-8.540780287101805518e-06,-6.047134377614909247e-06,-3.289726150939632092e-06,-4.793391518799049660e-07,1.973579756343086337e-06,3.640387686484592128e-06,4.309136511915821288e-06,4.142451759427356670e-06,3.660718144087567659e-06,3.541804431434581474e-06,4.327121328006254396e-06,6.178831780997763002e-06,8.813298985901564918e-06,1.164938050997082526e-05,1.410072047511516789e-05,1.586563115222480139e-05,1.706660986425316925e-05,1.816606740822834394e-05,1.969803713331214184e-05,2.194984675052580488e-05,2.475489033870730156e-05,2.750395312571878931e-05,2.937534802141469485e-05,2.967744066409035210e-05,2.814380575439289975e-05,2.504625197308893293e-05,2.107961991799153580e-05,1.707903888404440856e-05,1.370283937619469478e-05,1.121984205048778043e-05,9.480448209861846464e-06,8.060589476832429149e-06,6.492345640492621701e-06,4.469370119328632332e-06,1.945514668336054923e-06,-8.911478042899456352e-07,-3.726038844443120913e-06,-6.237504315208075845e-06,-8.172852730858532665e-06,-9.367385909371472131e-06,-9.732405521311872661e-06,-9.251920793874911160e-06,-8.009764631646899472e-06,-6.233479174694999597e-06,-4.313679010943873139e-06,-2.757646478853248378e-06,-2.066436032063369578e-06,-2.569488496916694960e-06,-4.283766808258339383e-06,-6.865204635830615665e-06,-9.685639695941176172e-06,-1.201464788999020660e-05,-1.323965787189189924e-05,-1.304222953847329791e-05,-1.147007524837998796e-05,-8.890809378315093288e-06,-5.860477917493764608e-06,-2.965481332823141817e-06,-6.918824942556458922e-07,6.505722858291778223e-07,9.524972027745707616e-07,2.960798265028152671e-07,-1.070647917310665251e-06,-2.775264494566833688e-06,-4.387594050528002590e-06,-5.515868199188824333e-06,-5.916365373967283967e-06,-5.578110148224795741e-06,-4.737857083168819862e-06,-3.800843597925831322e-06,-3.184425166142380285e-06,-3.144395805534673714e-06,-3.662620560832261464e-06,-4.454593692870296786e-06,-5.101941072011833190e-06,-5.252628772085230239e-06,-4.793278346912953637e-06,-3.906193103980161162e-06,-2.977818180844246190e-06,-2.399947368230326445e-06,-2.361954164263238108e-06,-2.740757853028071499e-06,-3.148478571519240399e-06,-3.118139564405295314e-06,-2.336003231427784806e-06,-8.031402829688301385e-07,1.156466707610056526e-06,3.045428969033459965e-06,4.422337677590672685e-06,5.091388821133002036e-06,5.153679443161055229e-06,4.895682693204916953e-06,4.579012870404476874e-06,4.251561324895115593e-06,3.692422890203752320e-06,2.533737234807430505e-06,5.063813266187357085e-07,-2.316629203794922349e-06,-5.415681468982383509e-06,-7.935466101133357969e-06,-8.984611651709828369e-06,-8.001941559519525199e-06,-5.026875384901246189e-06,-7.471398953151743902e-07,3.707531722809844131e-06,7.146601653631034746e-06,8.721735060321233419e-06,8.193768585110614117e-06,5.969410082862449703e-06,2.912887839408465680e-06,2.616762035956453759e-08,-1.869253863733447176e-06,-2.337311441629225568e-06,-1.371822974591636684e-06,6.948786499919205356e-07,3.348945677426899758e-06,6.044352099246154637e-06,8.302732290086902367e-06,9.763606409939674482e-06,1.021121909043492787e-05,9.602518516440988015e-06,8.097134603130750759e-06,6.064115337655664633e-06,4.032037205257948496e-06,2.567695553725597922e-06,2.105761983698877645e-06,2.787056075521012480e-06,4.375099785127397364e-06,6.299284129541957415e-06,7.825248472505607226e-06,8.299787012119224581e-06,7.383085122136968310e-06,5.181295161604989441e-06,2.227632921094531793e-06,-6.845609633684054754e-07,-2.760440043079679501e-06,-3.466845391386732805e-06,-2.713759270012064311e-06,-8.968474164211643532e-07,1.210968715435502037e-06,2.685250827314993735e-06,2.725924880922137308e-06,9.023456437462690618e-07,-2.705300479511740780e-06,-7.513160073946220318e-06,-1.259235920789404313e-05,-1.693563280284292175e-05,-1.975068576664212370e-05,-2.068387519004678531e-05,-1.989483235813566963e-05,-1.795123661825042934e-05,-1.557914176110195633e-05,-1.336346333258740254e-05,-1.151931921909841625e-05,-9.832281581590690992e-06,-7.798579384316891051e-06,-4.910240936145906787e-06,-9.622200762058705710e-07,3.758760242636168648e-06,8.498763450493284914e-06,1.227859454531278774e-05,1.425929173169963118e-05,1.407745914171626061e-05,1.200421428632786245e-05,8.855283530013724391e-06,5.687740449407014011e-06,3.412106412869581262e-06,2.484084368636798638e-06,2.801660355471992248e-06,3.838865640508956346e-06,4.941406780295266640e-06,5.640859093004439525e-06,5.843898017564754954e-06,5.818987519462151170e-06,6.001787603330862820e-06,6.724575994771914585e-06,8.005317791750123153e-06,9.496908832999302719e-06,1.061648657119294522e-05,1.078915235557830585e-05,9.690708098706138937e-06,7.381284968887563957e-06,4.278620870643305112e-06,9.955989707883224639e-07,-1.875898069429717383e-06,-3.939172476125192333e-06,-5.061517451712945555e-06,-5.331738093280798338e-06,-4.952356098282953047e-06,-4.133816895799692389e-06,-3.042009959691749862e-06,-1.810111807502585508e-06,-5.855551108809965928e-07,4.352525834527557161e-07,1.019944693506641101e-06,9.635426571235454868e-07,1.709351740506263495e-07,-1.287930037608783961e-06,-3.184919902156620391e-06,-5.205800852017603365e-06,-7.056681556520576426e-06,-8.555998897643464282e-06,-9.670588101905147171e-06,-1.048264186816954218e-05,-1.110836678397219362e-05,-1.161141160708010791e-05,-1.195409164300495165e-05,-1.200842647809035194e-05,-1.161884504228690293e-05,-1.068452364331607060e-05,-9.222620690611932066e-06,-7.385456931632543450e-06,-5.427042115356122587e-06,-3.635281926743677593e-06,-2.256366373755040086e-06,-1.434983618622308857e-06,-1.182938210380170034e-06,-1.377386162511364936e-06,-1.784007756782586615e-06,-2.100450397769143188e-06,-2.016984178204013299e-06,-1.289306938520794031e-06,1.889004145421136035e-07,2.334928982691888881e-06,4.871723883945673965e-06,7.383369938285719789e-06,9.425183869554578538e-06,1.065667592436986147e-05,1.094863833105187813e-05,1.041831658260041853e-05,9.371808097175459316e-06,8.171860867324754214e-06,7.084868027943327764e-06,6.175111461563094305e-06,5.297727987391062508e-06,4.199259373267538406e-06,2.684103174598413669e-06,7.703017795695517865e-07,-1.243192059446748796e-06,-2.840282002192923059e-06,-3.467257618392425734e-06,-2.758301053821678953e-06,-7.114054654339996736e-07,2.264723825500834512e-06,5.459937269957738042e-06,8.089403821931519606e-06,9.549093911864947923e-06,9.599316301321361217e-06,8.407190392686526593e-06,6.439452498342671609e-06,4.259077098552373214e-06,2.315301398756673883e-06,8.118373090038796506e-07,-3.033596152549511113e-07,-1.240452277309701737e-06,-2.221411810441376467e-06,-3.357941055863007168e-06,-4.604605751301333806e-06,-5.794331826969121508e-06,-6.721534969526673276e-06,-7.219624390847437877e-06,-7.192569223402990560e-06,-6.595441875582031022e-06,-5.394997891153872099e-06,-3.556515761621327104e-06,-1.087005171352245371e-06,1.874944679089188981e-06,4.973754290575997356e-06,7.624343995294802649e-06,9.119640838702101391e-06,8.850359979005891734e-06,6.565515879032200564e-06,2.562284346305089178e-06,-2.297198215269579445e-06,-6.783773118871092347e-06,-9.665825184289142893e-06,-1.011314700248862518e-05,-7.982606274863988978e-06,-3.865496976705153790e-06,1.130581722903748794e-06,5.782668628233768221e-06,9.175635775193184226e-06,1.097726544099458684e-05,1.145934381732401863e-05,1.126992101967076920e-05,1.106970067246798822e-05,1.120130529243884941e-05,1.153884336557295684e-05,1.157743849091540796e-05,1.070968980798987500e-05,8.551195974360008883e-06,5.159286625349246895e-06,1.044750016872890203e-06,-3.022683831546391505e-06,-6.317382004666396617e-06,-8.424923464309515153e-06,-9.353145926262969231e-06,-9.448031405800106793e-06,-9.171537734697162393e-06,-8.862009821329856621e-06,-8.598432903985963447e-06,-8.229533457783538795e-06,-7.540090093640919743e-06,-6.455706892942752637e-06,-5.169533986246952934e-06,-4.117700464791217256e-06,-3.810807067799815854e-06,-4.604317362703020609e-06,-6.522221475010409264e-06,-9.220594648758426029e-06,-1.210634573763427079e-05,-1.454955896411259970e-05,-1.608541744823008629e-05,-1.651475954440849312e-05,-1.587203712889733128e-05,-1.430230417430367608e-05,-1.193490153799512886e-05,-8.835919391335313351e-06,-5.068104148562922035e-06,-8.160272604811824722e-07,3.513396853385254322e-06,7.301031911119531901e-06,9.866187293569779628e-06,1.070813590235456039e-05,9.728731132745712965e-06,7.320448628069307665e-06,4.259454415105390343e-06,1.434471968280788191e-06,-4.761305044202128774e-07,-1.236756463241322968e-06,-1.093105891425315409e-06,-6.032411518166440390e-07,-3.444384980531128140e-07,-6.349995141266906044e-07,-1.397981156116076799e-06,-2.220727374872549561e-06,-2.568035175479283884e-06,-2.036432475129740311e-06,-5.265586936232564198e-07,1.737740876317727296e-06,4.331390933404903539e-06,6.809085722188185562e-06,8.843758841457742553e-06,1.025953178978702553e-05,1.096797544508519249e-05,1.087842997741589371e-05,9.867991468975305261e-06,7.854789121040746925e-06,4.943170615439030921e-06,1.546259003256989333e-06,-1.619044196564498224e-06,-3.714161745579658935e-06,-4.090895018799821459e-06,-2.599177150898336406e-06,2.701576921351680062e-07,3.511129453474661325e-06,5.979885525178485115e-06,6.878553217204064324e-06,6.130543637105622263e-06,4.460779596573226816e-06,3.116008856776758694e-06,3.322749688570280395e-06,5.708087843890178773e-06,9.939193055944195635e-06,1.475264235724743126e-05,1.837995944034129036e-05,1.920467056093971958e-05,1.638563740729211894e-05,1.019591659271001618e-05,1.947571775638124125e-06,-6.455363975510987378e-06,-1.314771491472917850e-05,-1.687084612223344792e-05,-1.727714623014731547e-05,-1.489466795468849834e-05,-1.081512726542145154e-05,-6.263755980752434663e-06,-2.226144125573390519e-06,7.496935669956555222e-07,2.551384196879616287e-06,3.358984967157321273e-06,3.458177710047697291e-06,3.095598490351483396e-06,2.417218324207397179e-06,1.482350897139354344e-06,3.173567124427863293e-07,-1.028809487761882847e-06,-2.449687248339522923e-06,-3.772555471625728685e-06,-4.773467554573395515e-06,-5.214545391952243565e-06,-4.902954556209447752e-06,-3.763901095746213927e-06,-1.905248941602730183e-06,3.607172756756074862e-07,2.568686251750886516e-06,4.228571198026789505e-06,4.993782734170028091e-06,4.799545516239652620e-06,3.898457509048105489e-06,2.757837892665966850e-06,1.848578219975535096e-06,1.416764644026190471e-06,1.352041115190873895e-06,1.231496095760835386e-06,5.353739959379546238e-07,-1.060452217810194470e-06,-3.462210226056260461e-06,-6.132847921627828071e-06,-8.300438067930329631e-06,-9.318260164051046568e-06,-9.006183043227988086e-06,-7.794742782557607363e-06,-6.576688239547071762e-06,-6.310456140215393393e-06,-7.548881428269704417e-06,-1.011814018352244264e-05,-1.311524711570577256e-05,-1.524920429890258790e-05,-1.538749777459066427e-05,-1.306538946776295254e-05,-8.723296748115861020e-06,-3.556892778763731963e-06,9.596194327630016313e-07,3.667418134763353035e-06,4.172607912177491078e-06,2.958915318621443124e-06,1.126717245737823010e-06,-1.110078862518599336e-07,5.576202023917586586e-08,1.729458580208002506e-06,4.324822682513109251e-06,6.875282109223184983e-06,8.466434177195937086e-06,8.599455862068179987e-06,7.341934259170616825e-06,5.234941362878387951e-06,3.034298762660281944e-06,1.420323758243544606e-06,7.958422909948486206e-07,1.226425991715469639e-06,2.501853406276382503e-06,4.253321898152170344e-06,6.063013245594087619e-06,7.538196379197042505e-06,8.360591531017825734e-06,8.335897669210735875e-06,7.451113894647815363e-06,5.915034060825339167e-06,4.138223380888871438e-06,2.623359448985073499e-06,1.783023755603313620e-06,1.754558680389618995e-06,2.306063144068993759e-06,2.901668276805165599e-06,2.923262696611078604e-06,1.963069458341097899e-06,5.169557619121165835e-08,-2.298742547617180370e-06,-4.277485769185395674e-06,-5.116647461280804514e-06,-4.440279676189627849e-06,-2.455583265610329174e-06,1.123303896004283794e-07,2.322006935320026647e-06,3.419656371666621999e-06,3.159294257042792316e-06,1.889075131363325404e-06,3.630835940581002731e-07,-6.321013495837836558e-07,-6.585194901092052045e-07,1.657499660291976171e-07,1.231792728474713994e-06,1.747376697548975450e-06,1.141707648915032979e-06,-6.243123843157103839e-07,-2.991688388359359974e-06,-5.019317902970793237e-06,-5.792779082959169918e-06,-4.848482250533419023e-06,-2.425997802760189636e-06,5.676440289791010733e-07,2.878018829001441888e-06,3.386215721411924443e-06,1.565054284797917561e-06,-2.273209747400773633e-06,-7.040750442442754293e-06,-1.123427643909615003e-05,-1.346299980787986430e-05,-1.295023638748495609e-05,-9.820051598765185190e-06,-5.056441407124058512e-06,-1.429348209880783437e-07,3.487676376694586435e-06,4.986183574300965767e-06,4.393977573321915348e-06,2.596781690790592739e-06,9.344423928474390365e-07,6.174161397388713952e-07,2.188056854011763848e-06,5.257092825511276443e-06,8.638577136132225906e-06,1.083932683669962388e-05,1.070123209717620656e-05,7.918366077786990112e-06,3.195720619853241381e-06,-2.030428430310615531e-06,-6.193795094121867804e-06,-8.253620586917428142e-06,-8.105778908926352186e-06,-6.559017327915324208e-06,-4.887779467344949273e-06,-4.174991197937779808e-06,-4.762407560035653129e-06,-6.078676595866406116e-06,-6.934753274366754030e-06,-6.147607048294484095e-06,-3.187812183128025681e-06,1.472045291713450260e-06,6.490536617326061204e-06,1.022098621925057790e-05,1.144216153513531968e-05,9.907554239891162872e-06,6.450351429337974611e-06,2.596368753585964559e-06,-1.245163085501277097e-07,-8.351355351433083416e-07,3.737880631331322201e-07,2.603302892162657464e-06,4.675049581387707619e-06,5.743958407315835693e-06,5.679710213751483932e-06,5.034438763276367932e-06,4.637816412570186702e-06,5.057386565766765913e-06,6.228766313665709096e-06,7.462998165563956619e-06,7.829503776886545654e-06,6.704544904968463778e-06,4.178868003232629128e-06,1.087309390685181386e-06,-1.377014149242718438e-06,-2.275457489736195634e-06,-1.443540377355599531e-06,3.671190524242744325e-07,1.821429141401681214e-06,1.659152862788513806e-06,-6.462377186221632515e-07,-4.566795802351255103e-06,-8.715625319768192052e-06,-1.148102360171876020e-05,-1.179871206247359828e-05,-9.685124561371084579e-06,-6.264958321398502799e-06,-3.269833140944835560e-06,-2.241694336292271534e-06,-3.817859340445581474e-06,-7.434583429600217568e-06,-1.158399472625081418e-05,-1.449572615874281253e-05,-1.491817937736480248e-05,-1.263788627835906504e-05,-8.511279683508512239e-06,-4.019844389944562877e-06,-5.797321775069497214e-07,1.063553535518830738e-06,1.086497312713357898e-06,3.996420788701005838e-07,1.450298660482163307e-07,1.138075969665119201e-06,3.513889564339723085e-06,6.716653089352735836e-06,9.796426715231814657e-06,1.183964044262179509e-05,1.232042452551045228e-05,1.122765161015440193e-05,8.951189104801780447e-06,6.029028470078895551e-06,2.906667359712382154e-06,-1.748935986625607405e-07,-3.136337598537915215e-06,-5.926369509400434780e-06,-8.402573217372258661e-06,-1.030796766469293885e-05,-1.135582286926775434e-05,-1.136615255780426400e-05,-1.036773383371463754e-05,-8.603490063951596556e-06,-6.436493936277409368e-06,-4.211208836586516834e-06,-2.146075369191027946e-06,-3.086642912944293544e-07,1.328807392267718542e-06,2.803508916547158376e-06,4.108107603488854317e-06,5.202384004777826485e-06,6.072866043128974824e-06,6.784353724083617459e-06,7.467779363152835757e-06,8.231106731653850796e-06,9.039035440895931315e-06,9.644829876252277673e-06,9.644944511629467425e-06,8.664064436597618946e-06,6.596128369883724864e-06,3.773316329174306026e-06,9.469054555742723279e-07,-9.549513442670009477e-07,-1.212560931478675142e-06,3.266106952695039313e-07,3.098290770091788116e-06,5.982738389578757855e-06,7.737242839145927980e-06,7.523774371824799350e-06,5.294650481355696813e-06,1.849235562714640059e-06,-1.481525931964303668e-06,-3.394016239708352653e-06,-3.167985764295882181e-06,-9.690159396054446090e-07,2.239474318282919296e-06,5.132035430030763536e-06,6.602263332904014393e-06,6.222764457596152884e-06,4.379828801230103015e-06,2.035646514002506795e-06,2.459508474341588114e-07,-3.301948272231858304e-07,3.005826207083211744e-07,1.530664924643513420e-06,2.497419755971889617e-06,2.526511385459427261e-06,1.452867581191568279e-06,-3.277014184022141359e-07,-2.083454978758558652e-06,-3.120899499618315453e-06,-3.117293771558543853e-06,-2.254748183447867152e-06,-1.107391779647266698e-06,-3.561971581996843519e-07,-4.816854524021081792e-07,-1.579278848308920110e-06,-3.365954538622567613e-06,-5.345881560258537276e-06,-7.031353775746757649e-06,-8.107132169145593074e-06,-8.477587238457065356e-06,-8.210892074431147677e-06,-7.447457626325567784e-06,-6.342422542190024504e-06,-5.068531981450162135e-06,-3.848804692026193621e-06,-2.958044056525868156e-06,-2.650713429052928754e-06,-3.029918791294082293e-06,-3.931087207249077884e-06,-4.912389060674666284e-06,-5.401663261695152231e-06,-4.962926204392180628e-06,-3.561448483383347750e-06,-1.677310848384947869e-06,-1.704308149209733247e-07,8.185933085068574835e-08,-1.372830346129605546e-06,-4.253408102510143134e-06,-7.546801570460424112e-06,-9.862067663949804406e-06,-1.000929590434434727e-05,-7.552263702158579318e-06,-3.073968538632284400e-06,1.989200607858252457e-06,5.895646926267520224e-06,7.300831826990413267e-06,5.807365910534754645e-06,2.120193804566213590e-06,-2.258811896294720704e-06,-5.655389435757574405e-06,-6.885996523859782486e-06,-5.672444054724916239e-06,-2.646768565534249950e-06,1.021051829361498963e-06,4.172762873345784674e-06,6.126643140809770409e-06,6.860721711144538443e-06,6.870494345596599014e-06,6.816197605158132320e-06,7.161025879033681512e-06,7.978710128951143298e-06,8.998325221875335498e-06,9.821305008364798297e-06,1.016241942089968539e-05,9.973167237949018385e-06,9.391499047573270448e-06,8.572298671938775947e-06,7.523929252489400279e-06,6.068059153248431302e-06,3.960043980286141356e-06,1.103639400948750059e-06,-2.271928588064667739e-06,-5.593104800416106964e-06,-8.118133884248982717e-06,-9.235030464227004049e-06,-8.734048597220343485e-06,-6.911699978245987643e-06,-4.446118128410893344e-06,-2.101100167713787847e-06,-4.052609349107145953e-07,5.348918135949077733e-07,1.000456093424682482e-06,1.433456811734779534e-06,2.146843190050396875e-06,3.129491396127214166e-06,4.049093100785194326e-06,4.446478078256229166e-06,4.011292874496234482e-06,2.786610641548533122e-06,1.190548787383066333e-06,-1.572252557471601447e-07,-7.122228862475414029e-07,-2.411965388027068702e-07,1.099757580356154172e-06,2.873880374471559636e-06,4.587824674586169534e-06,5.903018997695761593e-06,6.722819234547752838e-06,7.122250335429568866e-06,7.181255743686391706e-06,6.838280772750513067e-06,5.866960541055449124e-06,4.002907609744734453e-06,1.153617343354602058e-06,-2.433362732342927837e-06,-6.156089095559966026e-06,-9.231265625459706122e-06,-1.098597457366030572e-05,-1.112964928086807003e-05,-9.870076335582291929e-06,-7.812135774147403733e-06,-5.686736593750949959e-06,-4.042428427524657640e-06,-3.048376858755098977e-06,-2.496560956335049160e-06,-1.986201208029450355e-06,-1.180782973997988566e-06,3.451240593886138056e-09,1.373687482414811713e-06,2.602284888903106822e-06,3.442394700949880646e-06,3.886564793859495196e-06,4.172373039134265090e-06,4.628077837655026423e-06,5.444575202498531378e-06,6.505775459279807651e-06,7.382160541801546570e-06,7.506057612518631485e-06,6.448408863922994466e-06,4.158673045417070595e-06,1.043250777240630719e-06,-2.163616725597984852e-06,-4.680347888193426717e-06,-5.980814875542273292e-06,-5.982871764146501539e-06,-5.045376097063952697e-06,-3.789426756021886647e-06,-2.837606271449295639e-06,-2.590583062348901332e-06,-3.126020427799996675e-06,-4.234854657411459011e-06,-5.545419004562991667e-06,-6.659900597033391641e-06,-7.247944431566546896e-06,-7.088621961686161620e-06,-6.090399524596544687e-06,-4.323173666942513402e-06,-2.065382410076375363e-06,1.733009497861961274e-07,1.712701129576026129e-06,1.879553106269886624e-06,2.699901758148592449e-07,-3.004100668129008254e-06,-7.215865347772420776e-06,-1.116389636760005001e-05,-1.354505549671322932e-05,-1.343534012465097722e-05,-1.068013397509837920e-05,-6.009140160335711959e-06,-7.976605633623869408e-07,3.448757909862922026e-06,5.677374767166527210e-06,5.687848252088673450e-06,4.170542668198029856e-06,2.364790403428745441e-06,1.490097892903225443e-06,2.206253485660089482e-06,4.342697298573464269e-06,7.010348324305097872e-06,9.031263143254042187e-06,9.478096461689282924e-06,8.073755966524160326e-06,5.278760373248475743e-06,2.048504117137918098e-06,-6.026789798264827066e-07,-2.013840887842754876e-06,-2.079131534738791417e-06,-1.170537759801482396e-06,1.434656286900613271e-07,1.414112246553055018e-06,2.493761030189625731e-06,3.501210791473001310e-06,4.615580942143154515e-06,5.838457136470030895e-06,6.878166423004101673e-06,7.237812413660714924e-06,6.470709605366013684e-06,4.467534972203831933e-06,1.612702705565342400e-06,-1.291784872259282538e-06,-3.319631519272997910e-06,-3.802446451907631646e-06,-2.622325723715450296e-06,-2.745209216855971015e-07,2.332625565235381353e-06,4.250428454781987680e-06,4.867393138738415866e-06,4.127251248215738057e-06,2.503334974665007526e-06,7.595639670145858518e-07,-3.795877069156380793e-07,-5.001838658238211879e-07,3.945194663075230772e-07,1.959278683479841510e-06,3.697092001691718689e-06,5.158019509008282221e-06,6.059077264042384514e-06,6.297198476651153625e-06,5.889963564098110033e-06,4.909694969120317263e-06,3.462020910417960248e-06,1.714039772858554165e-06,-6.852894236518243202e-08,-1.531181675649124723e-06,-2.317630162955078763e-06,-2.212067051421038033e-06,-1.268354956504989268e-06,1.527221719895954952e-07,1.480868676971904834e-06,2.144317502585474802e-06,1.802080457489425819e-06,4.911127323905562700e-07,-1.388474066427355939e-06,-3.252439557011419917e-06,-4.597541167493370822e-06,-5.229351134388531732e-06,-5.343603864539827232e-06,-5.420271310304859774e-06,-5.979080153676566257e-06,-7.311854064409056406e-06,-9.318082475430644092e-06,-1.152040996651328227e-05,-1.325128626232388593e-05,-1.392292827794306204e-05,-1.325791206085090290e-05,-1.138206113575469618e-05,-8.750150896805129652e-06,-5.952537486071749623e-06,-3.499128660775122685e-06,-1.675071576887749480e-06,-5.156867931368146087e-07,1.157372319161242371e-07,4.104051077898396604e-07,5.268794907337656037e-07,5.722358523644028206e-07,6.396067806462382952e-07,8.530787599325529516e-07,1.367933100546794353e-06,2.306471134601251902e-06,3.657466164061595602e-06,5.201511508070862683e-06,6.523104757172403878e-06,7.130901716145787572e-06,6.649572442701212437e-06,5.001194084676074385e-06,2.487284491621374537e-06,-2.787793982166499569e-07,-2.572080890756989784e-06,-3.809365378671312031e-06,-3.748198789488756341e-06,-2.548395621200356035e-06,-6.749021912143010250e-07,1.306802553775469435e-06,2.945987839721467804e-06,4.038044771794267892e-06,4.624979383564649995e-06,4.885650933773272756e-06,4.988947534510888402e-06,4.994196845753780407e-06,4.848587200098143791e-06,4.471315537289437725e-06,3.862163761806195153e-06,3.157328472410706138e-06,2.586424462232545201e-06,2.345053036636990481e-06,2.453528993715013043e-06,2.691443167366701069e-06,2.665705152685017781e-06,2.000107431453123749e-06,5.626434972522330120e-07,-1.387728213708126561e-06,-3.227802016698127459e-06,-4.185375175697723096e-06,-3.663462905799876677e-06,-1.529956078902008863e-06,1.768775037815470683e-06,5.339542824284812917e-06,8.176843914574033440e-06,9.559343049992276959e-06,9.331258147175549095e-06,7.938325350503573508e-06,6.198666159552225884e-06,4.912221209320727670e-06,4.489292314569298695e-06,4.770935351432814720e-06,5.123665419361241539e-06,4.760691839735963789e-06,3.134416347407616092e-06,2.125063627321824001e-07,-3.491658711974350684e-06,-7.142868607678669888e-06,-9.948108396413549495e-06,-1.148205084956750323e-05,-1.182061223045063218e-05,-1.143027649501512000e-05,-1.088551971312310612e-05,-1.057074976032750820e-05,-1.052380884620886821e-05,-1.049582718673663035e-05,-1.018110392552191160e-05,-9.475563120928537432e-06,-8.604886264164434209e-06,-8.034567784433194819e-06,-8.197301538016647297e-06,-9.182510941846726692e-06,-1.056779223247741365e-05,-1.150956887324717009e-05,-1.107877984885376377e-05,-8.693696267408394809e-06,-4.437219103010223687e-06,9.114845757052940859e-07,6.167651888030445972e-06,1.023058009354364738e-05,1.254362769362796401e-05,1.330151285891298663e-05,1.329983382665363733e-05,1.349617308323614806e-05,1.449664965705558851e-05,1.622275469082102786e-05,1.792774740597130053e-05,1.856020123396646661e-05,1.729901664045560642e-05,1.399602673353806985e-05,9.304310655296709937e-06,4.422862317977470973e-06,5.763115743491725464e-07,-1.521121958801879487e-06,-1.959942978424022909e-06,-1.548182754094667759e-06,-1.388129560653209967e-06,-2.323758623416096073e-06,-4.524554722513393157e-06,-7.400993754497898625e-06,-9.884194232962696561e-06,-1.092844412454259218e-05,-9.994755696692190046e-06,-7.292042405932580102e-06,-3.676008777953438083e-06,-2.700399353380402387e-07,2.003602292512135202e-06,2.766930761790864309e-06,2.264454836285400285e-06,1.171884719152786004e-06,2.542741448415533428e-07,4.633198192473682307e-08,6.925648726766003828e-07,1.987908802955367204e-06,3.556024748748066796e-06,5.045721098745770913e-06,6.239771512145134815e-06,7.039118207132173301e-06,7.365681281422778514e-06,7.072931905454703890e-06,5.941714494161077359e-06,3.779819716076341971e-06,5.737378216215152803e-07,-3.399249417402238587e-06,-7.577985575749165059e-06,-1.126414742815961993e-05,-1.385645286206801137e-05,-1.507114437042780354e-05,-1.504789841959561053e-05,-1.428936194894005280e-05,-1.345558045153862475e-05,-1.309680035956347834e-05,-1.343217829441640409e-05,-1.426020126013499946e-05,-1.503235190062995774e-05,-1.505984499006955087e-05,-1.377809849814854725e-05,-1.097808920119669214e-05,-6.927765700254700757e-06,-2.341242316592144960e-06,1.802766534569711888e-06,4.548439502754156503e-06,5.276268508286128045e-06,3.943806343212882327e-06,1.162429220028989057e-06,-1.941665976592986388e-06,-4.065732429451000676e-06,-4.172799724661007089e-06,-1.884410760607810913e-06,2.336474356395257902e-06,7.311727472442409903e-06,1.156754807145404629e-05,1.390445002282816507e-05,1.389329261195444436e-05,1.208115572518715856e-05,9.797258432087190368e-06,8.615770957288353891e-06,9.687994427126749630e-06,1.322761439694324437e-05,1.837987630635988504e-05,2.354487448011164513e-05,2.702527561393354443e-05,2.772071643724283312e-05,2.556547763953190974e-05,2.151816957423495681e-05,1.711271621415098979e-05,1.377680467172574764e-05,1.222572811043980853e-05,1.219922800581229091e-05,1.264674698844081983e-05,1.225995202386673712e-05,1.009763032731727832e-05,6.017053628502252721e-06,7.275372603612682095e-07,-4.536954555282625603e-06,-8.557107425485625934e-06,-1.062687447897214121e-05,-1.079708194814882505e-05,-9.782865818622550854e-06,-8.611721049615610500e-06,-8.195217715785292612e-06,-9.017096788062462141e-06,-1.104955221196465578e-05,-1.388768503262882874e-05,-1.699385270505159606e-05,-1.991428374424351389e-05,-2.237486257413136024e-05,-2.424754887939513102e-05,-2.545257112948446116e-05,-2.588533711152394811e-05,-2.542394573574452269e-05,-2.400922148519097664e-05,-2.173584547405506636e-05,-1.888258583780256164e-05,-1.584656776455985785e-05,-1.300688108309451535e-05,-1.058900032319334054e-05,-8.604983919100770231e-06,-6.902529919815654810e-06,-5.293152596837876502e-06,-3.683129554901951384e-06,-2.128471625161825981e-06,-7.794596367162544708e-07,2.535231116029442756e-07,1.031153598444122450e-06,1.827535519014436898e-06,3.043946618704806908e-06,5.025908888132342625e-06,7.873529469283873928e-06,1.134629627544862702e-05,1.491998547347442444e-05,1.797692131303804905e-05,2.004175018843023625e-05,2.095011627034539664e-05,2.087089342129796682e-05,2.017694257111898298e-05,1.923597374060867466e-05,1.823204194179838328e-05,1.710941683672033431e-05,1.566423358429894477e-05,1.373030193607690032e-05,1.135478828961234752e-05,8.863151275625159097e-06,6.768492785791565900e-06,5.559732643299628840e-06,5.465812119760578686e-06,6.308659469102038339e-06,7.519167747078071811e-06,8.317557702883169785e-06,7.987343893624807540e-06,6.133533779116962169e-06,2.825839118909621834e-06,-1.421567699636029742e-06,-5.816289129682129570e-06,-9.530525552723836241e-06,-1.193238172002524334e-05,-1.273429403543037136e-05,-1.202646286279313553e-05,-1.020544856612773674e-05,-7.837290981698932321e-06,-5.504024796959843232e-06,-3.675238379098756811e-06,-2.630343579433632846e-06,-2.439995172095326988e-06,-3.000540792516731246e-06,-4.104264752881490955e-06,-5.520688419820011703e-06,-7.061898311228320702e-06,-8.610373400400223742e-06,-1.010201190682797365e-05,-1.147660720958288037e-05,-1.262491191933296247e-05,-1.336639248383163091e-05,-1.347964334067121661e-05,-1.278138358738457329e-05,-1.122160596675133865e-05,-8.946812178659426545e-06,-6.290880602952352099e-06,-3.683431687293565130e-06,-1.505720211238817747e-06,4.565279308156831537e-08,1.023369339664804472e-06,1.686378721363612248e-06,2.361502177305262971e-06,3.268320220982779067e-06,4.387613330985209434e-06,5.438363564074959728e-06,5.981521648074026443e-06,5.611223974565195113e-06,4.152533690189351329e-06,1.778778546356051481e-06,-1.005549810078895190e-06,-3.513303924782022468e-06,-5.096024756783568595e-06,-5.350130376697141043e-06,-4.228885647786078335e-06,-2.023088132240381484e-06,7.711888871527394674e-07,3.635193940494584213e-06,6.183019081361026620e-06,8.231694551744998226e-06,9.770027561758596755e-06,1.085657324637910579e-05,1.150695822477415188e-05,1.163222325638447912e-05,1.106336448099083514e-05,9.654808674609810566e-06,7.419357014891405390e-06,4.626343121581707611e-06,1.803016594016339465e-06,-3.850560840691263761e-07,-1.347988984193264023e-06,-8.070557053947940224e-07,1.043424365718513711e-06,3.528420275158539082e-06,5.669031583297302807e-06,6.503432909570384482e-06,5.446832885562570332e-06,2.554595699710175962e-06,-1.426377679947405547e-06,-5.261918630429596897e-06,-7.636816555606989215e-06,-7.623158347972759652e-06,-5.034053802082583731e-06,-5.190327904250910737e-07,4.647503572581655632e-06,9.012006795635913847e-06,1.145154498495026941e-05,1.154747120822988700e-05,9.676412292558595702e-06,6.788986247235081617e-06,3.977759611246390426e-06,2.023734489954817739e-06,1.115553047768095613e-06,8.547322597596971470e-07,5.296945505675305124e-07,-4.796419754875981588e-07,-2.361183773800167725e-06,-4.754343544097787346e-06,-6.910607212338473377e-06,-8.052338003205692496e-06,-7.757995908734629205e-06,-6.189862971176007787e-06,-4.054226737372943501e-06,-2.308539293401441657e-06,-1.746997183297074160e-06,-2.651442853349195318e-06,-4.664077775458118942e-06,-6.937822024993785792e-06,-8.496526204936257349e-06,-8.646800186525872348e-06,-7.265061496134336243e-06,-4.842595690272202774e-06,-2.278461612791748754e-06,-5.160569836650679739e-07,-1.786975448332588846e-07,-1.350493758828788538e-06,-3.580015391648826028e-06,-6.089116039860633879e-06,-8.089179467988030623e-06,-9.072979481563079335e-06,-8.971319715579317622e-06,-8.125623307527913837e-06,-7.102275761490461103e-06,-6.432155439612813771e-06,-6.380040260266749141e-06,-6.829878211470605026e-06,-7.324153230771944395e-06,-7.238038610014628332e-06,-6.021798263217624617e-06,-3.422690638459453107e-06,3.936930586851118019e-07,4.866942499330084554e-06,9.203563322161071786e-06,1.262116879479372795e-05,1.458910392406819891e-05,1.497978176726936893e-05,1.407731799205324950e-05,1.244363119873453136e-05,1.069687327335023113e-05,9.290611797893923794e-06,8.379743988430249016e-06,7.820614448331129773e-06,7.294296578693054914e-06,6.489372240982114545e-06,5.257862560018157648e-06,3.675740598321764427e-06,1.988923659680284436e-06,4.823818173884641682e-07,-6.542630304539200495e-07,-1.394362910598084744e-06,-1.844649960793757809e-06,-2.143211899070039188e-06,-2.350647168301578027e-06,-2.403871759913072843e-06,-2.166012325221794963e-06,-1.548772314688963306e-06,-6.368051382083070950e-07,2.660570369498170962e-07,7.135473571804927435e-07,2.975888711631375802e-07,-1.145938519034121217e-06,-3.408033458828981671e-06,-5.927593831344279052e-06,-7.968584128246657955e-06,-8.884906924527334306e-06,-8.360530043319863006e-06,-6.521332859716739386e-06,-3.873049936307024775e-06,-1.098152776619921320e-06,1.194835839370557503e-06,2.661849561104305938e-06,3.282523694142535416e-06,3.283584687335565477e-06,2.983312393749003120e-06,2.640681732071857394e-06,2.374973518256556533e-06,2.173729574592366946e-06,1.958030123377201387e-06,1.651087222564734420e-06,1.208853334848814786e-06,6.078410829567425368e-07,-1.798430406085372856e-07,-1.184370828322927390e-06,-2.390899471671887434e-06,-3.668532404089975572e-06,-4.727645571142219889e-06,-5.156787012304211263e-06,-4.553307786695010190e-06,-2.706626524892273534e-06,2.490649443771220133e-07,3.797653895208393203e-06,7.159508499582359119e-06,9.533153677098407487e-06,1.036490928429966911e-05,9.531506428876023658e-06,7.357151333751337717e-06,4.462456781816073761e-06,1.519990620354778181e-06,-9.697171950298276496e-07,-2.786745072565776035e-06,-3.955699328684100425e-06,-4.612173498749956906e-06,-4.864493358794190390e-06,-4.734191964794447865e-06,-4.201505212089466355e-06,-3.311414075417745310e-06,-2.253651700750578592e-06,-1.342757763424939356e-06,-8.860900808071684942e-07,-1.003490338444385145e-06,-1.506477210381931621e-06,-1.927506642430344328e-06,-1.715083738698793059e-06,-5.162589497938096231e-07,1.593358826361868990e-06,4.062405707515330514e-06,6.047792209774609029e-06,6.762482550234349096e-06,5.829414312660964237e-06,3.469290103414266624e-06,4.231002831410572348e-07,-2.362420157810978766e-06,-4.140252479238502533e-06,-4.665907449347884796e-06,-4.253430126146092879e-06,-3.563265653439655910e-06,-3.234867078126586476e-06,-3.553556723868462440e-06,-4.320349232632725807e-06,-4.985769453750610764e-06,-4.970161506647636509e-06,-3.996037229306671449e-06,-2.253533683999914350e-06,-3.103700916944042856e-07,1.184959422423128597e-06,1.846553464893945861e-06,1.754789994471045646e-06,1.407958600039188687e-06,1.444586024405222068e-06,2.283872371697267041e-06,3.878926724620349349e-06,5.720810510856536382e-06,7.099197406492171726e-06,7.486789664830358925e-06,6.843170263930306655e-06,5.669003631066720358e-06,4.767457986125420535e-06,4.822583031592736040e-06,6.005113252196822195e-06,7.811406023580717118e-06,9.231099000357242273e-06,9.177634062567851858e-06,6.983734722912280853e-06,2.727656938449708868e-06,-2.765860367265672705e-06,-8.251960859374643032e-06,-1.256713037672090423e-05,-1.507408579732046418e-05,-1.585083863842119529e-05,-1.555061686594696283e-05,-1.501554056093313408e-05,-1.483763551427241586e-05,-1.507506646342913134e-05,-1.524719824199043835e-05,-1.459455618514313394e-05,-1.246731729984332232e-05,-8.655584346236745228e-06,-3.515051600288184537e-06,2.153321072650681378e-06,7.396305837328471456e-06,1.143127822243051140e-05,1.386011975755620510e-05,1.470283062444583430e-05,1.427107907008769769e-05,1.297064288240322609e-05,1.113736837314652465e-05,8.973542135734484919e-06,6.586887194433169594e-06,4.079585538009097694e-06,1.616948493137465582e-06,-5.709215136288714744e-07,-2.254002665113996837e-06,-3.291451425366035584e-06,-3.689000187710653551e-06,-3.588651953466773315e-06,-3.194543461839307237e-06,-2.675102117249636249e-06,-2.094265726031026373e-06,-1.407717112156577972e-06,-5.242511527078737415e-07,6.024390166950681598e-07,1.901784558140727580e-06,3.173502469276319238e-06,4.142889096241638183e-06,4.559786444632318044e-06,4.296761242837408008e-06,3.403956251062272752e-06,2.098964126909382018e-06,6.983866050094804844e-07,-4.799359355880097090e-07,-1.207318466062287132e-06,-1.398046119649045672e-06,-1.114113168684759400e-06,-5.259602925413481598e-07,1.535273619576067274e-07,7.397625154131215454e-07,1.131355552404146947e-06,1.333891515650468237e-06,1.445185323211195768e-06,1.604805519014739306e-06,1.922379314322950090e-06,2.409565096541455007e-06,2.944684905722472656e-06,3.292228678200352153e-06,3.180901079946777117e-06,2.418751102443278921e-06,1.002559724747518385e-06,-8.276928067146134111e-07,-2.623572121389719592e-06,-3.853450147938775228e-06,-4.081037532016013755e-06,-3.132855700818002086e-06,-1.188264979160924226e-06,1.248214335106372919e-06,3.487958277467876492e-06,4.864003576063269748e-06,4.928057196132198587e-06,3.570811682075507055e-06,1.030507162800645674e-06,-2.200409611349687772e-06,-5.524066274846876699e-06,-8.382153081384703232e-06,-1.035239432914446851e-05,-1.118364837340099385e-05,-1.078818001014540974e-05,-9.224172752363221249e-06,-6.692720838559710783e-06,-3.548117581547570904e-06,-2.946001623255189005e-07,2.465995293984976449e-06,4.154483854892266068e-06,4.384694205638967533e-06,3.127512963295616014e-06,7.933152860095393500e-07,-1.826939952085931186e-06,-3.772582178339618743e-06,-4.222049440463350915e-06,-2.793615733389946894e-06,2.813829065223327689e-07,4.195602630974485697e-06,7.819312903908791541e-06,1.008959149828801005e-05,1.039266431976995665e-05,8.789851878325027334e-06,5.991915878167492685e-06,3.083466590643853811e-06,1.100134385123675668e-06,6.241407107398607905e-07,1.560648456583738631e-06,3.186803440574239117e-06,4.455319169417229700e-06,4.430165728338263176e-06,2.677402316020147436e-06,-5.470397685863402000e-07,-4.386363743440128831e-06,-7.708159862727589906e-06,-9.529931564883236571e-06,-9.372550332787737769e-06,-7.406027279165682471e-06,-4.343768339007143295e-06,-1.146676868600414556e-06,1.328977469165014945e-06,2.595730181332543532e-06,2.619280817654067657e-06,1.718192193445943017e-06,3.537266704291693819e-07,-1.078855901874053054e-06,-2.365684037153516752e-06,-3.465078504496351171e-06,-4.410429800803764648e-06,-5.202176427362038898e-06,-5.760354007842211283e-06,-5.964342445775751239e-06,-5.749341554995397461e-06,-5.192137871706468323e-06,-4.522240412242470103e-06,-4.036194630239550870e-06,-3.949578870895799239e-06,-4.261384737679148037e-06,-4.706508571420288034e-06,-4.832192279213581610e-06,-4.173535135417551684e-06,-2.452871151785873688e-06,2.862568431949030817e-07,3.670516321077275309e-06,7.116043509279954868e-06,1.002112616238343011e-05,1.194924560769778811e-05,1.273106895204680788e-05,1.245721853577600239e-05,1.138466568133781955e-05,9.812863003563062020e-06,7.987348143562892779e-06,6.062479839165440999e-06,4.119093000065946700e-06,2.207749819631805301e-06,3.853744920341985897e-07,-1.270818573435797504e-06,-2.667355931899943271e-06,-3.701486787068069770e-06,-4.262537373646203339e-06,-4.235283988990744651e-06,-3.524014349338679257e-06,-2.109345808054409597e-06,-1.253986862503996376e-07,2.083364108341513164e-06,3.977547714777691129e-06,4.942089097027708378e-06,4.492154074970687908e-06,2.493339423715538159e-06,-7.061937418752048038e-07,-4.315784956051575302e-06,-7.332062266445211302e-06,-8.887843182848222180e-06,-8.582558427859375769e-06,-6.648073388380463860e-06,-3.864940939577150042e-06,-1.251537344664008976e-06,3.468094888443421507e-07,5.909787911672003568e-07,-2.433288329630662377e-07,-1.427612006647389221e-06,-2.135335699842110121e-06,-1.823680120290825263e-06,-4.673344608036514886e-07,1.456839328366891168e-06,3.215349326795930119e-06,4.167598445187012057e-06,4.050522873685618830e-06,3.070082808687255793e-06,1.771773150205156390e-06,7.700271253023193671e-07,4.773462233175358502e-07,9.604632965505009044e-07,1.974707798988121569e-06,3.132668537221916484e-06,4.100366474940970479e-06,4.714503516595762290e-06,4.973042665860947733e-06,4.931662974291247500e-06,4.593369008424594063e-06,3.876818843404718001e-06,2.693223615235372784e-06,1.085939324491297510e-06,-6.630011634714462874e-07,-2.047743783478244546e-06,-2.499789463064234509e-06,-1.635106271734955461e-06,5.322270133258190708e-07,3.526475161703729405e-06,6.546429278893307440e-06,8.752748149789922735e-06,9.579779188038590454e-06,8.929191564009806407e-06,7.158722207456369858e-06,4.879146899285920616e-06,2.664874667706014880e-06,8.209634567328223636e-07,-6.863716998234867483e-07,-2.117248394000313648e-06,-3.738956960554522667e-06,-5.625606107572014267e-06,-7.583902778047826922e-06,-9.238572447180969910e-06,-1.022316769075619895e-05,-1.036794342782050595e-05,-9.783655348965796542e-06,-8.801764234426391107e-06,-7.811356137269699417e-06,-7.086372852790973576e-06,-6.695288240185167109e-06,-6.532638383510385566e-06,-6.439977896776706803e-06,-6.334696132305140698e-06,-6.266090719716122235e-06,-6.366836700831181898e-06,-6.734426442668094957e-06,-7.321384397259236921e-06,-7.908776312164455714e-06,-8.187376124819418778e-06,-7.904816330863657505e-06,-6.994824385921056191e-06,-5.612166958359402032e-06,-4.050739368954158585e-06,-2.591048179856519944e-06,-1.366042485540180211e-06,-3.242696948439706912e-07,6.890348506792137909e-07,1.785348143654131063e-06,2.916778551736580256e-06,3.872278983371284041e-06,4.400976978267978363e-06,4.395389955471480107e-06,4.019641907464614614e-06,3.687099522204643995e-06,3.872982524614355266e-06,4.847754055724830102e-06,6.478295377961839733e-06,8.225258044370454625e-06,9.368518404079096378e-06,9.365656165692980611e-06,8.160411012365758533e-06,6.263332659460093705e-06,4.532211980489500591e-06,3.737000777703464811e-06,4.121356796497996529e-06,5.198267678887866415e-06,5.917240210837648490e-06,5.157664818489264696e-06,2.327142004138917674e-06,-2.232278254533188070e-06,-7.255844803884253322e-06,-1.101999332590607769e-05,-1.207034608278844067e-05,-9.883825852432411482e-06,-5.148391942587398194e-06,4.870814758364972289e-07,5.093651687210827148e-06,7.269420735418918521e-06,6.705591440814672142e-06,4.256245699923391989e-06,1.490417098961590483e-06,-5.275895112134690988e-08,4.483740277701900462e-07,2.783404916810571932e-06,5.895556526213326932e-06,8.451654892033771380e-06,9.502063215192020797e-06,8.907877714691647428e-06,7.342614416335949785e-06,5.893791680219642952e-06,5.484892881267210629e-06,6.414561711605759087e-06,8.234999687843759335e-06,1.000994366518988782e-05,1.080049008409383622e-05,1.012156243061042285e-05,8.141863352718191579e-06,5.543553955958547064e-06,3.135891145931323607e-06,1.437032722166552166e-06,4.418263061986936273e-07,-3.151229572752094865e-07,-1.450746203136232261e-06,-3.353558160041984263e-06,-5.934793252353348262e-06,-8.634825876605148453e-06,-1.067109884414394968e-05,-1.139088663867044827e-05,-1.054740327168422530e-05,-8.369761898979342414e-06,-5.413004280679948028e-06,-2.289010463347326250e-06,5.681066865759260950e-07,2.982062983793094608e-06,4.936835578955637812e-06,6.382855160390261418e-06,7.082745697926724380e-06,6.608408176313830075e-06,4.513799738234020369e-06,6.054581008367075227e-07,-4.829135133387894003e-06,-1.096443814625503621e-05,-1.660286826810507992e-05,-2.051244735646507334e-05,-2.180655061147613609e-05,-2.021968703936337272e-05,-1.618165441541228136e-05,-1.067773163530876208e-05,-4.962325888478885117e-06,-2.336274641829519637e-07,2.632424680874727688e-06,3.233568911250006681e-06,1.671115234120182720e-06,-1.518220287527851591e-06,-5.498799097123244338e-06,-9.317941144562126994e-06,-1.211298328453031445e-05,-1.331257039235171390e-05,-1.278338804079046311e-05,-1.086662815382931664e-05,-8.269188740917964950e-06,-5.824408658127512707e-06,-4.197017636242147905e-06,-3.645362383728475746e-06,-3.944253310534556472e-06,-4.509638816148381723e-06,-4.676061948769430790e-06,-4.002745139493340121e-06,-2.464603482864817898e-06,-4.355172543350996439e-07,1.528219914440323369e-06,2.995000988509771852e-06,3.896643892073566155e-06,4.570449113206545668e-06,5.575001393790109220e-06,7.368581816979824162e-06,1.001611330532018099e-05,1.308410658630398041e-05,1.579286526866902201e-05,1.736469385896034765e-05,1.740210105642621451e-05,1.610609018706271424e-05,1.421677724508722610e-05,1.269307890788745368e-05,1.227855145802479980e-05,1.316064131475388514e-05,1.488886826608927447e-05,1.659300327206196830e-05,1.739622571294885105e-05,1.682308706593776024e-05,1.500536392442531509e-05,1.258904321010376823e-05,1.039295468256163536e-05,8.990885215588981835e-06,8.424616674507798701e-06,8.188440974138454318e-06,7.490439265149856140e-06,5.659642019531165097e-06,2.498057332818623965e-06,-1.594187488101906802e-06,-5.779772312771345109e-06,-9.151046621620620783e-06,-1.112505020396320383e-05,-1.167938959906867701e-05,-1.132264381745050616e-05,-1.082282568304994958e-05,-1.083206247085175646e-05,-1.159029630200257259e-05,-1.284616092254625096e-05,-1.402359811073154848e-05,-1.454297325248491481e-05,-1.413325865452195272e-05,-1.298043275699468612e-05,-1.164017819408832378e-05,-1.075872549975051044e-05,-1.073849820320011928e-05,-1.151172060054454522e-05,-1.253422519478809715e-05,-1.300848322238418827e-05,-1.223797072988496519e-05,-9.953436439027053394e-06,-6.462747191473010891e-06,-2.553734953567461523e-06,8.117076489219167993e-07,2.882603395378085303e-06,3.418960912588534887e-06,2.779820617100357504e-06,1.763168890173985996e-06,1.266914229268715215e-06,1.914588112927982960e-06,3.801987324575114143e-06,6.467414538515074930e-06,9.092404296920293558e-06,1.084321049167833516e-05,1.120687680986446092e-05,1.018259429440581473e-05,8.254945267139504985e-06,6.170869278763658027e-06,4.624854118429085901e-06,3.991231822093016530e-06,4.214730807986316621e-06,4.894697832849001120e-06,5.510122325171847282e-06,5.672299418942328492e-06,5.286534457493436574e-06,4.554508700665050440e-06,3.829294923272492429e-06,3.406090430860311565e-06,3.359262242499572626e-06,3.507894997386103315e-06,3.523197255413955898e-06,3.117385278785296701e-06,2.212618684597131772e-06,1.000745600988634024e-06,-1.370070625882791161e-07,-8.076556917510090640e-07,-7.885932198463021957e-07,-1.211373311588522588e-07,9.284269891055992195e-07,2.012396081844606693e-06,2.866497331477315512e-06,3.404182137535842204e-06,3.691609900294122729e-06,3.825576586549825853e-06,3.795628067931818388e-06,3.424268394764340397e-06,2.436231439379710342e-06,6.311601513032154152e-07,-1.933986387901327645e-06,-4.865937742043135341e-06,-7.528383915837680842e-06,-9.287826000522213298e-06,-9.804963497495308629e-06,-9.226436355601853474e-06,-8.167424603048699660e-06,-7.471708429207714448e-06,-7.846047012036984632e-06,-9.533996224082589492e-06,-1.218364476544475009e-05,-1.497653791619534654e-05,-1.696282189419420056e-05,-1.745059468862145076e-05,-1.627379743546122220e-05,-1.382407438934544764e-05,-1.084647175052604944e-05,-8.108779987519130095e-06,-6.105424112224369109e-06,-4.926175140544565505e-06,-4.327260320354914541e-06,-3.938538319101988959e-06,-3.479696901533528258e-06,-2.870001474605915381e-06,-2.189015857323598299e-06,-1.536183424762117909e-06,-8.935829732753122536e-07,-8.782914705904042225e-08,1.119143564548708644e-06,2.864741090414191539e-06,5.051868073084087909e-06,7.340445704050970885e-06,9.287383400992651607e-06,1.056853682950364515e-05,1.115993973036471756e-05,1.136755733871241257e-05,1.167213752930695087e-05,1.245813431554274426e-05,1.376674006768600057e-05,1.521127637442592756e-05,1.611558748717030143e-05,1.582120846777430303e-05,1.401723443854728833e-05,1.092784118124531090e-05,7.258494225648045170e-06,3.920273125674377349e-06,1.661576199057886717e-06,7.809731130810574541e-07,1.051622682750148608e-06,1.880120241333993407e-06,2.607815295384666825e-06,2.800071655822445566e-06,2.388913742961609179e-06,1.622371319276709949e-06,8.789328621361044853e-07,4.696364572125848095e-07,5.400196293929933950e-07,1.108981212354393209e-06,2.188233899615800056e-06,3.871360288846963329e-06,6.299875497818293092e-06,9.496523650303694846e-06,1.315542725173812244e-05,1.653386011068874254e-05,1.856225376868680580e-05,1.818408162324394806e-05,1.480688806643206491e-05,8.660438254621203989e-06,8.697098294383001488e-07,-6.836798825506290857e-06,-1.269824467000724581e-05,-1.554933036731281782e-05,-1.524137020726281009e-05,-1.267330114886394036e-05,-9.416206781082749698e-06,-7.090947787084477955e-06,-6.761620283211192181e-06,-8.591034780793992541e-06,-1.187914772280090989e-05,-1.543339445265336406e-05,-1.808263823795529138e-05,-1.910474530510026470e-05,-1.840337121873516048e-05,-1.640229530387448282e-05,-1.375654684966989669e-05,-1.104657294503663147e-05,-8.599761424502386310e-06,-6.494127851042651204e-06,-4.694994422692918938e-06,-3.212128837366891918e-06,-2.170733757979555678e-06,-1.754517169023238578e-06,-2.062103247039462572e-06,-2.972066659491712963e-06,-4.108739867783214975e-06,-4.945167954081070483e-06,-5.003731152183772668e-06,-4.060516173215509356e-06,-2.254446410665153766e-06,-4.716635031034849048e-08,1.950260833709208298e-06,3.208445678528568417e-06,3.472037233536798476e-06,2.840122312153133571e-06,1.713344951449579123e-06,6.399997492780550320e-07,1.253381395266049709e-07,4.700237651550834428e-07,1.682166528390111704e-06,3.478091802960923207e-06,5.363285014406397961e-06,6.771250022063140424e-06,7.230517248597492329e-06,6.523109948073479625e-06,4.791015898099873045e-06,2.547524207755958693e-06,5.671177694557412256e-07,-3.357475874050039405e-07,4.184897582780200952e-07,2.940284051818287924e-06,6.775583658611943812e-06,1.100720403177410611e-05,1.453659782897318414e-05,1.645108549090451558e-05,1.633599930756285179e-05,1.440436671033859490e-05,1.138828391087557812e-05,8.236767170048335705e-06,5.748915636257086883e-06,4.298400105777681344e-06,3.761262806300093886e-06,3.663679847865874370e-06,3.465048012983911735e-06,2.833261286878730621e-06,1.781167498882393645e-06,6.087207178839957388e-07,-3.044810640617681629e-07,-7.374529602007744097e-07,-7.668713887600148072e-07,-7.331058678269658045e-07,-1.052953601058919878e-06,-1.980798318540759587e-06,-3.447968819461477031e-06,-5.069941178552032150e-06,-6.323748295696139612e-06,-6.808737671866009545e-06,-6.458626137959262835e-06,-5.594823657709401044e-06,-4.789017342170948856e-06,-4.597502696998303781e-06,-5.293324417386710936e-06,-6.723720571797229817e-06,-8.359967504068215236e-06,-9.515423520438516758e-06,-9.630584844716788328e-06,-8.497812248894871402e-06,-6.333069123108124913e-06,-3.677242201065430127e-06,-1.186443136350661233e-06,5.880035313592636463e-07,1.340118614153565022e-06,1.032935751183639789e-06,-1.695139432651001335e-07,-1.997575839255144818e-06,-4.137362538593080432e-06,-6.236062352507479580e-06,-7.878611383520300727e-06,-8.591982229136082492e-06,-7.922793031236348031e-06,-5.588373542643934448e-06,-1.646094442639966173e-06,3.406683945298859931e-06,8.677084235020512588e-06,1.308402616283963098e-05,1.567117593600003805e-05,1.591081874462184204e-05,1.387516484983212391e-05,1.019966233130937263e-05,5.848300524732630321e-06,1.775133042393100326e-06,-1.379942867007353177e-06,-3.440713424565854362e-06,-4.640275130388007642e-06,-5.405289610590837613e-06,-6.090869861066699858e-06,-6.793370937732965529e-06,-7.323563736956279254e-06,-7.340687197731882113e-06,-6.569038460147439092e-06,-4.981160261945462838e-06,-2.852640303331320954e-06,-6.613312784488889058e-07,1.116281052950667738e-06,2.207121064066583753e-06,2.639832412581039994e-06,2.691876699820660872e-06,2.716718650222607316e-06,2.944603843522891869e-06,3.363665727154433543e-06,3.744921703099135449e-06,3.796938248165225484e-06,3.363958611184303568e-06,2.553616736369418316e-06,1.713566490039839120e-06,1.255612692176390352e-06,1.411471896793448235e-06,2.050966470182768171e-06,2.673895846452236715e-06,2.606485055130665470e-06,1.329360521857159833e-06,-1.211989430688100118e-06,-4.470843986496610054e-06,-7.424162730823617686e-06,-8.929038859583662464e-06,-8.170679009081448945e-06,-5.011569486281214162e-06,-8.726911624865246021e-08,5.398304934915699317e-06,1.009506783558472508e-05,1.297067889826391309e-05,1.362761990048927456e-05,1.235635342350573553e-05,9.927645213497787751e-06,7.238360547188605595e-06,4.976080371686998502e-06,3.438711363098337170e-06,2.555857377752515749e-06,2.057529164678886438e-06,1.674117608200973512e-06,1.257289699333662395e-06,7.755138904123648778e-07,2.205636253659615694e-07,-4.853783760032740548e-07,-1.498249392057013924e-06,-2.952796328256951407e-06,-4.810269742471290889e-06,-6.756544281139280627e-06,-8.240863478022567525e-06,-8.673000054488043652e-06,-7.702535710729684678e-06,-5.441260304868116337e-06,-2.498022191115273327e-06,2.221527386814185706e-07,1.884004674313072162e-06,2.088135906906917311e-06,1.055504686139867533e-06,-4.751930677887308393e-07,-1.605716143210237117e-06,-1.729079652500160439e-06,-8.522140388574215575e-07,3.799622113874508653e-07,9.898417139790136455e-07,1.688038683302160111e-07,-2.264689939554851608e-06,-5.684128937812452582e-06,-8.862181883052621146e-06,-1.049338494778617946e-05,-9.801677264007748876e-06,-6.948167192375834684e-06,-3.034542430353862295e-06,3.220171307748116749e-07,1.668392140363482438e-06,3.526055008273019108e-07,-3.167111914232305506e-06,-7.484488115090043267e-06,-1.081312440647231625e-05,-1.171512175772925546e-05,-9.676687746245787202e-06,-5.289099672761538922e-06,2.871420512075840760e-08,4.628676583541704369e-06,7.282719448880006236e-06,7.604334057674749370e-06,6.080146097668210167e-06,3.731126201380166826e-06,1.585954236828336969e-06,2.203730425202150561e-07,-4.312780130617469282e-07,-9.247252421259818520e-07,-1.908678877669840820e-06,-3.686291684597765634e-06,-5.951045260626271312e-06,-7.825874722066664352e-06,-8.192735070449422006e-06,-6.169406009835251408e-06,-1.527731076701019788e-06,5.124144149749031817e-06,1.247143796894473758e-05,1.888311406026527660e-05,2.291337847050177036e-05,2.373212156132007759e-05,2.134171453464016012e-05,1.652580708276784075e-05,1.057294671872332154e-05,4.886527906234754271e-06,6.123920544483069370e-07,-1.611850595846586573e-06,-1.737012718745112676e-06,-2.215848076757674612e-07,2.158938238144704775e-06,4.545338235207394554e-06,6.208988749398155383e-06,6.703993863273438299e-06,5.935359024310652269e-06,4.140257153457095282e-06,1.794534112085608141e-06,-5.311914112763954967e-07,-2.331973100135306855e-06,-3.306793109481136030e-06,-3.438760097847260796e-06,-2.993908563948895093e-06,-2.436047907802689380e-06,-2.278971675449014673e-06,-2.916910756181339194e-06,-4.482722293522180309e-06,-6.777602888190466808e-06,-9.297312295254370066e-06,-1.135318648475132128e-05,-1.225894119197373010e-05,-1.153373699001376845e-05,-9.063808577041999735e-06,-5.172048263025806599e-06,-5.668764692889175457e-07,3.825536084417877006e-06,7.105831861793435313e-06,8.654492324405658056e-06,8.314478697842135285e-06,6.439039895855798126e-06,3.779038738146766952e-06,1.237322269557156875e-06,-4.325968619280916092e-07,-8.797747225275172160e-07,-2.675614775255660562e-07,8.020764234179242968e-07,1.528136320915631885e-06,1.225779714386393432e-06,-4.039774340945833560e-07,-3.156083857946898069e-06,-6.401240954186551302e-06,-9.329485476895295652e-06,-1.125568701456088169e-05,-1.186024846079803759e-05,-1.126825831226336853e-05,-9.942592130664241052e-06,-8.448824116200096421e-06,-7.204754108162913239e-06,-6.329479793223354958e-06,-5.655359198427069460e-06,-4.885541098127491870e-06,-3.808817855748764351e-06,-2.456850949477450855e-06,-1.119534804513418727e-06,-2.074545852909434334e-07,-2.985476180829047244e-08,-6.024260589196920912e-07,-1.587892414447955368e-06,-2.408540048681640349e-06,-2.484686114408798782e-06,-1.489103579128499159e-06,5.029232676982969251e-07,3.039070737674530758e-06,5.477588283876708569e-06,7.246039793623303160e-06,8.048570741901486962e-06,7.929379758087375999e-06,7.176339738818306837e-06,6.131166415015655380e-06,5.017858991748131535e-06,3.885181853199449800e-06,2.689874436004878787e-06,1.462024668162294746e-06,4.395337045615138723e-07,6.693583553999878519e-08,8.244414046172795486e-07,2.951387970536184146e-06,6.202389097118382014e-06,9.781633249788154299e-06,1.253056589191909933e-05,1.332587413356001906e-05,1.153457472018593501e-05,7.327156177624057959e-06,1.695638526525684643e-06,-3.855155849456949912e-06,-7.831710542963137695e-06,-9.281480726258635323e-06,-8.111626834943594822e-06,-5.069998690425263760e-06,-1.406968590971771491e-06,1.628734331415651019e-06,3.244187201787594792e-06,3.325553854472422966e-06,2.362602451157685920e-06,1.141814453725520603e-06,3.694290808288054248e-07,3.978758585004828865e-07,1.159972137111649689e-06,2.304587615623540759e-06,3.432221470162021412e-06,4.294457746069129705e-06,4.859369104843997348e-06,5.229922021183949981e-06,5.486298145479393371e-06,5.561367530165287868e-06,5.233327805040764628e-06,4.247339695681249620e-06,2.499855737101366379e-06,1.781862010523009686e-07,-2.234182048218313666e-06,-4.108608747041710870e-06,-4.919553152832433251e-06,-4.478141953042942440e-06,-3.041516527788985291e-06,-1.244047743967267942e-06,1.231917365360367844e-07,3.928509129951483049e-07,-7.508395166409045777e-07,-3.178908335203990121e-06,-6.379061507310369668e-06,-9.629627475753687292e-06,-1.221031939720080246e-05,-1.357861073729477020e-05,-1.347242799494525454e-05,-1.193658451144446489e-05,-9.291936689296589780e-06,-6.066538297984886469e-06,-2.896563555062375900e-06,-3.981542201500790019e-07,9.791916071011666785e-07,1.084701898435526416e-06,1.322429610465959103e-07,-1.347006955390595170e-06,-2.675948904191986818e-06,-3.281121487763720834e-06,-2.925152336923938736e-06,-1.815181469467147790e-06,-5.213883182449984289e-07,2.784350942472849575e-07,1.261182083648206422e-07,-9.665068191111458026e-07,-2.470762101680583537e-06,-3.537701428292982045e-06,-3.363836217685987704e-06,-1.565010233307712678e-06,1.616773010237803498e-06,5.378832367947886891e-06,8.676679217209493875e-06,1.065732593468091863e-05,1.101095068654406976e-05,1.008016204087210429e-05,8.678567917546813756e-06,7.706324931916063733e-06,7.743992933931050549e-06,8.811999013145170641e-06,1.039921056160079029e-05,1.173274176267086365e-05,1.214743955431097127e-05,1.137296137884047064e-05,9.606857783667908498e-06,7.355489011476615462e-06,5.141835732971025938e-06,3.240856220211443323e-06,1.579531561050812773e-06,-1.548931645925503110e-07,-2.267977498224109711e-06,-4.814849427400292403e-06,-7.498557921596547321e-06,-9.770006716102340916e-06,-1.108045868389956698e-05,-1.115535810044838706e-05,-1.014564248616626247e-05,-8.575585434141211400e-06,-7.110808616825059729e-06,-6.261519354588375986e-06,-6.167204935772010197e-06,-6.565085066593598865e-06,-6.949953255149419895e-06,-6.837603541208704269e-06,-5.996766268224090982e-06,-4.537819088806409021e-06,-2.825613550492262007e-06,-1.275337731902911987e-06,-1.464278478734830534e-07,5.573210841045376085e-07,1.036427462058220838e-06,1.531601854380375635e-06,2.143966066192558617e-06,2.740842190071096585e-06,2.998322340320667075e-06,2.556961931224014285e-06,1.208281026594492542e-06,-9.824475529835117926e-07,-3.673763566617754318e-06,-6.358210891810728452e-06,-8.523077896932783223e-06,-9.783840166494311110e-06,-9.940348510112404168e-06,-8.957251314389558906e-06,-6.912614632382398349e-06,-3.966848251867291100e-06,-3.747040468741292661e-07,3.482939928093667585e-06,7.101487934599010863e-06,9.934942214526118825e-06,1.155687069906266176e-05,1.183885654684184570e-05,1.104998869174373541e-05,9.797896694553435981e-06,8.800773778674589789e-06,8.569647207498647354e-06,9.143231540788260332e-06,1.001503678523627620e-05,1.031619498210354831e-05,9.198530222747568243e-06,6.257323331939915440e-06,1.796809469839012220e-06,-3.201894227300797196e-06,-7.421631411929306880e-06,-9.726522442826237286e-06,-9.633997473927254638e-06,-7.529748668060007231e-06,-4.522308027985355430e-06,-1.992904469332513818e-06,-1.032514045032255737e-06,-2.008226619507345413e-06,-4.441988380568099684e-06,-7.244416910883350520e-06,-9.190251539647052267e-06,-9.421650294299223962e-06,-7.764680219558308099e-06,-4.739046760442341007e-06,-1.283358834406140259e-06,1.659605913454966721e-06,3.505515761130922112e-06,4.189941398439704900e-06,4.086064278029193787e-06,3.750772166409859534e-06,3.639780041163098088e-06,3.926984594799808814e-06,4.494319102350301855e-06,5.066287044463316119e-06,5.396002585800507166e-06,5.397839459304105477e-06,5.165425894618344044e-06,4.884044583966743055e-06,4.703537527907263149e-06,4.652114680360380962e-06,4.638919099645837739e-06,4.535599585377813871e-06,4.278844793731597366e-06,3.924328322012333531e-06,3.613495933526845356e-06,3.469451075010595181e-06,3.484736231725277567e-06,3.474525960326869677e-06,3.136079423362025197e-06,2.196067599809571561e-06,5.738994611634763802e-07,-1.528205915556280632e-06,-3.667098571298111140e-06,-5.326413360446189554e-06,-6.137590587036353127e-06,-6.048563110568315278e-06,-5.353596546924007747e-06,-4.561754077065266702e-06,-4.159718063557114900e-06,-4.378493942430337557e-06,-5.075397472313193688e-06,-5.790526071407173925e-06,-5.955192427887521036e-06,-5.157872547474543257e-06,-3.345824685473114786e-06,-8.707206944317740725e-07,1.640539899113051160e-06,3.528572263954999844e-06,4.347445999857878119e-06,4.007723291742672212e-06,2.763976007919413209e-06,1.068926965593400716e-06,-6.248408243583002307e-07,-2.019588523597091401e-06,-3.020830638217169417e-06,-3.678392831179620269e-06,-4.075344108603592385e-06,-4.241420456232586186e-06,-4.144144604297210595e-06,-3.757293951835143340e-06,-3.153850537568690328e-06,-2.549849300105132281e-06,-2.250071257656587844e-06,-2.504504128791511267e-06,-3.344372547326593197e-06,-4.493471889081893089e-06,-5.425365844736549305e-06,-5.567828782625850500e-06,-4.575711541624884495e-06,-2.544266882627803321e-06,-4.645463523799622141e-08,2.049592498748935448e-06,2.923901450776326491e-06,2.165634456367842813e-06,-1.348652139574304227e-08,-2.822902325159281550e-06,-5.192084800012353701e-06,-6.205155460589789154e-06,-5.484225014871744544e-06,-3.350619366295039256e-06,-6.884518258214423911e-07,1.433066463377911890e-06,2.214333948406880354e-06,1.459274446901303405e-06,-3.530926804329227493e-07,-2.281680034102008070e-06,-3.317129902884325498e-06,-2.778313566040967615e-06,-5.438125341676292273e-07,2.962898638478042920e-06,6.998060873867054068e-06,1.080455293000004997e-05,1.385196933739116886e-05,1.591433761428007960e-05,1.698654757939991033e-05,1.712698179681935542e-05,1.634431768746840821e-05,1.460659820392543981e-05,1.196473939250859727e-05,8.700518083746764170e-06,5.379245581108787149e-06,2.730258385366592957e-06,1.374326153821240602e-06,1.515281891876339418e-06,2.757911655674841656e-06,4.174767731934369007e-06,4.633567443065454201e-06,3.265918638661735590e-06,-1.264790952091590941e-07,-4.923018757217608996e-06,-9.882208193646753260e-06,-1.361964793339450489e-05,-1.516521074882594236e-05,-1.435321927761686658e-05,-1.186797050694588177e-05,-8.920725977018224430e-06,-6.702571093725092454e-06,-5.861068761859188887e-06,-6.237726041391103412e-06,-6.982252027580954261e-06,-6.985078898047504728e-06,-5.423730246313088022e-06,-2.169547860213825541e-06,2.129195779787429696e-06,6.318294310568509069e-06,9.229529607142152283e-06,1.016347343695677026e-05,9.146512269805812031e-06,6.858989392559347897e-06,4.287763908269451977e-06,2.280142472831325888e-06,1.210070666972193251e-06,9.000554169658645978e-07,8.110836572645644531e-07,3.843040723567384817e-07,-6.456896002006517142e-07,-2.118245946702952554e-06,-3.546395464525710260e-06,-4.381213922577296974e-06,-4.295185906922706329e-06,-3.339044065258326622e-06,-1.900174708370419769e-06,-4.965218921343003919e-07,4.776104900697687578e-07,9.194589329759232438e-07,1.017717433869700226e-06,1.095785297217542288e-06,1.392816759051484089e-06,1.907051926620022842e-06,2.388475314015721043e-06,2.484320619118975117e-06,1.956377277638009854e-06,8.483301348932818295e-07,-4.941438498301420407e-07,-1.570972113988937257e-06,-1.974341528417276561e-06,-1.610747600995557392e-06,-7.824881187238572207e-07,-7.964331411580836423e-08,-1.262746023739050356e-07,-1.296576082394931503e-06,-3.532357433552755397e-06,-6.345312954090604813e-06,-9.000408124154799164e-06,-1.079357420119341849e-05,-1.129786260291956643e-05,-1.047452695921668152e-05,-8.615695548354736439e-06,-6.166840355265796332e-06,-3.529496360179838407e-06,-9.432747583028132761e-07,1.505326526265229195e-06,3.772794027681115015e-06,5.728465381352630797e-06,7.095675371973338488e-06,7.515005200099978114e-06,6.710962432053278249e-06,4.681032687354668195e-06,1.803351589695175615e-06,-1.210916192309686466e-06,-3.525116350594378846e-06,-4.472890440279121953e-06,-3.823300022839369593e-06,-1.900847566937499920e-06,4.989558900182951532e-07,2.375882657711765670e-06,2.876920553241742624e-06,1.603016119399106328e-06,-1.242580042788841989e-06,-4.916580736957754626e-06,-8.382185966398208925e-06,-1.064834314279904025e-05,-1.108192196004987052e-05,-9.589137435827989710e-06,-6.613765048001232803e-06,-2.965006282710244020e-06,4.563394022507535922e-07,2.936311399565756287e-06,4.139657331846364484e-06,4.159486919681431474e-06,3.420610800190541033e-06,2.482419436899722561e-06,1.819241787318484336e-06,1.660062889825630702e-06,1.944095251784475729e-06,2.402686710655182692e-06,2.727827209985879728e-06,2.752144606614355649e-06,2.559532892393188147e-06,2.473532557002502088e-06,2.922690916505242092e-06,4.237549900006253477e-06,6.468451822718023822e-06,9.309979697992387351e-06,1.217523871699119813e-05,1.439795135898686537e-05,1.548094880758284591e-05,1.528403454363787950e-05,1.406645989707443516e-05,1.236181520997672170e-05,1.073883613150011481e-05,9.555439518769604412e-06,8.818783249406204674e-06,8.216673585084631969e-06,7.305832971779302351e-06,5.767442611472002892e-06,3.606204014018895016e-06,1.193635633982125677e-06,-8.706886255353369045e-07,-2.018737300958853191e-06,-1.973225793487377550e-06,-8.824580607577453306e-07,7.360212412794653895e-07,2.219257795304595989e-06,3.045876107947142680e-06,3.050494827917939168e-06,2.463671284899973602e-06,1.759070254075652440e-06,1.382992450998101980e-06,1.499462622159766868e-06,1.878176337499588186e-06,1.984851192916738066e-06,1.235978947582868860e-06,-7.006672560320407539e-07,-3.703269355211523698e-06,-7.191190150568989217e-06,-1.032727309974202218e-05,-1.234024976783690988e-05,-1.282458753046632666e-05,-1.188569898901458507e-05,-1.006981992867938141e-05,-8.116065463856388289e-06,-6.647142410067836920e-06,-5.938671470918305315e-06,-5.865442145135700273e-06,-6.037180344783654808e-06,-6.047645252938863768e-06,-5.710586666344644710e-06,-5.166791411517941690e-06,-4.811609157199214410e-06,-5.080194003271998829e-06,-6.196590358529699740e-06,-8.010797670522487024e-06,-1.000737526298171409e-05,-1.148951218934879792e-05,-1.186091435033960683e-05,-1.088171874448211988e-05,-8.784545816636199345e-06,-6.197684198331020087e-06,-3.906428280540122922e-06,-2.553171505466961897e-06,-2.401648364123588152e-06,-3.260850905685758808e-06,-4.594000848388661156e-06,-5.759109468899898484e-06,-6.274489797259425826e-06,-5.997156664953424809e-06,-5.144864320280842907e-06,-4.163073145073930195e-06,-3.504604501796093654e-06,-3.423395611937241933e-06,-3.871437021979169495e-06,-4.537287740480291134e-06,-4.999770352177629581e-06,-4.921017160610711149e-06,-4.190269874016356332e-06,-2.957591064447188978e-06,-1.550261826586297167e-06,-3.183152550577119021e-07,5.152756997067453466e-07,9.319214563895499599e-07,1.093267890533647238e-06,1.236577848269094587e-06,1.547317118633556546e-06,2.073041039013634474e-06,2.717355046006621896e-06,3.309835170786787675e-06,3.709678369214723721e-06,3.886570800858181744e-06,3.938038775634229446e-06,4.038876933179129321e-06,4.355127821079185767e-06,4.972656977504178521e-06,5.879440386559498880e-06,7.007645035297986650e-06,8.305044217851981198e-06,9.786128480388033596e-06,1.152318213189654089e-05,1.357243579787261504e-05,1.587176380419170961e-05,1.817103782791789092e-05,2.004857560105837550e-05,2.102811453165421668e-05,2.075845895560140847e-05,1.917898845352997584e-05,1.659019750035489223e-05,1.358445106704587591e-05,1.085320862358748528e-05,8.944683736969785354e-06,8.072170876113517874e-06,8.054308879544452271e-06,8.412096869556769021e-06,8.579382995927214579e-06,8.135366768320137596e-06,6.961373317969883688e-06,5.261654864995968991e-06,3.450472002952477236e-06,1.965334193472680701e-06,1.092819178424496117e-06,8.787699313310702800e-07,1.149004030840074505e-06,1.614194588262624257e-06,1.998850913337057450e-06,2.133493556706007372e-06,1.977702076723541097e-06,1.581742893751422925e-06,1.023889238171434155e-06,3.650219295481808555e-07,-3.578545356538744203e-07,-1.107918818686071790e-06,-1.825195686445169951e-06,-2.434225114538767341e-06,-2.891858006625614010e-06,-3.254036931055414508e-06,-3.719802963832675525e-06,-4.613252827198400982e-06,-6.290634393970147594e-06,-8.997731614978993019e-06,-1.273274711840486831e-05,-1.717588283165770354e-05,-2.172429734455189130e-05,-2.562969192305329197e-05,-2.819424594429612610e-05,-2.895759908058628698e-05,-2.781252860687091579e-05,-2.501618568950912054e-05,-2.110300224024542175e-05,-1.673745986390664123e-05,-1.255795220271564111e-05,-9.055228597278864854e-06,-6.508001068388918829e-06,-4.975922513067458453e-06,-4.335573113405252564e-06,-4.341079314767726058e-06,-4.693999192072646527e-06,-5.111116527524927909e-06,-5.379934532662352080e-06,-5.390744584129997383e-06,-5.135471161238820195e-06,-4.671026056778570992e-06,-4.058368537839794710e-06,-3.302166596042826696e-06,-2.321398529331359268e-06,-9.722947969837628717e-07,8.774201511863850437e-07,3.250964912043283032e-06,5.987534803125503172e-06,8.733643479465249336e-06,1.101987287734325832e-05,1.240423552494995621e-05,1.262931495681576386e-05,1.172736318920153193e-05,1.002406675676106968e-05,8.032443921247679140e-06,6.275804340304445858e-06,5.110996567793994921e-06,4.624463989697018400e-06,4.642166857405380384e-06,4.843954867953614667e-06,4.926665684691500139e-06,4.739809186179074618e-06,4.332969885960161590e-06,3.897914526011295980e-06,3.639927270022654432e-06,3.647261745890237809e-06,3.827946929598530950e-06,3.948963720847536416e-06,3.760354559314872262e-06,3.141765841329780210e-06,2.193916483368172236e-06,1.221116689174869236e-06,6.031306664165819824e-07,6.109022610954233375e-07,1.253441972365524931e-06,2.235169474228309069e-06,3.055799441934182490e-06,3.218969250688535782e-06,2.461661709377662756e-06,9.003473308905886930e-07,-9.788360938004524986e-07,-2.492022544912927095e-06,-3.025435744565845046e-06,-2.287598060084373455e-06,-4.378187693137382709e-07,1.965526936214464032e-06,4.176111160887626535e-06,5.541024775507384335e-06,5.734768410454811902e-06,4.852108822926759623e-06,3.330687933673499079e-06,1.749286366415877099e-06,5.983149333109817041e-07,1.229233695012815463e-07,2.964084571544764225e-07,9.150466903902337848e-07,1.748607398023432766e-06,2.661205289476419665e-06,3.642714451051173375e-06,4.746176670725677528e-06,5.980907423838908334e-06,7.234844894002034755e-06,8.280412812967889990e-06,8.866829035409350631e-06,8.847475146589772781e-06,8.265136243848867769e-06,7.337066543035076370e-06,6.337472426601551387e-06,5.437211066607982802e-06,4.593447852423788667e-06,3.563735005054223767e-06,2.054785018833680610e-06,-6.203121594874800580e-08,-2.585817634914113824e-06,-4.978636449569996046e-06,-6.550245336784840939e-06,-6.769294593873704221e-06,-5.556964891798164359e-06,-3.407796973673509076e-06,-1.251506738422904162e-06,-9.108387688796996726e-08,-5.686228036464820903e-07,-2.661004768734652801e-06,-5.661311772919745053e-06,-8.474357836111926577e-06,-1.010405324892334573e-05,-1.011022351436688613e-05,-8.815932739734381820e-06,-7.157414255573669166e-06,-6.237853093924408579e-06,-6.792447318366301394e-06,-8.822012279376887896e-06,-1.157732089280637375e-05,-1.390891704506778702e-05,-1.481713415417860790e-05,-1.393355557919163930e-05,-1.169226312199865037e-05,-9.097777029226670204e-06,-7.196555777363735260e-06,-6.512254200450871594e-06,-6.733517422618525354e-06,-6.828223595395988166e-06,-5.551659277345949552e-06,-2.117008030762592580e-06,3.296805639908333729e-06,9.462914682253131734e-06,1.452060837522433153e-05,1.672263457658560454e-05,1.518854289243863822e-05,1.032239275983495864e-05,3.697849496425555242e-06,-2.548347889220766635e-06,-6.552888827338618993e-06,-7.429887703328916208e-06,-5.544795397191699622e-06,-2.259002064936131669e-06,7.165258044129800690e-07,2.054129493664762996e-06,1.304146764155942103e-06,-1.044117743804982817e-06,-3.918918893330647467e-06,-6.233024611090677308e-06,-7.373356258090667183e-06,-7.387757681456096675e-06,-6.810646216129294922e-06,-6.254465450281193584e-06,-6.004470596317202322e-06,-5.838517251331369546e-06,-5.164169836559889512e-06,-3.392134036239534039e-06,-3.376617422365867182e-07,3.575046757814398637e-06,7.428770930260816830e-06,1.020561445720525513e-05,1.126475989123737294e-05,1.066313642207779469e-05,9.147943766211848716e-06,7.809960313994195716e-06,7.556138302595940814e-06,8.654783538206217711e-06,1.057855939169454033e-05,1.223161263858559223e-05,1.246357068592223576e-05,1.063338067102861573e-05,6.957582689929934056e-06,2.474918642244881334e-06,-1.363600097527183766e-06,-3.296582707651295884e-06,-2.775309040109841220e-06,-1.748374073412506352e-07,3.395248566587713286e-06,6.585967191595293293e-06,8.379799964048359741e-06,8.480500372080041678e-06,7.357001785528662112e-06,5.941188487279052704e-06,5.138021553594596293e-06,5.385770493167962153e-06,6.469619725838341695e-06,7.663708469749530255e-06,8.118080076579852050e-06,7.293748842945470116e-06,5.233180782485928499e-06,2.539463156263389729e-06,8.148814619517184450e-08,-1.425590249658017173e-06,-1.758235393486622245e-06,-1.277689661946660052e-06,-7.364701905216107545e-07,-8.958037250729763625e-07,-2.142470387902785153e-06,-4.292706025830302925e-06,-6.679468957256783230e-06,-8.481718950080398633e-06,-9.136284508013524798e-06,-8.630721465999020782e-06,-7.529595915467989498e-06,-6.711851593388631541e-06,-6.934928684149540866e-06,-8.427574067997937427e-06,-1.070711528317686218e-05,-1.272012985326030441e-05,-1.326118791796912119e-05,-1.149751822499659998e-05,-7.374980512299653303e-06,-1.726143892237319210e-06,3.975409498535306637e-06,8.123150744914901087e-06,9.548831649662597334e-06,7.934281552090565178e-06,3.909637204233277615e-06,-1.187790337591859271e-06,-5.787447495662361002e-06,-8.603896223740864428e-06,-9.009914830610352170e-06,-7.147913196719976953e-06,-3.774380088879033430e-06,6.807646336698976193e-08,3.407387794760285509e-06,5.598680379688755042e-06,6.415744709188169763e-06,5.989614480862270451e-06,4.662287552511136078e-06,2.837162601105864177e-06,8.814664059220804369e-07,-9.091855253598104078e-07,-2.311001793188074375e-06,-3.174398101599780050e-06,-3.448488188090941721e-06,-3.216919107954744224e-06,-2.711700096003629265e-06,-2.272753611691385179e-06,-2.246688348517855297e-06,-2.854772075148090366e-06,-4.086087331266809061e-06,-5.670787833823662672e-06,-7.157625735269718746e-06,-8.072884594277688792e-06,-8.097469178983882743e-06,-7.186026293204006065e-06,-5.574572986459166403e-06,-3.671861102837600050e-06,-1.882220673061351531e-06,-4.392168700318504105e-07,6.749289586126332034e-07,1.687804909400775842e-06,2.892016441865064411e-06,4.462785053822910040e-06,6.321221276652909331e-06,8.107799592015055068e-06,9.284327765875392472e-06,9.329250270143439104e-06,7.952618628611405444e-06,5.248128451885477831e-06,1.722112834831100856e-06,-1.816940335257210462e-06,-4.476786063367986701e-06,-5.540298513847404085e-06,-4.684144029623800926e-06,-2.088381238967333339e-06,1.599745243948766068e-06,5.441504860579647266e-06,8.473151098114016451e-06,9.984279315416390269e-06,9.720950281826396826e-06,7.945265276994850160e-06,5.326653667024112411e-06,2.697104973261197132e-06,7.540068423980760963e-07,-1.806395795456280418e-07,-2.510168150699825711e-07,3.070548474046851774e-08,3.488688240284200950e-08,-6.855707509511447692e-07,-2.174751887648412593e-06,-4.032490628262062916e-06,-5.575838908235724341e-06,-6.135362415430517500e-06,-5.353784929740040146e-06,-3.349089828682525377e-06,-6.641049054052514020e-07,1.975594242610727967e-06,3.980713958685279174e-06,5.139669222256818326e-06,5.663534830135414730e-06,6.012323412746190104e-06,6.591923787400911217e-06,7.481205160583688418e-06,8.339530891337514553e-06,8.556894109752784323e-06,7.583350018026794040e-06,5.274270388556316202e-06,2.066507058872155113e-06,-1.126391873867993394e-06,-3.276080385283390289e-06,-3.701899301288651869e-06,-2.415221237035066778e-06,-1.702936909880750667e-07,1.821455979513458804e-06,2.397341246420346260e-06,9.445480573369059422e-07,-2.331754824695535050e-06,-6.495413055362980853e-06,-1.027813091672766295e-05,-1.260243066714983610e-05,-1.298776006487553429e-05,-1.166216495459541974e-05,-9.349440321162896136e-06,-6.859144386699438274e-06,-4.695933841074441120e-06,-2.882338604937675404e-06,-1.069256265924494465e-06,1.145557886992846920e-06,3.878921593043541004e-06,6.798431287916067495e-06,9.231472081889691527e-06,1.049589648481335589e-05,1.027822196237273934e-05,8.853127804567074635e-06,7.014453506694484895e-06,5.734097040841208891e-06,5.706273902085282972e-06,6.998081613563115202e-06,8.980417031681974256e-06,1.057940559263161028e-05,1.073481437234198971e-05,8.854795125018342827e-06,5.062490912586601111e-06,1.337192531301919806e-07,-4.827981169608430506e-06,-8.815814232362062015e-06,-1.124932407015507001e-05,-1.207895416625202519e-05,-1.165649757836118545e-05,-1.047542612236856204e-05,-8.933478209105961428e-06,-7.234169727422056296e-06,-5.449975856972122771e-06,-3.673021517725009640e-06,-2.132839973319656881e-06,-1.188336952813259963e-06,-1.183901615224220674e-06,-2.248668564183056165e-06,-4.161615481371492382e-06,-6.377679917791231940e-06,-8.225407971417330021e-06,-9.190782770488196887e-06,-9.147656821661115633e-06,-8.413664599672835144e-06,-7.594045162117797484e-06,-7.282127476184465409e-06,-7.759497511809771084e-06,-8.842447143642756391e-06,-9.951751420365059886e-06,-1.037486544753235692e-05,-9.597052832921739541e-06,-7.546067890787733695e-06,-4.638125344309428057e-06,-1.608080876200542447e-06,7.934877691932593552e-07,2.096939702146258462e-06,2.275538473850494956e-06,1.713493667050028082e-06,1.011776079944812884e-06,7.318999635673761331e-07,1.194001405380854639e-06,2.406903174750395870e-06,4.138245394007187666e-06,6.068250369432472842e-06,7.941032981442789826e-06,9.642361025462324736e-06,1.117974258139283616e-05,1.259319700818155572e-05,1.385709953367062199e-05,1.483198470907618887e-05,1.529454428479154972e-05,1.503186562760323310e-05,1.395318361764118261e-05,1.216339909786216846e-05,9.959607016701739208e-06,7.745744666069377337e-06,5.896035252044106212e-06,4.620706968487106990e-06,3.888986961533114046e-06,3.444215658872644086e-06,2.911230189648068191e-06,1.959092273967024735e-06,4.564633620371033969e-07,-1.446458944934190921e-06,-3.352211227244327106e-06,-4.764761341406880692e-06,-5.300487491692345199e-06,-4.874253629710986217e-06,-3.772292079017249015e-06,-2.563048184615796918e-06,-1.865716352752591535e-06,-2.066133117219097953e-06,-3.107408308809368099e-06,-4.464605251810733441e-06,-5.339176454109366337e-06,-5.007744254075411502e-06,-3.177183710031319715e-06,-1.770817463972207614e-07,3.120352144297325777e-06,5.643498730174059867e-06,6.590534255042361922e-06,5.813382034899273651e-06,3.926409576575605702e-06,2.065033612757087031e-06,1.380466229264951858e-06,2.489122337943583319e-06,5.132348719048678336e-06,8.219621494323305996e-06,1.025849559838296947e-05,9.994065550672101507e-06,6.975373334915904556e-06,1.789509205947383286e-06,-4.150397316979851213e-06,-9.174976595472961329e-06,-1.203353810208920147e-05,-1.237315606038942237e-05,-1.081261773270659656e-05,-8.590606453971053790e-06,-6.963670872653190442e-06,-6.640211431163103006e-06,-7.510441331885067501e-06,-8.783888380997719760e-06,-9.448853318625962994e-06,-8.817882502148607002e-06,-6.890725918678747980e-06,-4.363790719703286740e-06,-2.291782143329525400e-06,-1.575152542077879362e-06,-2.525243217448403515e-06,-4.712966247751475435e-06,-7.163562430341969003e-06,-8.792672250351874885e-06,-8.869597652784078196e-06,-7.292343553143794385e-06,-4.560988149130296679e-06,-1.486267859393244624e-06,1.206602606616472851e-06,3.181056409838220497e-06,4.562044293917259769e-06,5.764599376458980157e-06,7.185428706943252084e-06,8.925122141211948033e-06,1.068226820022954427e-05,1.186672527997850192e-05,1.186834087580115138e-05,1.034506752350322936e-05,7.393167492045403535e-06,3.527137649786137802e-06,-5.088232460230292858e-07,-4.000698593838057742e-06,-6.477024202950827844e-06,-7.791762374398489800e-06,-8.066964666141636991e-06,-7.551357591934228457e-06,-6.480878797078521779e-06,-5.009619153194919843e-06,-3.229282906067973311e-06,-1.242141776331171527e-06,7.750180094520384997e-07,2.567879008089059682e-06,3.874496412863731388e-06,4.534414692373902879e-06,4.576975422386060217e-06,4.235492429908784932e-06,3.869544823309308942e-06,3.823363090322433512e-06,4.281046468933690104e-06,5.183262668043094168e-06,6.243732911675520307e-06,7.060059833951671004e-06,7.272598788794753112e-06,6.705120280204123353e-06,5.429874998310147500e-06,3.732454212427774694e-06,1.993826281993280190e-06,5.403968487272961012e-07,-4.754811019154185661e-07,-1.116406942570905289e-06,-1.607799393414657256e-06,-2.217433894472754143e-06,-3.120002430122465201e-06,-4.306394525019377057e-06,-5.578398602338216485e-06,-6.632404010380858365e-06,-7.195604762480902421e-06,-7.152560707327915050e-06,-6.601188132157231489e-06,-5.806853470723362989e-06,-5.069987938713265087e-06,-4.566196641091915353e-06,-4.237189897765895605e-06,-3.794188518111930415e-06,-2.846875034274609429e-06,-1.110469335634055870e-06,1.400908540637712749e-06,4.291504751900988406e-06,6.867826546748935593e-06,8.373164568313692666e-06,8.284988198941782949e-06,6.549974242350823599e-06,3.648657438676834680e-06,4.495771828825232850e-07,-2.096970381163524814e-06,-3.303354273765086783e-06,-2.984935784514589243e-06,-1.496968260780044372e-06,4.434967673725558937e-07,2.069141954218348317e-06,2.869854175784314541e-06,2.765314698342972295e-06,2.077363787702422229e-06,1.329704852918275380e-06,9.790526668246478830e-07,1.206758696569002769e-06,1.863345016509794236e-06,2.579944671066666584e-06,2.979547584456079642e-06,2.876369862991096995e-06,2.363746726576643310e-06,1.751506893705744037e-06,1.391135891488384770e-06,1.482278199413083768e-06,1.960555144484538674e-06,2.522637901753832163e-06,2.773531589079726474e-06,2.419414983593965662e-06,1.407858393478791993e-06,-5.423184017907230156e-08,-1.611308784058241380e-06,-2.939253406033058987e-06,-3.900665178095514273e-06,-4.594424131082086789e-06,-5.273045240222622232e-06,-6.169753516155866063e-06,-7.325326070188058150e-06,-8.508286009311231130e-06,-9.278483261307740969e-06,-9.173970730002157478e-06,-7.938089211866329419e-06,-5.678620946115053015e-06,-2.876953457652746654e-06,-2.315472283187059488e-07,1.603498508604031761e-06,2.272912875033410462e-06,1.854807747733975493e-06,8.132765028695744037e-07,-2.121301295859752744e-07,-6.868052013902184993e-07,-4.046691655983423518e-07,4.475647300610005843e-07,1.415480906571685430e-06,2.032740669072819073e-06,2.084735844426139447e-06,1.748811876156306990e-06,1.533469183837498884e-06,2.032630867356418844e-06,3.602552400903378584e-06,6.114786257864919641e-06,8.914328453242132961e-06,1.102477249571074000e-05,1.152919617361886098e-05,9.968194925456071157e-06,6.577419950526004564e-06,2.248940941742080422e-06,-1.780907002121322813e-06,-4.392190782262918897e-06,-4.995898545621562952e-06,-3.724933926508197048e-06,-1.322983801316154494e-06,1.211275022421484838e-06,3.057015933184961295e-06,3.881766070772786058e-06,3.892819830178882730e-06,3.620569279631913425e-06,3.556142402748989734e-06,3.836337773209232095e-06,4.143042696790132509e-06,3.873681664906140862e-06,2.497934254646271952e-06,-8.521048526650919494e-08,-3.384652764082870882e-06,-6.452210155519356899e-06,-8.271270833476718063e-06,-8.223080143990575976e-06,-6.405739231430733236e-06,-3.642182647130307853e-06,-1.157705514773505234e-06,-6.598744870089660718e-08,-8.974473581395488146e-07,-3.387485040469958987e-06,-6.621045358039123825e-06,-9.461859726952897464e-06,-1.106101490263485767e-05,-1.120500258278197205e-05,-1.034447629014784789e-05,-9.301444120620514696e-06,-8.807840393648582516e-06,-9.106958646902456352e-06,-9.814012535877370089e-06,-1.010206357960812343e-05,-9.119580877318064985e-06,-6.434223695869577824e-06,-2.287178156459201394e-06,2.463827876032745372e-06,6.684678794488404782e-06,9.427335328354422060e-06,1.030115863276092063e-05,9.589209319084059604e-06,8.069651327992008721e-06,6.638946994074018062e-06,5.917914119819289008e-06,6.017539115511384385e-06,6.556339679238718300e-06,6.900229911567335253e-06,6.497876670563223063e-06,5.152684714935349738e-06,3.115479279715112199e-06,9.727666312741871089e-07,-6.022068994055289528e-07,-1.116471962236536877e-06,-4.301771160023203659e-07,1.222357157000543006e-06,3.349909878418078461e-06,5.393050805620095281e-06,6.901872018626293484e-06,7.642182792643161131e-06,7.611051597109769044e-06,6.980890005235987193e-06,6.010580905844382766e-06,4.959793346072373604e-06,4.027225332063465795e-06,3.317489174666184118e-06,2.833000314556529337e-06,2.487001124220104816e-06,2.136237047736997655e-06,1.630711696870112246e-06,8.716005468140651724e-07,-1.394283895679888527e-07,-1.279129782109320186e-06,-2.323136329485779120e-06,-3.006865785666895973e-06,-3.109659648339248349e-06,-2.534835929337736238e-06,-1.358948552085781109e-06,1.660469061267979546e-07,1.659248719175876383e-06,2.694540184410515225e-06,2.902703127553324464e-06,2.070237023010190060e-06,2.126408341388802745e-07,-2.399529963383074057e-06,-5.279491987858735412e-06,-7.833757365064429238e-06,-9.526505227507557158e-06,-1.005620666214031036e-05,-9.482067678776689494e-06,-8.239288997483620069e-06,-7.012918179993264926e-06,-6.494387556905421671e-06,-7.101870311903085474e-06,-8.777209691246662038e-06,-1.095687272338112959e-05,-1.275056353788266733e-05,-1.327193609423855560e-05,-1.199118222141854296e-05,-8.957494733223237709e-06,-4.787156472985396792e-06,-4.139262475076212795e-07,3.292125347162432479e-06,5.865968741044796438e-06,7.391703471079705257e-06,8.382634422203382498e-06,9.457158866936246194e-06,1.097151436229121089e-05,1.279480706026605778e-05,1.434414210929466051e-05,1.486884102196091599e-05,1.384558003767757083e-05,1.128517646167777546e-05,7.789731958262522855e-06,4.319729530186297788e-06,1.775735695975913026e-06,5.959277673941862798e-07,5.687252090245033092e-07,9.578912871455463263e-07,8.844927913679942720e-07,-2.183942592797606655e-07,-2.301803683439405592e-06,-4.700816774205433468e-06,-6.444259108940193623e-06,-6.728346145628917323e-06,-5.326493408601685163e-06,-2.735610041712967973e-06,1.624799469723071605e-08,1.815432704857024825e-06,1.956690410974242035e-06,4.588585534907729669e-07,-1.940486039898423877e-06,-4.106213788613493474e-06,-4.996022817047049478e-06,-4.103063617946469738e-06,-1.663159334730689257e-06,1.450938658493041146e-06,4.089165270677277561e-06,5.277206805024259098e-06,4.577187455851101146e-06,2.223662131196265947e-06,-9.965819957945064538e-07,-4.051933692115563186e-06,-6.031693315234987893e-06,-6.438391780837459240e-06,-5.319228569700345068e-06,-3.214373735903589972e-06,-9.587460125517039698e-07,5.902275684529031477e-07,8.164328511398028720e-07,-4.717087679074096748e-07,-2.987409893955842135e-06,-6.057471040215367449e-06,-8.837559082817551440e-06,-1.058881584454632146e-05,-1.092550867607455369e-05,-9.941527139023976858e-06,-8.157781164567412042e-06,-6.298063128629933289e-06,-4.974948475678940301e-06,-4.416387929118016592e-06,-4.359375206833932085e-06,-4.172693537422636873e-06,-3.168980861965611622e-06,-9.723661759677429900e-07,2.231062005799502794e-06,5.691674990124562316e-06,8.366907892426063217e-06,9.359042451806753597e-06,8.328276484829406388e-06,5.688790670873356928e-06,2.486669313119685982e-06,1.453477817399402716e-09,-7.590364386162052414e-07,5.501513895013734085e-07,3.503393040407072543e-06,7.119534873521625714e-06,1.029228723924515981e-05,1.223531392007477699e-05,1.274501455184758342e-05,1.218004295990767705e-05,1.119553155045492456e-05,1.038273037289013611e-05,9.997559110118603152e-06,9.902355082465203788e-06,9.728174606871149547e-06,9.152035974238328020e-06,8.131248592014202463e-06,6.968693132102030994e-06,6.177927485237133896e-06,6.223283606592826736e-06,7.272531575723084197e-06,9.088458272711696280e-06,1.111054884831591865e-05,1.268093995456489208e-05,1.330077846752847118e-05,1.279678111937802555e-05,1.133181976431840708e-05,9.275293830980592055e-06,7.014475166657468082e-06,4.804832383449769817e-06,2.721926503271786445e-06,7.143814663810608456e-07,-1.296093498181615607e-06,-3.337132999356912736e-06,-5.372995971850010215e-06,-7.349688775281631421e-06,-9.251100887178694064e-06,-1.111342684387796685e-05,-1.297595913651185347e-05,-1.479404161451624171e-05,-1.637428289582582364e-05,-1.739029727414013676e-05,-1.749755495754779988e-05,-1.650904023048197134e-05,-1.455092146642804941e-05,-1.211423148538529809e-05,-9.958971868138763353e-06,-8.892331190218023986e-06,-9.500977919978841665e-06,-1.194043887076275384e-05,-1.586213387231104170e-05,-2.050271558253120253e-05,-2.489788575509109181e-05,-2.814127779483366926e-05,-2.960301122550664652e-05,-2.904879108603563095e-05,-2.664211629498473708e-05,-2.284966620723054360e-05,-1.829096911683082420e-05,-1.357702900766774875e-05,-9.175603291051508974e-06,-5.330789091488412098e-06,-2.053936249064003960e-06,8.110755087896665208e-07,3.465350225876787587e-06,6.015854007789654085e-06,8.376300193577643352e-06,1.026019976586831669e-05,1.128669535704424293e-05,1.116902706604135623e-05,9.907575694712289426e-06,7.891143359710946074e-06,5.837880373406938660e-06,4.575204525672477294e-06,4.737133267506869181e-06,6.507862709189714333e-06,9.532182693809380410e-06,1.304404746176901621e-05,1.616414379697108517e-05,1.823478274368976865e-05,1.903960858647951574e-05,1.881070223265715675e-05,1.803155166197386444e-05,1.714756726238837560e-05,1.634163974563368740e-05,1.549437318844197584e-05,1.434497772844263017e-05,1.275395214484261930e-05,1.090579183097277420e-05,9.316464913216015173e-06,8.616060423166311194e-06,9.207041912819679391e-06,1.098147745581154637e-05,1.326686055579377929e-05,1.506051100044439514e-05,1.546070790365956807e-05,1.408874962134945848e-05,1.128437494481516467e-05,7.960193936141534609e-06,5.170622317464891123e-06,3.600805615525962610e-06,3.231082559240152704e-06,3.352014372356411864e-06,2.930961326767563549e-06,1.151267800378644240e-06,-2.147098426336240062e-06,-6.350839808068764486e-06,-1.034293601511795992e-05,-1.302333582907471736e-05,-1.381572621088484251e-05,-1.290212799591975720e-05,-1.106852189578391661e-05,-9.248207758203239845e-06,-8.008821649700722779e-06,-7.259442819870686245e-06,-6.338341030740346522e-06,-4.439026100048330429e-06,-1.148562403943368960e-06,3.194760877231839012e-06,7.529883667346211846e-06,1.049456279741819447e-05,1.103992253940416143e-05,8.930353043995192667e-06,4.871279082275092995e-06,1.915077076416899453e-07,-3.768325977542406534e-06,-6.259595195936405725e-06,-7.422411367896340130e-06,-8.130072724067219730e-06,-9.463982301542558909e-06,-1.208751692633201202e-05,-1.583687063625837865e-05,-1.973610657182885820e-05,-2.242993914216260837e-05,-2.281989488526991363e-05,-2.059153836196828640e-05,-1.637907338708344517e-05,-1.149572183157557837e-05,-7.369710165931191875e-06,-4.960668157692427625e-06,-4.426150858635871347e-06,-5.171988161207836823e-06,-6.227566635006116089e-06,-6.736881914480890322e-06,-6.320357327993367606e-06,-5.150896428345788766e-06,-3.746441892950665479e-06,-2.624016904469460500e-06,-2.014609165347476050e-06,-1.783127346976269860e-06,-1.570921655830679238e-06,-1.053446566562393121e-06,-1.502468527432381134e-07,9.356064094682569077e-07,1.864100701437943957e-06,2.395275620686462432e-06,2.569274747178363637e-06,2.717157347354585327e-06,3.289836410052952665e-06,4.598793156507538828e-06,6.614585150321270149e-06,8.938453773884775014e-06,1.096654656119798270e-05,1.215980561257690107e-05,1.227534294206887240e-05,1.143889952640469207e-05,1.002876897894222540e-05,8.447635268191353901e-06,6.919821506116096126e-06,5.432568155558309993e-06,3.851534492764515489e-06,2.133053725267713781e-06,4.911773629601199929e-07,-6.043424270444749868e-07,-6.287303646623021978e-07,6.890145418546079714e-07,3.118242766369992862e-06,5.897725201384909268e-06,7.982276278091047920e-06,8.478453559759275253e-06,7.072358546950905883e-06,4.235704646610651538e-06,1.088042108741777951e-06,-1.047472055730618948e-06,-1.207400823167787479e-06,7.821870607672850805e-07,4.207966389024265095e-06,7.752486143463656646e-06,1.003310232486689765e-05,1.015673678750530029e-05,8.048775136769901635e-06,4.424525783324567551e-06,4.382911376131853991e-07,-2.812644981435010692e-06,-4.700067863007269345e-06,-5.222149261368172418e-06,-4.868783126164940042e-06,-4.297051609013179853e-06,-3.996162052736217265e-06,-4.103482725018289652e-06,-4.437409920859974396e-06,-4.693678669719781568e-06,-4.672306639707235431e-06,-4.400774814082245819e-06,-4.090351288397666037e-06,-3.963580379340733110e-06,-4.065310780945877029e-06,-4.177726857394568437e-06,-3.899528417807981082e-06,-2.855575993219750708e-06,-9.279745987510052660e-07,1.616551547289758966e-06,4.176994110694971061e-06,6.029727474560852256e-06,6.603735138253227451e-06,5.691480788474060445e-06,3.502758750859834817e-06,5.489569949102593128e-07,-2.573059328944080302e-06,-5.386936856220806995e-06,-7.640234556554058353e-06,-9.276736229515151539e-06,-1.032193548741698235e-05,-1.076772736241461775e-05,-1.053233083747100357e-05,-9.518401928497424762e-06,-7.728460901653673258e-06,-5.359245031320332459e-06,-2.806463403245403294e-06,-5.622765419840199087e-07,9.500231177051246576e-07,1.522004636197970319e-06,1.213104154652140735e-06,2.868320704987094144e-07,-9.306362726174675403e-07,-2.189854015848103323e-06,-3.380800772237444233e-06,-4.491581170849990361e-06,-5.498383830113771509e-06,-6.263587723725541409e-06,-6.515130769912999672e-06,-5.932444710413668791e-06,-4.299275830042551821e-06,-1.639076961235568198e-06,1.748673347816194667e-06,5.382241401121366744e-06,8.780805605582335749e-06,1.164359331028431198e-05,1.392881192450138591e-05,1.578754400118577623e-05,1.738706082801452210e-05,1.872226582822355021e-05,1.952668415235187598e-05,1.934596225187119658e-05,1.775082931590759420e-05,1.458795105910063720e-05,1.013876074588007023e-05,5.095329952115938022e-06,3.503605910652310082e-07,-3.309271165760088963e-06,-5.467090687317530972e-06,-6.181487976165966394e-06,-5.890568083457591265e-06,-5.174426378191958560e-06,-4.496596655974650008e-06,-4.047155783544958327e-06,-3.748824022190352132e-06,-3.398953951146791145e-06,-2.852435318530096089e-06,-2.138371897674722890e-06,-1.450557336293002419e-06,-1.029289644074286437e-06,-1.015063204199357635e-06,-1.367777600034938109e-06,-1.902106930356533225e-06,-2.416719132991899330e-06,-2.835458299241478748e-06,-3.268043479459815383e-06,-3.943625506998425488e-06,-5.047084431086596718e-06,-6.550908807238761337e-06,-8.146976533076617083e-06,-9.333143324828039591e-06,-9.624634557757981017e-06,-8.786695864012378021e-06,-6.965198715948895784e-06,-4.639691528402806936e-06,-2.415097083353588054e-06,-7.548324257379700955e-07,2.083205702066948906e-07,6.867738778356212262e-07,1.074133541440216182e-06,1.695149179832039480e-06,2.609364772628459549e-06,3.579178363076662348e-06,4.222055139128836879e-06,4.262591003911002716e-06,3.740222705285739665e-06,3.047000016846867206e-06,2.759111208880234921e-06,3.339010937852361099e-06,4.860989009912416233e-06,6.909384475641158183e-06,8.714898298655822623e-06,9.473109200795411694e-06,8.693766190518567179e-06,6.410433288487306643e-06,3.148508780188682613e-06,-3.294052554951397028e-07,-3.370834891029303128e-06,-5.699679121614471372e-06,-7.472755521582027425e-06,-9.107741370996005708e-06,-1.098039898594648982e-05,-1.315295069834343606e-05,-1.527541622645441422e-05,-1.671049496226637457e-05,-1.681897789538138103e-05,-1.526488702724895295e-05,-1.219470979120944239e-05,-8.211310248022264644e-06,-4.162710542054428105e-06,-8.473867158559084908e-07,1.236778570898725186e-06,2.008855157833788963e-06,1.766980610866159745e-06,1.042743170147133107e-06,4.233822506310545599e-07,4.031488717321389508e-07,1.287016758302025200e-06,3.137731659240096368e-06,5.751329240104896216e-06,8.664952719441377176e-06,1.122248312408661325e-05,1.272254228923790460e-05,1.263921682254109256e-05,1.085272564433710613e-05,7.788382226711990854e-06,4.370020233285229560e-06,1.758538025581904811e-06,9.444284911242663235e-07,2.347579403996010068e-06,5.600243584515958152e-06,9.628558693374178920e-06,1.302462337427043737e-05,1.457003126114604378e-05,1.369661564290959402e-05,1.069059365785462484e-05,6.556235655574549507e-06,2.604197933247383178e-06,-5.260142326434936917e-08,-8.813364326324838991e-07,-4.298570772137235489e-08,1.779498936431598251e-06,3.728125413842681001e-06,5.117341816864607371e-06,5.632236905451576541e-06,5.320649350570652038e-06,4.430309819946615967e-06,3.208669833304396140e-06,1.778718103067063552e-06,1.399297772024759681e-07,-1.737921927003620579e-06,-3.810919284923916730e-06,-5.923479690461517688e-06,-7.859450758326849031e-06,-9.439925728245444076e-06,-1.059348358034063221e-05,-1.134459873035477301e-05,-1.172535733774880268e-05,-1.167550552706074804e-05,-1.101541250972931059e-05,-9.538567180080702323e-06,-7.193290204820070041e-06,-4.252637541218212068e-06,-1.353112979416273049e-06,6.640948033541127300e-07,1.072804471396821744e-06,-3.931946180468515218e-07,-3.343851815905042516e-06,-6.807986057722163781e-06,-9.579983521003816320e-06,-1.070252094899536090e-05,-9.870734968428233601e-06,-7.565505716148963249e-06,-4.841837118242129588e-06,-2.858200293014066797e-06,-2.356721300684539841e-06,-3.330693943645644814e-06,-5.030752327337413606e-06,-6.304594969256673451e-06,-6.112524690363747199e-06,-3.984644179526039856e-06,-2.194992254939413021e-07,4.251456246253020357e-06,8.256207711551228243e-06,1.084530733597840541e-05,1.162298088451693748e-05,1.081953880033890683e-05,9.104539073620474077e-06,7.253460069487122700e-06,5.830257641315750036e-06,5.018449864591218546e-06,4.647773261557058932e-06,4.368953859992202991e-06,3.870761140503421670e-06,3.032904464409460280e-06,1.956562509098417487e-06,8.808034896604047515e-07,4.386751699857636363e-08,-4.371034383908520184e-07,-6.152295257878973501e-07,-6.788908849572973043e-07,-8.564362356087983785e-07,-1.304328801214596775e-06,-2.022523372516376892e-06,-2.827347189288360922e-06,-3.393323083487791624e-06,-3.356256564661715626e-06,-2.451828202549029811e-06,-6.481138506217492232e-07,1.778302634557144611e-06,4.266646014739337148e-06,6.113466438999382423e-06,6.703268158036939694e-06,5.753412367596130264e-06,3.473274092859486760e-06,5.535064114601446552e-07,-2.039146101132859166e-06,-3.402915924742066313e-06,-3.049654483450941658e-06,-1.113139685362261853e-06,1.683513980989925238e-06,4.302571946786550333e-06,5.801306528218107394e-06,5.703372888354026113e-06,4.169986031297137181e-06,1.896081165756726436e-06,-2.190700351291316917e-07,-1.474457228916260830e-06,-1.659114932789169674e-06,-1.104193258241706836e-06,-4.815417040300355202e-07,-4.539144563175302424e-07,-1.347082915557134600e-06,-2.995706337208180770e-06,-4.824913014898158319e-06,-6.115191472260262626e-06,-6.316403843287473518e-06,-5.265303739719501466e-06,-3.220179416927661986e-06,-7.209103715144577265e-07,1.637612623827234978e-06,3.404501455378462007e-06,4.364381025111213918e-06,4.510727291875605770e-06,3.952940576791765427e-06,2.831341778345110060e-06,1.288964552170266557e-06,-5.026851611785905767e-07,-2.309475069041581441e-06,-3.843972916851157540e-06,-4.836889229209724522e-06,-5.139202346816768144e-06,-4.790804907006173233e-06,-4.000301469457998108e-06,-3.029371989504829191e-06,-2.036325825904474771e-06,-9.691182597589589075e-07,4.174583494666296305e-07,2.409198376647780926e-06,5.112296817833524412e-06,8.283107967030044409e-06,1.131419486702425070e-05,1.341114689650752868e-05,1.389653579324227470e-05,1.250440797471825726e-05,9.521749864154369501e-06,5.699941987093278868e-06,1.968041657019551494e-06,-9.238879536642818657e-07,-2.668871846634765347e-06,-3.457970271180401942e-06,-3.812562755279353401e-06,-4.287950394001626844e-06,-5.199647101478050806e-06,-6.503080977190868253e-06,-7.871705032725768316e-06,-8.914118968328940275e-06,-9.402550517666701698e-06,-9.387176616839856434e-06,-9.139429546338019862e-06,-8.963766079495194870e-06,-8.989082715976669775e-06,-9.060443377746987148e-06,-8.795673823335337733e-06,-7.781266585031860041e-06,-5.806640721980606902e-06,-3.014580981561011782e-06,1.116482604251054000e-07,2.921479280617180089e-06,4.848801976693434139e-06,5.625484939094945056e-06,5.363468470114076444e-06,4.478956390924287653e-06,3.505703338358354855e-06,2.888042321493913614e-06,2.840272933286363741e-06,3.315681347017743293e-06,4.073127208337351658e-06,4.791368858726782951e-06,5.176611163845970411e-06,5.031884085846757475e-06,4.287629014496866817e-06,3.010244289851166926e-06,1.400694922661058385e-06,-2.230691041849863086e-07,-1.479613297369394927e-06,-2.026179790674246625e-06,-1.693779603817604700e-06,-6.053098275004770597e-07,7.892666067997880926e-07,1.807551909080376438e-06,1.753656944742468556e-06,1.927785118687981817e-07,-2.828608492886249518e-06,-6.721004221088369746e-06,-1.049594079888720829e-05,-1.307814661417371723e-05,-1.367310988330064076e-05,-1.204805732865512419e-05,-8.615879561701642956e-06,-4.290493415124954492e-06,-1.732138241485800364e-07,2.807141328560857971e-06,4.168181769836272668e-06,3.973904257471202588e-06,2.746880278289516013e-06,1.248602860245015287e-06,2.211174114868658718e-07,1.782063152685347814e-07,1.298145274656880003e-06,3.424675200946628183e-06,6.149229652662246696e-06,8.935134617581178009e-06,1.124954732266630996e-05,1.267986580966151102e-05,1.301838983913668977e-05,1.230035698186210136e-05,1.078222016294284672e-05,8.857065513830310845e-06,6.924464930788176854e-06,5.255366407630909438e-06,3.904977795998251952e-06,2.716135630339645810e-06,1.421202298932434533e-06,-1.950762691585755417e-07,-2.144141391116010742e-06,-4.170014596791413269e-06,-5.816454192437436593e-06,-6.608987682734970228e-06,-6.278222192516366865e-06,-4.922793270547177409e-06,-3.028187162158911734e-06,-1.316457625329194628e-06,-4.765831322519547436e-07,-8.821381270039408390e-07,-2.415355259585399086e-06,-4.477474607425846463e-06,-6.190562797694675551e-06,-6.717591101825351947e-06,-5.578739216219066867e-06,-2.842682999346361263e-06,8.793262741714555720e-07,4.632693145834528769e-06,7.436137479945928227e-06,8.599725477777436482e-06,7.933260929785744994e-06,5.779339186497971027e-06,2.871221766305194975e-06,7.647101547458541199e-08,-1.878439562360269400e-06,-2.609447234586918428e-06,-2.143578087097966061e-06,-8.481674603190821834e-07,7.371680716389610176e-07,2.094751190355320173e-06,2.878387390275270081e-06,2.974065390522487252e-06,2.468300534386002838e-06,1.557673205744928026e-06,4.512517960330207035e-07,-6.898096218016808006e-07,-1.758935189593348980e-06,-2.673642602067527869e-06,-3.345404741716347541e-06,-3.684408601413425773e-06,-3.647961318629469702e-06,-3.306693500633150950e-06,-2.879873767834596358e-06,-2.696224623091932906e-06,-3.071550781077273571e-06,-4.143884836804112821e-06,-5.744304301626632047e-06,-7.382973352316808300e-06,-8.387465817880661575e-06,-8.159274944718504716e-06,-6.447932349620168783e-06,-3.516158224707833218e-06,-1.033363578454544659e-07,2.821037135001558009e-06,4.424006694569055632e-06,4.341371687128195844e-06,2.825045585904306066e-06,6.314823241137412256e-07,-1.306735078471813974e-06,-2.282341513618478759e-06,-2.106933093936095686e-06,-1.163537106691137472e-06,-1.971831549527164298e-07,5.449680352283202136e-08,-7.856796010424049709e-07,-2.563087398377106157e-06,-4.676251369171458637e-06,-6.367467535405854241e-06,-7.070921093926219196e-06,-6.648235339757408086e-06,-5.404292893159450167e-06,-3.890029652344893619e-06,-2.604677225386740096e-06,-1.754155337868452668e-06,-1.184625274576390088e-06,-5.132159534812933018e-07,6.256186294300006327e-07,2.355355104480204276e-06,4.472142247032927950e-06,6.536148461462542156e-06,8.080594378264741753e-06,8.820846283504346042e-06,8.754834676922928390e-06,8.114353888137580377e-06,7.213351077500893494e-06,6.293842166650016953e-06,5.461919594575579102e-06,4.741853332146142813e-06,4.195322051587089479e-06,4.005507827986684683e-06,4.443227663528131134e-06,5.707333780121643785e-06,7.721452924392014906e-06,1.001864664641910608e-05,1.181918988880908504e-05,1.231069731751100909e-05,1.102215082535839989e-05,8.109390886707414808e-06,4.386654372771691848e-06,1.048074568713757648e-06,-8.244340657268279673e-07,-7.515341640001443902e-07,8.905677079150190477e-07,2.993509615460204914e-06,4.182886781451234375e-06,3.427095392990834567e-06,5.118163231383180871e-07,-3.843153581289028784e-06,-8.285487132255163625e-06,-1.141634975008967084e-05,-1.239363231233421434e-05,-1.127799583804053793e-05,-8.969556516961723621e-06,-6.775086989676606388e-06,-5.814694235555808561e-06,-6.543002849718541791e-06,-8.594605097764853823e-06,-1.100297506061173746e-05,-1.266701611093651966e-05,-1.283432858061028555e-05,-1.138149744522239374e-05,-8.786331811448243418e-06,-5.842181047135850651e-06,-3.281243476682334778e-06,-1.497509181343627728e-06,-4.864376393303493795e-07,6.873603252779018450e-09,2.474679789559289347e-07,3.302746924351514560e-07,1.610315016685419811e-07,-4.045125162395833569e-07,-1.363174507475340372e-06,-2.444817643783179816e-06,-3.162670562779756466e-06,-3.026301995510986467e-06,-1.811313529831649321e-06,2.634162688517567181e-07,2.562415624054956080e-06,4.274980226505227831e-06,4.769907864654285943e-06,3.897412955537876757e-06,2.089110917543846969e-06,1.991805976379442498e-07,-8.478241256492397548e-07,-4.447813422566593879e-07,1.449286396763871708e-06,4.308225430237780596e-06,7.277883281514435338e-06,9.538011544443914235e-06,1.061850739872986966e-05,1.053154357787446907e-05,9.674883199465289643e-06,8.571883566928211669e-06,7.586979355472299771e-06,6.758305210368947435e-06,5.823311789349202986e-06,4.413469154321118543e-06,2.310129003991309747e-06,-3.744481296293362787e-07,-3.187151092652719982e-06,-5.504979206042483761e-06,-6.806454637458270716e-06,-6.912456290722497016e-06,-6.078188240710057769e-06,-4.887304396786216882e-06,-3.991964739160588293e-06,-3.815362558756025876e-06,-4.352517759482313250e-06,-5.162325001712342911e-06,-5.558686366412688554e-06,-4.919546106230079810e-06,-2.979507018090750963e-06,2.222421749822824782e-08,3.404569327516427299e-06,6.293175154393005102e-06,7.950430089527573969e-06,8.048486930109023221e-06,6.772879651436684415e-06,4.718438233443206277e-06,2.628767897386607908e-06,1.096376593443012105e-06,3.539816024597557576e-07,2.430761258888271964e-07,3.635914604576439514e-07,3.254948794028081080e-07,-2.289862108429190511e-08,-5.028458470229659774e-07,-6.965624338160725395e-07,-1.798368264430167090e-07,1.218052032897180571e-06,3.260251793727448710e-06,5.342584172228989500e-06,6.726370457164918554e-06,6.867004988605003820e-06,5.686821886138818856e-06,3.655316554720173337e-06,1.621036905377000136e-06,4.532458378296934932e-07,6.459924829465760275e-07,2.066501248428375805e-06,3.975594108762149988e-06,5.330096305302579280e-06,5.246807347216332183e-06,3.424672204456573180e-06,3.278001068783188746e-07,-2.970438914806041099e-06,-5.232574355172476162e-06,-5.606404718708447112e-06,-4.035145630990205498e-06,-1.334311644992867638e-06,1.118674890790654594e-06,1.964783779386126684e-06,4.696860484898960932e-07,-3.110612870071048079e-06,-7.576333870283400320e-06,-1.123956082212902208e-05,-1.260709638403677179e-05,-1.100505852877465674e-05,-6.878708480700523508e-06,-1.636308059034534399e-06,2.900590172181073777e-06,5.210576642969972478e-06,4.651737516879630168e-06,1.669973207129002698e-06,-2.438754845828283710e-06,-6.096499645685952983e-06,-8.090294128497106852e-06,-8.024002969802549988e-06,-6.398038939264127205e-06,-4.309478745677752851e-06,-2.929305976149244378e-06,-2.999564456601458050e-06,-4.566441445996692989e-06,-7.043702916293352912e-06,-9.544978807819676301e-06,-1.130660415460302215e-05,-1.199680218566920245e-05,-1.177861323982237458e-05,-1.112341913055006894e-05,-1.049385975391604626e-05,-1.007075393385067166e-05,-9.664403442252676442e-06,-8.847525294285029184e-06,-7.229350626880073182e-06,-4.717901777025408614e-06,-1.625606868076136486e-06,1.443540098614656664e-06,3.872397673550432399e-06,5.334044098722037745e-06,5.963003818397795893e-06,6.300410600618414705e-06,7.030560860205103073e-06,8.630733017535112249e-06,1.110216396650941337e-05,1.391512944697225688e-05,1.620210986658023817e-05,1.711759580504709264e-05,1.620584646708768826e-05,1.361427564769760670e-05,1.006003383080508399e-05,6.566544118124910141e-06,4.084363244318467754e-06,3.153844570573009620e-06,3.740129779428486558e-06,5.291120990337197204e-06,6.975634084610679567e-06,7.993427838161072595e-06,7.835704151149969429e-06,6.412142900241109796e-06,4.024658817028061128e-06,1.227068834828985740e-06,-1.359867683171695351e-06,-3.212765385318113470e-06,-4.011263027105663822e-06,-3.678021316368558446e-06,-2.365513459509890817e-06,-4.057839334597104009e-07,1.765824438057825481e-06,3.705319243087402308e-06,5.060715627198650119e-06,5.656331167700804182e-06,5.532603691657287534e-06,4.920947885660009482e-06,4.155466358879335822e-06,3.551218499410891302e-06,3.297080662934521816e-06,3.407706267309344873e-06,3.752463523206555754e-06,4.141559660892406881e-06,4.420634494043417694e-06,4.521628700975775569e-06,4.443353020314410938e-06,4.177271139307585859e-06,3.629554750797015564e-06,2.598403823454471264e-06,8.389255045322180165e-07,-1.801408302695178644e-06,-5.239741315625770199e-06,-9.086860542455896421e-06,-1.270285533089486778e-05,-1.537681479988260060e-05,-1.656601235095309883e-05,-1.609497509117813571e-05,-1.422616628285018447e-05,-1.156825171140169152e-05,-8.859663150146681129e-06,-6.719592601625967253e-06,-5.469152345214148892e-06,-5.087705545005225036e-06,-5.303138068168321241e-06,-5.753959017498435032e-06,-6.135839630947917700e-06,-6.266499627219310886e-06,-6.056959580449482381e-06,-5.433261591757943123e-06,-4.279638973635252151e-06,-2.457124232264890464e-06,9.944145149469592620e-08,3.258977595618429966e-06,6.627467971898339041e-06,9.600195651847029987e-06,1.153849027560955468e-05,1.200801965692602745e-05,1.097260785708319960e-05,8.845099814089364291e-06,6.355031923508132528e-06,4.275905074558832094e-06,3.123059783315173464e-06,2.952659293519207639e-06,3.351928412655144603e-06,3.627947637679211510e-06,3.114755907662129945e-06,1.466454143488147469e-06,-1.189013192846243687e-06,-4.298549891175683358e-06,-7.109754348457811234e-06,-8.973727905456340751e-06,-9.595693643775688426e-06,-9.131732777239387559e-06,-8.099007527790746518e-06,-7.145545773009858984e-06,-6.780187745911518220e-06,-7.172804633564776513e-06,-8.099326822692686390e-06,-9.044079165074068015e-06,-9.410773377339872025e-06,-8.756934336471360286e-06,-6.965395584344769849e-06,-4.296450594783078147e-06,-1.310057599591397549e-06,1.309062256033173809e-06,2.963345269456819969e-06,3.325707609459472336e-06,2.442406435254104646e-06,7.293855654623312300e-07,-1.134387832837802412e-06,-2.386741835847255911e-06,-2.387245478536898398e-06,-7.925346823719071337e-07,2.346215484362114133e-06,6.592497521983350822e-06,1.124034496464538980e-05,1.550558984050463325e-05,1.873686270818610664e-05,2.058206612666587716e-05,2.105786300075743639e-05,2.049990492668329162e-05,1.941101352419811644e-05,1.825991960164341271e-05,1.730148886645126307e-05,1.648309164162140312e-05,1.547205149267801119e-05,1.379580434244768401e-05,1.104483207837785315e-05,7.063903608562663442e-06,2.059279237408143553e-06,-3.421546763797867019e-06,-8.635061536697518866e-06,-1.286299561237716693e-05,-1.563124884082011813e-05,-1.684731291442856361e-05,-1.680619676385789734e-05,-1.606369311751653208e-05,-1.522583713134629597e-05,-1.473488854853706178e-05,-1.473214713068155873e-05,-1.504590614204507471e-05,-1.530170229993933195e-05,-1.510299400369805724e-05,-1.420424428328804722e-05,-1.260612523682457551e-05,-1.054023649706564002e-05,-8.360831235124986882e-06,-6.400391390812906050e-06,-4.856544191737729175e-06,-3.755789864996681408e-06,-2.996936541054480253e-06,-2.436338705668386900e-06,-1.959267505369902884e-06,-1.496090497640551621e-06,-9.801922999008016121e-07,-2.850809963249879822e-07,8.029020336248033046e-07,2.535308789164330861e-06,5.078765613401080334e-06,8.371315489706552079e-06,1.203765726334284552e-05,1.542872420174848171e-05,1.779768648394320683e-05,1.855596402617286548e-05,1.750387974335190590e-05,1.492901696660922807e-05,1.151682976983506299e-05,8.101282845976796036e-06,5.359044829793427353e-06,3.580907374315217969e-06,2.621276636913299462e-06,2.044194762570719053e-06,1.391284411582622522e-06,4.389771321207125212e-07,-6.810494391468454470e-07,-1.555289121436136616e-06,-1.715004108051364677e-06,-8.978111932346723346e-07,7.916665147975261494e-07,2.906254573273004105e-06,4.854475600274735418e-06,6.170732520258683303e-06,6.716912128533791655e-06,6.709064990355249125e-06,6.553388110725244936e-06,6.576651103169357716e-06,6.795009834115934296e-06,6.850019630786087138e-06,6.157332528578537636e-06,4.203242669651222154e-06,8.431712424642693508e-07,-3.552926437348633657e-06,-8.193383143302113494e-06,-1.216521672682842524e-05,-1.480680476052691861e-05,-1.597680841565295970e-05,-1.608828301556253966e-05,-1.588707656858009520e-05,-1.607596253989615712e-05,-1.696097079996321830e-05,-1.828737632535342027e-05,-1.934388877224892003e-05,-1.928749974017101500e-05,-1.753848654928474209e-05,-1.406372855130608683e-05,-9.420316284450481375e-06,-4.543319240222150164e-06,-3.777835884012447788e-07,2.478444457345680576e-06,3.966347843207556584e-06,4.518354901520948557e-06,4.808411182287860443e-06,5.422926081669892364e-06,6.602073700195489869e-06,8.158626505443754653e-06,9.595061353015479246e-06,1.035137504513801693e-05,1.006528208995811681e-05,8.732045492395739571e-06,6.704836773800951010e-06,4.549558035190850025e-06,2.826707000672248924e-06,1.894005353282514110e-06,1.803491519260805484e-06,2.320122930300191005e-06,3.039016788176728719e-06,3.545787661882378813e-06,3.558384835394582504e-06,3.006024597296855263e-06,2.029587584648597561e-06,9.152787479039425847e-07,-9.132475516593049214e-09,-4.808553369350911291e-07,-3.813031497697661727e-07,2.316123017540852721e-07,1.144493507901206702e-06,2.055331553096092120e-06,2.666504821084397754e-06,2.776280839857714087e-06,2.340819852634111005e-06,1.487308664087415725e-06,4.746291931556553204e-07,-3.845303163660634441e-07,-8.139092185456446842e-07,-6.479825213400086558e-07,1.293602519733486667e-07,1.386927754188321786e-06,2.880972853454526054e-06,4.308028520064337441e-06,5.362921034439483681e-06,5.794843027450448200e-06,5.458384285505232042e-06,4.354869146917016613e-06,2.653526145580837554e-06,6.778113995134413544e-07,-1.153755469924087327e-06,-2.428261828618691632e-06,-2.856225779446848302e-06,-2.366638671909828706e-06,-1.139185930665330859e-06,4.468940846824869422e-07,1.934971906360861500e-06,2.940336786031269775e-06,3.268706410691918238e-06,2.958021294480403467e-06,2.231394389511335802e-06,1.388542386116929025e-06,6.883289570523706163e-07,2.733097261419106978e-07,1.598563552211399104e-07,2.801137837096549464e-07,5.360310404358962607e-07,8.260016584573395486e-07,1.030870555307866586e-06,9.818878115901111387e-07,4.552202837877747242e-07,-7.708345974272412223e-07,-2.797845034113971474e-06,-5.478096060502360643e-06,-8.352245549084028425e-06,-1.071865127204173482e-05,-1.184393290880076944e-05,-1.125045704311794535e-05,-8.961837077383421357e-06,-5.584889180358101622e-06,-2.164723179322759484e-06,1.533732934868536108e-07,5.303516325484419998e-07,-1.256870190246684216e-06,-4.733302481139486063e-06,-8.906729437726072988e-06,-1.263320037965757139e-05,-1.501083079560997249e-05,-1.564018189202913766e-05,-1.465830019959005278e-05,-1.256162635553732904e-05,-9.926755294213153525e-06,-7.172386266271693526e-06,-4.467114171372043789e-06,-1.800097779358933622e-06,8.565700694271369426e-07,3.407278762256020589e-06,5.603989876953293399e-06,7.145825159949989530e-06,7.844474679593161262e-06,7.752151239968206004e-06,7.169591972252334536e-06,6.521072441739549125e-06,6.161172251444488810e-06,6.219030546397098931e-06,6.565962658310991714e-06,6.922398806979701287e-06,7.040061252295072602e-06,6.851575579031288765e-06,6.498624123140868641e-06,6.221748234509024797e-06,6.179113889057467519e-06,6.308488519907364774e-06,6.326707472552884583e-06,5.882340706474517655e-06,4.783285244969026714e-06,3.166376496677017503e-06,1.496100353778725318e-06,3.683555863565340347e-07,2.069814666159036645e-07,1.012934755660192562e-06,2.314001457589715230e-06,3.366437963677154809e-06,3.525916771886813370e-06,2.604731216389358145e-06,1.022887999507416322e-06,-3.459707717710417152e-07,-5.801847569629364278e-07,8.209224449702689815e-07,3.637337949809876798e-06,6.957637285032569829e-06,9.539502627800577634e-06,1.034012758344455096e-05,8.968872534594185468e-06,5.850681452293515342e-06,2.029791906001564151e-06,-1.282579377126617930e-06,-3.194349712080922961e-06,-3.426582488062311497e-06,-2.299428501521117016e-06,-4.568479015279264933e-07,1.494683939080994491e-06,3.231362396013890554e-06,4.724147043913690927e-06,6.046980440517023897e-06,7.133392866996299978e-06,7.662981286041182138e-06,7.177212344562962201e-06,5.376955799718564097e-06,2.427184316353534710e-06,-9.359228083096621702e-07,-3.609163922848547329e-06,-4.582874966819411861e-06,-3.447310956260458340e-06,-6.805617568415765377e-07,2.460144167796415721e-06,4.432345480196621463e-06,4.077758484537605790e-06,1.154811623891488903e-06,-3.526549047978523557e-06,-8.443036636972195416e-06,-1.201558341620403899e-05,-1.327633858088362056e-05,-1.223198618884011971e-05,-9.763104202430969897e-06,-7.130615131923672391e-06,-5.351953764810882593e-06,-4.763808540367734362e-06,-4.979193386410818656e-06,-5.233342299932586409e-06,-4.908573269195547105e-06,-3.940161417915376751e-06,-2.878325742932924238e-06,-2.574685482461089324e-06,-3.670180006595573563e-06,-6.172901779351931609e-06,-9.368402257108238940e-06,-1.212624151504838842e-05,-1.345090221237250245e-05,-1.298892546579914912e-05,-1.122136615542253390e-05,-9.233445926546466188e-06,-8.175483472314260325e-06,-8.692373568502052343e-06,-1.061568009974036501e-05,-1.307342927337841350e-05,-1.495190106188694374e-05,-1.545906255502742751e-05,-1.448956041311305054e-05,-1.260290127575214719e-05,-1.063926344924164051e-05,-9.196167340375027905e-06,-8.265791462839817356e-06,-7.244271120547812302e-06,-5.317249127976069636e-06,-2.011809757980275126e-06,2.398937747808627037e-06,6.886063747260334638e-06,1.009165345604906271e-05,1.099601613007802964e-05,9.485524637744859993e-06,6.512569580962859086e-06,3.734683446432484741e-06,2.782634676669591242e-06,4.502632294817472698e-06,8.543335755114013396e-06,1.349749550342825588e-05,1.753935113069688504e-05,1.925654457481857550e-05,1.828064041153716298e-05,1.542025680884418734e-05,1.224430207488098661e-05,1.032770103921365505e-05,1.052743340773916579e-05,1.262907468729837763e-05,1.551254608234487392e-05,1.773031246389519979e-05,1.819975295877319840e-05,1.667478668587433100e-05,1.378992635134408032e-05,1.069024909668276865e-05,8.458923648755545596e-06,7.633470187883398836e-06,8.032060260555601080e-06,8.938381529674398380e-06,9.513048527219511736e-06,9.203051130638085584e-06,7.949686992710453673e-06,6.122934951670732048e-06,4.260236726316779224e-06,2.778776276253428759e-06,1.819683707403876109e-06,1.286049813726993782e-06,1.016070851400528352e-06,9.585948915184714249e-07,1.230080619393000401e-06,2.017047302471799237e-06,3.391914919055181754e-06,5.169152667175871067e-06,6.907530000911411601e-06,8.075909603082023541e-06,8.297463282749662454e-06,7.532337054744067433e-06,6.086193463775805061e-06,4.428425910522732827e-06,2.915007746074338977e-06,1.572426710645675940e-06,7.307254424403329783e-08,-2.070132363826173561e-06,-5.186086865588063095e-06,-9.177405951242290907e-06,-1.345826906422593585e-05,-1.715118864771499174e-05,-1.945842127289133954e-05,-2.002620524109625477e-05,-1.911590467646109661e-05,-1.748989589642594870e-05,-1.606370384586554433e-05,-1.549443227469647391e-05,-1.590678638756484452e-05,-1.688589726374712912e-05,-1.772916615302453172e-05,-1.781961942220426705e-05,-1.692802944423898277e-05,-1.529700292403315314e-05,-1.348008004450503063e-05,-1.203703211980437325e-05,-1.125501735711309329e-05,-1.104017499864102683e-05,-1.102312731575779935e-05,-1.080272518461277986e-05,-1.018103144745113891e-05,-9.256391345976398019e-06,-8.329611170943922838e-06,-7.688731161204884172e-06,-7.407277979111279013e-06,-7.280218966659419980e-06,-6.938182713915370919e-06,-6.072698803167698443e-06,-4.636071459373717164e-06,-2.890129367788419948e-06,-1.264180524389205475e-06,-9.607528347124144580e-08,5.938879978792503943e-07,1.154249913702386194e-06,2.128206428372882786e-06,3.930624935404242698e-06,6.546265481053968644e-06,9.424115549083649247e-06,1.165105286473744154e-05,1.234412910344832047e-05,1.107938938701414027e-05,8.142286035468808395e-06,4.462039757403898261e-06,1.244188562486762621e-06,-5.335841583702374522e-07,-5.246237178084225177e-07,8.778472078413055443e-07,2.778286610188520804e-06,4.246258803943914100e-06,4.785020118204260572e-06,4.572664884719563336e-06,4.359397145824585991e-06,5.072889995508759732e-06,7.325269622854339566e-06,1.106132670653202603e-05,1.551743990650478547e-05,1.951078608589400416e-05,2.192277324281953371e-05,2.215368605173842180e-05,2.034593674323009933e-05,1.728680210156317116e-05,1.405031059944637449e-05,1.155073285484205088e-05,1.020696781371250790e-05,9.851764205032118558e-06,9.899484877192646557e-06,9.670850965901564000e-06,8.715023626587100068e-06,6.989187234483841310e-06,4.835961855403566478e-06,2.795936635272813434e-06,1.360114798085749812e-06,7.781740327138578223e-07,9.958743122006503075e-07,1.725926280160424972e-06,2.596809210646410669e-06,3.299470387877410267e-06,3.668168580505025012e-06,3.674581256992956947e-06,3.359270629913948380e-06,2.750362666572841873e-06,1.817052248576223528e-06,4.809582236115925157e-07,-1.323730726112952686e-06,-3.574379774968024122e-06,-6.108031107382304172e-06,-8.622288828977561718e-06,-1.073584711466374624e-05,-1.209218299089326861e-05,-1.247319434767032599e-05,-1.188408680612350763e-05,-1.057759726066561794e-05,-9.002746593484187049e-06,-7.686477547943501516e-06,-7.079557861277800843e-06,-7.413691622578730340e-06,-8.618340993478197613e-06,-1.033034997073795269e-05,-1.200009291602764527e-05,-1.306383102548941856e-05,-1.312604217227332935e-05,-1.208883670637698741e-05,-1.018239480955534384e-05,-7.885286108047994289e-06,-5.763267042460767322e-06,-4.284024996711265868e-06,-3.672160462318815270e-06,-3.851600912438864312e-06,-4.489541920332227057e-06,-5.120603030422421180e-06,-5.305324753583199289e-06,-4.770653186644542233e-06,-3.490999963578790408e-06,-1.690173660632348094e-06,2.315664264173719715e-07,1.821497151596538187e-06,2.713619253011958424e-06,2.743526997825243093e-06,2.004202937402245120e-06,8.215211197402373885e-07,-3.499840589660509407e-07,-1.084140190518865722e-06,-1.142876298751180467e-06,-5.791129485937255761e-07,2.644544004890004207e-07,8.734416121471286062e-07,7.631330313152561487e-07,-3.100765198544371336e-07,-2.213857148666384619e-06,-4.445654282645762272e-06,-6.289343529479645011e-06,-7.069943311742439569e-06,-6.408282034303483395e-06,-4.372253289356980248e-06,-1.460727192202724005e-06,1.575502708354181608e-06,4.003988243524222690e-06,5.363968543526001257e-06,5.605151244391384160e-06,5.065893180181446630e-06,4.312853708340196417e-06,3.917679701179667275e-06,4.262547949469384612e-06,5.441794920068703193e-06,7.277229089893837797e-06,9.416074097892014521e-06,1.145523457942797631e-05,1.304153224678969122e-05,1.392550008010586831e-05,1.397680599388326286e-05,1.318458779422836297e-05,1.165971567268926420e-05,9.636278924138315141e-06,7.452749932787477313e-06,5.493292303101862614e-06,4.089185406453844868e-06,3.408619348438999974e-06,3.382288495445340788e-06,3.707955929300387973e-06,3.947717635339925372e-06,3.689821932560089269e-06,2.713503393629125111e-06,1.088230523870348471e-06,-8.369127094391100601e-07,-2.552959939194546106e-06,-3.574279849727872653e-06,-3.615190625167795009e-06,-2.695463246629830135e-06,-1.140829977016762942e-06,5.154291015247560468e-07,1.691894201451420582e-06,1.928166454389974063e-06,1.017582145301269220e-06,-9.272314165901854791e-07,-3.489618709119533301e-06,-6.044069961186630218e-06,-7.916561021533682950e-06,-8.578859580375999252e-06,-7.827572832763351964e-06,-5.887400704368392168e-06,-3.385621749984618464e-06,-1.178879298203941102e-06,-6.852048571385414874e-08,-4.966322419453563172e-07,-2.343244309778666348e-06,-4.924184305371685189e-06,-7.217688306808481178e-06,-8.251005720675036836e-06,-7.498563958873433691e-06,-5.121768809962449303e-06,-1.934981615393059725e-06,9.049765417361800981e-07,2.365378161551570618e-06,1.963851837410901234e-06,-3.194717181661359170e-08,-2.721788590843040288e-06,-4.957993958301778469e-06,-5.828937321137795709e-06,-5.028365757247435458e-06,-2.952170265853836216e-06,-4.902900554107556238e-07,1.380531948398232554e-06,2.012423166087798314e-06,1.326229975285302825e-06,-2.172339029501695716e-07,-1.877929203347268899e-06,-2.988889567254148255e-06,-3.229452737182428588e-06,-2.701936450210637824e-06,-1.799170243663048727e-06,-9.520698226015010361e-07,-3.956083937654454375e-07,-6.837843394025734145e-08,3.167463610108318661e-07,1.082067126963896976e-06,2.380578187427714250e-06,4.080608141624808919e-06,5.789958763192495926e-06,6.999386669843808383e-06,7.273804904210381523e-06,6.409253624168307245e-06,4.502158159404001908e-06,1.922759584359210122e-06,-7.794760812529282340e-07,-2.999325552860052442e-06,-4.199262863616376809e-06,-4.019915061739081712e-06,-2.370212697991192432e-06,5.185207678546350050e-07,4.101994645124288342e-06,7.620851273989585962e-06,1.028520675586033248e-05,1.150029106154275871e-05,1.105078998412340954e-05,9.158561063699809058e-06,6.371915155928831718e-06,3.321021301259038057e-06,4.465614474722727533e-07,-2.164178055358858299e-06,-4.740893163072345589e-06,-7.597990949963912508e-06,-1.081874204638299751e-05,-1.402880850484767307e-05,-1.640657209933257338e-05,-1.696916953900957383e-05,-1.502996538015606696e-05,-1.061734265333116151e-05,-4.635581495122787198e-06,1.349469791796405321e-06,5.646205533057884427e-06,7.081298790851520871e-06,5.470948873212513094e-06,1.701342393309605642e-06,-2.630003995324960384e-06,-5.861866752403579260e-06,-6.922994665712896025e-06,-5.706641279342340276e-06,-3.011238304746845571e-06,-9.373887483356787231e-08,1.942099523678133807e-06,2.633205771617254420e-06,2.302408760718265923e-06,1.814913836202889149e-06,2.086025778875380741e-06,3.591300571416524942e-06,6.115840322739788736e-06,8.851968102900056182e-06,1.078117959086734488e-05,1.114343422552995110e-05,9.766734596959424634e-06,7.111146932343930927e-06,4.027513972155603605e-06,1.366696847203939143e-06,-3.650858304009970006e-07,-1.148904256019357354e-06,-1.349695883605322319e-06,-1.446011416565193445e-06,-1.745239852101580395e-06,-2.227855260930561622e-06,-2.585415705174425640e-06,-2.413892668718849295e-06,-1.450108685163325052e-06,2.714927317750008533e-07,2.413015127929549146e-06,4.468209134164667594e-06,5.961333619576695689e-06,6.611479271343032266e-06,6.393920491092155276e-06,5.489381148934570546e-06,4.167008398627234092e-06,2.670147072234971741e-06,1.158472824306556997e-06,-2.803561871332439365e-07,-1.576626798960501992e-06,-2.627994440460520195e-06,-3.288941129032524776e-06,-3.408546596256222913e-06,-2.895716951424317604e-06,-1.776640215119544028e-06,-2.148206180284608686e-07,1.516645374323970905e-06,3.099926365932647214e-06,4.251295813800888515e-06,4.789736238287514765e-06,4.677757703427764250e-06,4.025340836474690532e-06,3.054929168635037646e-06,2.032067488629450728e-06,1.175424597841959193e-06,5.714861150046710490e-07,1.276585244176868080e-07,-4.058477045900225382e-07,-1.335884742806662210e-06,-2.873241887372101449e-06,-4.985760208779014771e-06,-7.330438499108283999e-06,-9.316517356087160046e-06,-1.029868349892912170e-05,-9.835515188055863237e-06,-7.904707875818953568e-06,-4.969998601961873001e-06,-1.850845898877923580e-06,5.664969046757563104e-07,1.659515528109522158e-06,1.296074621316870703e-06,-1.479515884740605588e-07,-1.990673592389015741e-06,-3.571632508053094149e-06,-4.547699083663043680e-06,-5.013575185196451328e-06,-5.389026711011059288e-06,-6.132951400254718344e-06,-7.435054769958407520e-06,-9.051454399150792127e-06,-1.038004143284755735e-05,-1.074817027504877017e-05,-9.771204175433350676e-06,-7.595236748627078434e-06,-4.887197153981512692e-06,-2.558654634147376672e-06,-1.345621567692044415e-06,-1.446503315352211225e-06,-2.401458579572128820e-06,-3.285029558857967891e-06,-3.132975772608563211e-06,-1.407747549813768791e-06,1.716936960790715478e-06,5.390335337259599132e-06,8.427225226431740525e-06,9.804433682158071267e-06,9.086789435778521405e-06,6.593830377278493265e-06,3.241549159798089616e-06,1.430661815943186427e-07,-1.842945755829905758e-06,-2.414403052417239298e-06,-1.857596009939036858e-06,-8.190521246186692590e-07,5.474450722845021536e-08,4.325964251585281960e-07,4.281480573349291342e-07,5.014765297896519409e-07,1.199240534937167168e-06,2.867353101263308115e-06,5.469025544866463016e-06,8.579456271580254901e-06,1.154222918740680737e-05,1.370471646664702693e-05,1.462896320113350664e-05,1.420260979654432512e-05,1.262958471691580630e-05,1.033155388661476393e-05,7.815433902067688213e-06,5.555164947512707124e-06,3.910368218387757690e-06,3.080380717482633457e-06,3.083361161088264247e-06,3.757058542962218158e-06,4.789082239862346531e-06,5.786271560887023218e-06,6.379031778550245425e-06,6.333875710981939691e-06,5.631233379125055556e-06,4.469933352022187221e-06,3.187471893047871316e-06,2.124459829808948673e-06,1.491607362146411617e-06,1.300125595592189577e-06,1.387221335532588300e-06,1.520845153438314467e-06,1.526809784322150620e-06,1.369671947043742453e-06,1.144196498027168361e-06,9.843053332216986073e-07,9.442314153600427128e-07,9.251203386849191230e-07,6.975403455401970806e-07,1.680303594447161020e-08,-1.227913547103720075e-06,-2.916362176708553809e-06,-4.717780498864663247e-06,-6.235714461280006342e-06,-7.214209581132202600e-06,-7.700008765592380433e-06,-8.065265939977835053e-06,-8.857020151751895061e-06,-1.052565090502022119e-05,-1.315267958389532614e-05,-1.631275728810129919e-05,-1.915424658871858415e-05,-2.068752624645265467e-05,-2.017282288368667299e-05,-1.744564575446683633e-05,-1.303460984842164097e-05,-8.008631672774042825e-06,-3.603312389479740642e-06,-7.707504131667538996e-07,1.680594110733516420e-07,-3.712886140358917900e-07,-1.415736184716197722e-06,-1.827602763750755210e-06,-7.571725785315628096e-07,2.019203651060789316e-06,6.001491245776629638e-06,1.013998311316602222e-05,1.320944822323030087e-05,1.424083998446995958e-05,1.285311081598221154e-05,9.370954188858404349e-06,4.696280175639946960e-06,-9.909742064536396020e-09,-3.714687620328851405e-06,-5.830757161657729626e-06,-6.357205185009169506e-06,-5.803875434087752681e-06,-4.938641194687345810e-06,-4.459058872802185198e-06,-4.713943937706723969e-06,-5.578280683528209682e-06,-6.524827575387664487e-06,-6.859880562557561728e-06,-6.027305970335128728e-06,-3.858595768998520233e-06,-6.682479712129109065e-07,2.844398232737188204e-06,5.847745447829235241e-06,7.683171407223097167e-06,8.099972047884233242e-06,7.326730812360782722e-06,5.954257197723895908e-06,4.683501251524912791e-06,4.046412996740691398e-06,4.215203531079628823e-06,4.973252336980773723e-06,5.848455545725919928e-06,6.339892057925884461e-06,6.132377704103806800e-06,5.205924137771277911e-06,3.800771532851144616e-06,2.267227607720835581e-06,8.807024023427829274e-07,-2.869074777228689015e-07,-1.381031195798215864e-06,-2.663509933356602910e-06,-4.352243351024031853e-06,-6.482345931355457831e-06,-8.855127696876312994e-06,-1.109555400527624119e-05,-1.278604628095483337e-05,-1.361068852260084161e-05,-1.344448676549117740e-05,-1.235480609038917662e-05,-1.052821070337393775e-05,-8.171493298794826565e-06,-5.443114566046397216e-06,-2.448251313104708328e-06,7.092670345798225192e-07,3.859681390276824041e-06,6.737117662082150504e-06,9.019841300884490350e-06,1.043501899584839118e-05,1.088304299219655307e-05,1.051843938202017620e-05,9.737791476934717124e-06,9.064864733817529194e-06,8.970930031725247544e-06,9.701461342302417811e-06,1.118270033087193722e-05,1.305094480935080724e-05,1.479683679787739305e-05,1.596845378352754592e-05,1.635169670697806575e-05,1.605504487239167540e-05,1.546419210302398198e-05,1.508386940379239994e-05,1.532786194743438428e-05,1.633676577130584713e-05,1.789050882765965656e-05,1.944596651956571046e-05,2.028489980863363031e-05,1.972134803744778232e-05,1.730243128583829540e-05,1.294466715997728619e-05,6.972795015459623574e-06,5.835371698052977649e-08,-6.919748314391174776e-06,-1.305645546584264529e-05,-1.760428898265152864e-05,-2.012422958185626815e-05,-2.057533683922266091e-05,-1.932315557076548602e-05,-1.705851362985695384e-05,-1.463515573334162566e-05,-1.285627193032826812e-05,-1.226098252604532679e-05,-1.297289311015413428e-05,-1.466481396346951429e-05,-1.666336898662933313e-05,-1.817105462055775732e-05,-1.853733683930414906e-05,-1.748439362706297575e-05,-1.520181671883834891e-05,-1.226942660296659116e-05,-9.433520233850267337e-06,-7.322836444067360365e-06,-6.218986231565003809e-06,-5.976748956465546266e-06,-6.127673701964784082e-06,-6.121056978461172319e-06,-5.594644868413474367e-06,-4.552406754828800103e-06,-3.367352350472709912e-06,-2.606852205423357792e-06,-2.760409370533832110e-06,-3.996572232606494281e-06,-6.063567862877462976e-06,-8.381611963211611511e-06,-1.028444229649393992e-05,-1.129649387544434849e-05,-1.131503768845814276e-05,-1.061269089399707885e-05,-9.663322426879805620e-06,-8.880986485374141407e-06,-8.404275955027079925e-06,-8.035541111523851048e-06,-7.366247325546813474e-06,-6.024629839112822480e-06,-3.917268617385859655e-06,-1.335421447442838074e-06,1.138178350253421870e-06,2.886795992147683908e-06,3.560946556621359628e-06,3.274996173375484172e-06,2.595495090224834888e-06,2.314972063121868826e-06,3.108381609033147633e-06,5.228791887001145745e-06,8.384776192247241924e-06,1.186005040628942782e-05,1.482443384400429472e-05,1.669658024143066559e-05,1.739456163085748217e-05,1.736124695229253719e-05,1.735328796381518536e-05,1.808809516265079713e-05,1.990464754445424986e-05,2.258510864710230941e-05,2.541152524160988755e-05,2.743009690580806463e-05,2.781033938083072975e-05,2.615343843788793253e-05,2.263345058074177311e-05,1.792925213929998915e-05,1.298922707987176435e-05,8.729085638368425226e-06,5.775356476949185004e-06,4.334411450611266605e-06,4.209177930782379409e-06,4.929987848495722841e-06,5.933840386783344129e-06,6.725526286217187804e-06,6.977864738533852174e-06,6.561264411987759786e-06,5.519241942413575191e-06,4.017422804567564582e-06,2.289110616798916605e-06,5.879328125593875803e-07,-8.533979153389641748e-07,-1.863097615819533736e-06,-2.369423813163303305e-06,-2.430316191839678392e-06,-2.238430794066955131e-06,-2.087835235481103027e-06,-2.299755920145436580e-06,-3.122319504879679050e-06,-4.635805258546854591e-06,-6.701827924283001343e-06,-8.985987224276961404e-06,-1.105884072992256091e-05,-1.254719982090523480e-05,-1.328021531942068623e-05,-1.336677193911919917e-05,-1.316049366313461135e-05,-1.311262267955197096e-05,-1.356493852487825026e-05,-1.457114701222454250e-05,-1.583523616352261638e-05,-1.681271148912073994e-05,-1.694904075482014567e-05,-1.595956810773048977e-05,-1.402135786043134829e-05,-1.177193178543056834e-05,-1.008881600889135344e-05,-9.725657223059453509e-06,-1.095831056495710865e-05,-1.340687835322057252e-05,-1.613386895795160738e-05,-1.799845107780530896e-05,-1.812540925862211229e-05,-1.628352499002175122e-05,-1.299707849440649678e-05,-9.328546188934871077e-06,-6.420583859817871284e-06,-5.000723573987365235e-06,-5.075584956461700093e-06,-5.957635974978289792e-06,-6.613193273238131568e-06,-6.167927260624181175e-06,-4.329593996832300341e-06,-1.525901840049312329e-06,1.308219843997056151e-06,3.190304043062962634e-06,3.573395643669375337e-06,2.617502500391367440e-06,1.117764639864262303e-06,1.251160784259482111e-07,4.445388709657465862e-07,2.253945253180108714e-06,5.025538394921463147e-06,7.782597852884556584e-06,9.562421309544766093e-06,9.860427640671528529e-06,8.846472615784708475e-06,7.261077948581703980e-06,6.055829590973789395e-06,5.960231850162999886e-06,7.180602542279223167e-06,9.358690570680452229e-06,1.178314158400785619e-05,1.372644911499833638e-05,1.473314018312783272e-05,1.472991940436699976e-05,1.393497588469776093e-05,1.265108250829410631e-05,1.107830489286593687e-05,9.253638455149220163e-06,7.138017806866700732e-06,4.778352538281756461e-06,2.427012145622324554e-06,5.282143062281648341e-07,-4.371223441010408319e-07,-1.679337165535629795e-07,1.302028499464147083e-06,3.605000354638152519e-06,6.204435514036483531e-06,8.639090042121660285e-06,1.071160858101719960e-05,1.251377878092106198e-05,1.427051361198908411e-05,1.608966401894816530e-05,1.776621601303669749e-05,1.877026642301841402e-05,1.845429571354240144e-05,1.639384864843098892e-05,1.269124463607129419e-05,8.072118956900965143e-06,3.694524297670794926e-06,7.283403157668908193e-07,-1.192398733189004040e-07,1.081513332500410777e-06,3.477817676336195566e-06,5.752396482099328083e-06,6.632885944839553959e-06,5.376293287553080738e-06,2.026931429080845908e-06,-2.648612376756740440e-06,-7.502015342858114980e-06,-1.145699424448222564e-05,-1.387920877830061909e-05,-1.472074257232545737e-05,-1.441090129985913547e-05,-1.357883126016282833e-05,-1.275511451324753997e-05,-1.218605521283023019e-05,-1.182099574758855736e-05,-1.144207138789083786e-05,-1.084347529736979689e-05,-9.960238091946731426e-06,-8.890614788686781002e-06,-7.821864485583433164e-06,-6.919375773141686884e-06,-6.249133761822585021e-06,-5.773070240598823795e-06,-5.407589771423312300e-06,-5.097540324158534135e-06,-4.852269097758184411e-06,-4.718384712655094463e-06,-4.707221625149361130e-06,-4.727324871947666122e-06,-4.574070126679185126e-06,-3.998080577508818673e-06,-2.828092080679049098e-06,-1.088038988332151241e-06,9.570420727926714821e-07,2.861829155097904994e-06,4.153105702611065480e-06,4.512389084884749618e-06,3.909099628877900844e-06,2.623569725820049801e-06,1.146714489315127286e-06,-3.238977164835198741e-09,-4.717621385753897561e-07,-1.907458186237770929e-07,6.111204488090477741e-07,1.505687299843756863e-06,2.023015267065514560e-06,1.803319764904248191e-06,6.883049097318361048e-07,-1.270226389977882428e-06,-3.869300942161796615e-06,-6.841390932886486026e-06,-9.926127671024152966e-06,-1.290171933321702954e-05,-1.557675409836485587e-05,-1.776419243708158758e-05,-1.926582226191702880e-05,-1.988589944581266718e-05,-1.947382100502221140e-05,-1.797810118477148516e-05,-1.548654705080632378e-05,-1.223328346861151883e-05,-8.568177320636906385e-06,-4.899973400475547756e-06,-1.633069553866991232e-06,8.842802071463717776e-07,2.393015798500635145e-06,2.742204072993844647e-06,1.904528816783512532e-06,-4.617441946391528319e-09,-2.708628585797217276e-06,-5.767782404948443313e-06,-8.614078529988519395e-06,-1.063441088103573311e-05,-1.129404565643534213e-05,-1.026984038762359708e-05,-7.548495622508806997e-06,-3.448372197898366674e-06,1.454167867412765080e-06,6.478544939712848911e-06,1.102595656543178083e-05,1.473348711818491970e-05,1.754100247275508406e-05,1.964738419690747635e-05,2.137552659837147040e-05,2.300178119759317805e-05,2.461970388588144489e-05,2.609356985593714619e-05,2.711977557514944791e-05,2.736937213991340296e-05,2.665121748138354169e-05,2.502648241751112093e-05,2.282481710667655104e-05,2.055199531981322911e-05,1.872207269986268530e-05,1.767689378830219089e-05,1.746102764083974897e-05,1.779973247815950678e-05,1.818984722994339227e-05,1.807281289897670097e-05,1.702973542419190415e-05,1.493017780696578863e-05,1.198149733671002542e-05,8.658889416533899214e-06,5.537282291641948207e-06,3.081865867747425304e-06,1.472346196298273696e-06,5.293344715720124219e-07,-2.208993269941082969e-07,-1.356573293944941126e-06,-3.309553043819459126e-06,-6.150226916665705023e-06,-9.502860773106126458e-06,-1.264446748909144053e-05,-1.476940988820730610e-05,-1.532761670519858046e-05,-1.429849841213434805e-05,-1.227058714824145887e-05,-1.026386625364466701e-05,-9.336914392703853070e-06,-1.012266424329054297e-05,-1.248819396468609568e-05,-1.548510872950155953e-05,-1.765003390047124862e-05,-1.756798166799436318e-05,-1.448623631821941809e-05,-8.721510080609364384e-06,-1.666859996383387041e-06,4.640766032887224789e-06,8.247058732812219051e-06,8.020392651548188741e-06,4.101912266267479329e-06,-2.131159310764855947e-06,-8.589187358120048237e-06,-1.327624862885666863e-05,-1.505069968974411483e-05,-1.402669667787510405e-05,-1.145300210106008277e-05,-9.127559489384389879e-06,-8.604169693460573103e-06,-1.053376003249863444e-05,-1.441866812968727366e-05,-1.887254774265563305e-05,-2.225424352608422051e-05,-2.338195281709878879e-05,-2.200649714353499663e-05,-1.884046636543359546e-05,-1.514794490459887315e-05,-1.210132255979983867e-05,-1.021480581521320035e-05,-9.122381522947969410e-06,-7.802142021236536579e-06,-5.137174165917079088e-06,-5.442893998887205232e-07,5.630936981007299680e-06,1.214674220268703741e-05,1.732203075327654735e-05,1.971887522259171044e-05,1.874835209851594939e-05,1.493169275754174067e-05,9.703410255539804527e-06,4.845902717764941966e-06,1.803492925460129507e-06,1.168012858802066859e-06,2.541937171505724004e-06,4.812307492427918648e-06,6.690318471424875017e-06,7.267357179675005497e-06,6.350696690795262810e-06,4.457905472126119466e-06,2.509008336564226637e-06,1.383947377110550521e-06,1.554191391405503351e-06,2.940210510250992842e-06,5.026468473938711085e-06,7.144629553091037526e-06,8.770817915633304332e-06,9.698886614190650542e-06,1.003198736384623403e-05,1.003251639436986291e-05,9.934766059509464019e-06,9.826291425788839210e-06,9.649189234109185507e-06,9.296576739691203944e-06,8.726414812701151796e-06,8.012577747025548220e-06,7.299580841109387338e-06,6.692752451334526447e-06,6.160032191125843564e-06,5.518087307140723896e-06,4.525443664923646978e-06,3.037794323914869068e-06,1.135777925309917140e-06,-8.582513697012859885e-07,-2.500791413754547463e-06,-3.433257700288500793e-06,-3.566437891271209552e-06,-3.137509085039545273e-06,-2.595396376269706880e-06,-2.362198364792340464e-06,-2.591678286307513095e-06,-3.058382996507955874e-06,-3.251308089823076015e-06,-2.641317853826594768e-06,-9.950585541640696600e-07,1.427909466141326972e-06,3.910477453000146040e-06,5.550230632166009960e-06,5.652165734335216113e-06,4.057165593606002000e-06,1.243126961724244804e-06,-1.860158492117274449e-06,-4.264289886880041749e-06,-5.343706907314843775e-06,-5.089930844135207464e-06,-4.082960838544267105e-06,-3.199763350943886171e-06,-3.203787774411027445e-06,-4.410596940947464035e-06,-6.579150314975746818e-06,-9.061469693487557718e-06,-1.111647951289637474e-05,-1.222148093928580607e-05,-1.223164770682509137e-05,-1.133111795114220945e-05,-9.835776258103516722e-06,-7.983714932800770400e-06,-5.844228317258915107e-06,-3.394933714384252684e-06,-7.066248827055089734e-07,1.899366581001466617e-06,3.851129549261258631e-06,4.526942882543316720e-06,3.578454305846489858e-06,1.208372218644870706e-06,-1.768408891483379936e-06,-4.158597483900811661e-06,-4.851060837917313119e-06,-3.309605207114150374e-06,1.349385821400436966e-07,4.350528410596689431e-06,7.826075384636332636e-06,9.281022427253125516e-06,8.198805958050591559e-06,5.046747098988176441e-06,1.081714317016411375e-06,-2.174955194220615897e-06,-3.564214597848968435e-06,-2.748436031936551374e-06,-3.145480159372388527e-07,2.506212490760110876e-06,4.364886714096257886e-06,4.336725827349767968e-06,2.260598873566938681e-06,-1.237307029783110100e-06,-5.008501569356267632e-06,-7.799531640136739104e-06,-8.650380693501606518e-06,-7.145032505893769530e-06,-3.470607337707986667e-06,1.679259644625794608e-06,7.284080176410480998e-06,1.219763617170602815e-05,1.534533013542205111e-05,1.591984563624722899e-05,1.357290264573880020e-05,8.568454855964496541e-06,1.829250152852136977e-06,-5.192524761076085771e-06,-1.084183227770872961e-05,-1.372184781158581261e-05,-1.314603485853035277e-05,-9.406539674386824897e-06,-3.729545889035676979e-06,2.099321757751834916e-06,6.321949106430937780e-06,7.793656984724930018e-06,6.344751690011299945e-06,2.779602922422316486e-06,-1.478961230952378982e-06,-4.949009882559070993e-06,-6.624113974932800861e-06,-6.275688932967997708e-06,-4.423267169537186902e-06,-2.016973239240071939e-06,7.686027881073519389e-09,1.103874604281503482e-06,1.267528732754815598e-06,9.328229610180128491e-07,6.870241927004450349e-07,9.538329923838184873e-07,1.792338444749885985e-06,2.891454077881671446e-06,3.743498438308074647e-06,3.901280608784407764e-06,3.194377641014626525e-06,1.809884779954490064e-06,2.116220062003314539e-07,-1.054890896821680046e-06,-1.579154836354726726e-06,-1.231137149652696411e-06,-1.820304441500051595e-07,1.195087602216262890e-06,2.490534597840677395e-06,3.413924221792070381e-06,3.878131918861948491e-06,3.986101887293082302e-06,3.938797030336756489e-06,3.913640259703295404e-06,3.969992549581795668e-06,4.021130161931950499e-06,3.880211158970486047e-06,3.355312860167798013e-06,2.349140640902283341e-06,9.195686249402675111e-07,-7.237525950697611528e-07,-2.283004639793775739e-06,-3.467094613923607753e-06,-4.077777222489595113e-06,-4.054219973713280943e-06,-3.464730261057622828e-06,-2.459315034735205553e-06,-1.212776082431348047e-06,1.126840301185596728e-07,1.372967816817320048e-06,2.426221692973124045e-06,3.121797343518104337e-06,3.318494528291504826e-06,2.936788504432229268e-06,2.022316125111088839e-06,7.793903233277485463e-07,-4.624148558931579728e-07,-1.356090023835056265e-06,-1.684544127042763104e-06,-1.479708072969142541e-06,-1.043383020425030611e-06,-8.360216020467014053e-07,-1.261940249568340830e-06,-2.439068600288282680e-06,-4.066064249674490784e-06,-5.470729393986468322e-06,-5.847744116058619213e-06,-4.602593716570513386e-06,-1.655906735778432249e-06,2.437234458105979060e-06,6.628276216232866976e-06,9.738823433516019694e-06,1.090418620584547226e-05,9.907767267171145744e-06,7.255799411561510564e-06,3.952407600537551767e-06,1.068987444306758102e-06,-7.026056469772864956e-07,-1.313015638729263333e-06,-1.316619512892048801e-06,-1.551948939670080869e-06,-2.693573289997455746e-06,-4.889514869631740876e-06,-7.659998694470381174e-06,-1.011131161241144906e-05,-1.136895085364730791e-05,-1.102712885505690707e-05,-9.398079485082016377e-06,-7.432295008087664175e-06,-6.330487771865616424e-06,-7.011360121566842052e-06,-9.670377264281152565e-06,-1.363065400715965504e-05,-1.756246817390698641e-05,-1.998813851434869197e-05,-1.986470211337364411e-05,-1.700221917077434091e-05,-1.214475757512128676e-05,-6.682937466775283498e-06,-2.119551120443274083e-06,4.915582183306786286e-07,9.083943430919293077e-07,-2.713475341343966590e-07,-1.913111685910574269e-06,-2.840707061697605599e-06,-2.313928409619893883e-06,-2.959376362083099020e-07,2.586710748276903719e-06,5.357416941456979450e-06,7.131020060494384674e-06,7.491850421129602652e-06,6.652038489754794631e-06,5.333035877113976787e-06,4.433001149005422271e-06,4.631896969895410368e-06,6.107826590944589429e-06,8.484488609602421172e-06,1.102504605711256983e-05,1.297829381262710921e-05,1.391679892877608020e-05,1.391279743782074267e-05,1.347329169790623640e-05,1.326712097847644509e-05,1.377340437707287132e-05,1.501826945997222116e-05,1.652714812962008414e-05,1.752043014473730838e-05,1.726638158157325112e-05,1.543005834633553788e-05,1.225639183482158205e-05,8.500984027573080663e-06,5.138646290783176207e-06,2.982381939076845629e-06,2.385283668989633802e-06,3.155454749494690294e-06,4.710067309616306164e-06,6.379857265454162112e-06,7.706211786876019463e-06,8.583698143872637285e-06,9.185842133817660862e-06,9.728083760539102208e-06,1.020967969375351350e-05,1.029003570926776193e-05,9.385924518079492770e-06,6.958095269023787246e-06,2.848834635073110489e-06,-2.507894688360221041e-06,-8.131635519167983560e-06,-1.280490247300517873e-05,-1.552579528235231669e-05,-1.590586865619270958e-05,-1.433148572912872289e-05,-1.181026609190049952e-05,-9.566392307166711912e-06,-8.561699802815320496e-06,-9.149881812368028974e-06,-1.100529811731925281e-05,-1.333876694043578238e-05,-1.528303348853964508e-05,-1.626162854017994459e-05,-1.617666105977130729e-05,-1.534897316841325466e-05,-1.426717757868404278e-05,-1.328969245892024747e-05,-1.245552758572746071e-05,-1.149393644503046030e-05,-1.001670362989675938e-05,-7.784350801413176849e-06,-4.903694387586188540e-06,-1.852496542407680770e-06,6.851243837324039263e-07,2.096656753730050401e-06,2.104683407679305172e-06,8.983567560117417729e-07,-9.213606651321587555e-07,-2.554071931092242063e-06,-3.278267872616186343e-06,-2.686424172031220612e-06,-7.973251914763299100e-07,1.977276419297422293e-06,4.979738361361046601e-06,7.504725569311601625e-06,8.985463624044560667e-06,9.125269940080531995e-06,7.956227731917972019e-06,5.823629396222511256e-06,3.301943832113205387e-06,1.052734942203566592e-06,-3.544274151078779817e-07,-6.191663177028331439e-07,1.694963963998545338e-07,1.525065571182145500e-06,2.696291184682969143e-06,2.919208708304896468e-06,1.711523429760241306e-06,-9.017844265714844809e-07,-4.333669095706109455e-06,-7.596566194372319486e-06,-9.640467526520382744e-06,-9.748759411785092803e-06,-7.836930015336859517e-06,-4.526246495736465249e-06,-9.478970373423010583e-07,1.659550853010517904e-06,2.409942295736955304e-06,1.108811553420076206e-06,-1.662232534627169250e-06,-4.752043717151582122e-06,-6.860065820637899529e-06,-7.010343591704469549e-06,-4.901007869444198288e-06,-1.001916767946464490e-06,3.628092305703464649e-06,7.726699621983615599e-06,1.026655810308395817e-05,1.078491703402497522e-05,9.492181514881216662e-06,7.135929951450671141e-06,4.688878320174007073e-06,2.989478659576940939e-06,2.471521262260666148e-06,3.074686438432735694e-06,4.351596432421327479e-06,5.709710880751449748e-06,6.678265207846610882e-06,7.088688852280014058e-06,7.100152797816903128e-06,7.070999773317447261e-06,7.342834885333141916e-06,8.039744593089305811e-06,8.975936035752608535e-06,9.715293375254507326e-06,9.757449554633065579e-06,8.766982999762006865e-06,6.741064746160663036e-06,4.036487565416286111e-06,1.239049764486549713e-06,-1.070407905317173325e-06,-2.550608335285685621e-06,-3.229674910194046789e-06,-3.470318613057619959e-06,-3.784635535773148371e-06,-4.582014627694518036e-06,-5.965740175467807035e-06,-7.672956428448640291e-06,-9.187288842100108365e-06,-9.973246031632383233e-06,-9.723922157609916230e-06,-8.506052273080420435e-06,-6.733570558613963708e-06,-4.981103023971352928e-06,-3.724709851457536223e-06,-3.132498549618658256e-06,-3.005009053428402311e-06,-2.894513908452219493e-06,-2.346710128820183501e-06,-1.148494924460174475e-06,5.393586283497275488e-07,2.232602702435497200e-06,3.338250436399954629e-06,3.435595097772235790e-06,2.491464792398019051e-06,9.057247122701057108e-07,-6.394362861573596512e-07,-1.462060988280600934e-06,-1.168945888585729591e-06,1.790140858379578972e-07,2.097428905959140041e-06,3.888418363624018196e-06,4.933213841519393156e-06,4.936588611369697449e-06,4.019471240888486823e-06,2.629884515630914458e-06,1.326524932762264160e-06,5.435636511192355978e-07,4.448962290508905327e-07,9.237054049797263311e-07,1.726923280732095759e-06,2.623130392720682793e-06,3.517001687732399994e-06,4.449993442325104259e-06,5.494938520264173139e-06,6.614733465155963451e-06,7.578459746538435802e-06,7.998919568754298532e-06,7.488468842857859525e-06,5.860653246556384261e-06,3.271341180388691781e-06,2.150191378454886691e-07,-2.639069118577837257e-06,-4.704359307072437510e-06,-5.709152399334443468e-06,-5.790969573201691852e-06,-5.404684061100974580e-06,-5.087349811233264337e-06,-5.194965620309423290e-06,-5.741836143763034544e-06,-6.422103245802624399e-06,-6.800068512824830982e-06,-6.568272824637378700e-06,-5.735683609796115396e-06,-4.643125234594682684e-06,-3.792830878497698261e-06,-3.577991617387088408e-06,-4.054596839741121825e-06,-4.880773002714529922e-06,-5.465054265947064994e-06,-5.256581783136435283e-06,-4.033230385329915295e-06,-2.039203501088896733e-06,1.040885022982123817e-07,1.676768181281871248e-06,2.195193740360741505e-06,1.639078443271436526e-06,4.601996466757690175e-07,-6.295385214543314722e-07,-9.842046075412556627e-07,-3.044331000056885169e-07,1.258416642989638683e-06,3.211460469949351714e-06,4.971116785245249011e-06,6.117856421076182678e-06,6.527182046949741029e-06,6.326730819162427052e-06,5.729511636675819018e-06,4.859415136138590966e-06,3.680768786857996135e-06,2.072814449663584334e-06,-5.139190136882061915e-09,-2.374684952876271621e-06,-4.633372465090856922e-06,-6.313821813323874739e-06,-7.133104500468557623e-06,-7.190160650217742928e-06,-6.980011262129037493e-06,-7.184511821597853633e-06,-8.324407261974570119e-06,-1.044735996699657572e-05,-1.302700047577226290e-05,-1.515090546321347018e-05,-1.592672373563279093e-05,-1.491324859764602504e-05,-1.235563617955234084e-05,-9.092323960702763599e-06,-6.165037986978020445e-06,-4.319263139762809600e-06,-3.647426972372643693e-06,-3.562402110669981258e-06,-3.123663205844759179e-06,-1.555898703646169310e-06,1.304599431858888996e-06,4.869838569737926620e-06,8.047304492250631760e-06,9.757160184613574501e-06,9.461435939786432594e-06,7.438090083868671792e-06,4.661568863679491309e-06,2.352004208517332264e-06,1.423203731796847801e-06,2.107402612912077120e-06,3.937694256047478663e-06,6.078885390419015433e-06,7.815228456545219901e-06,8.925749834338004345e-06,9.745541912517380120e-06,1.088744982612899830e-05,1.278787536333660209e-05,1.534039702714271830e-05,1.783670758194634684e-05,1.926856341397046237e-05,1.884536847216889075e-05,1.645682053318727345e-05,1.282735716899172719e-05,9.262080318938308986e-06,7.093244574987143449e-06,7.092581769158692375e-06,9.135607486614058742e-06,1.227854248089974824e-05,1.520219221138066478e-05,1.679734533534827444e-05,1.660510572039195862e-05,1.491175155526450618e-05,1.248235006747939221e-05,1.010122189338802459e-05,8.174380091991114865e-06,6.597271316196678565e-06,4.933701661754057394e-06,2.777535984408618188e-06,7.293982367518892437e-08,-2.798295712077360862e-06,-5.213899564002005637e-06,-6.677332042878906354e-06,-7.137611927875978421e-06,-7.070165969146414928e-06,-7.259250357430769955e-06,-8.391876117727064009e-06,-1.068417261450495625e-05,-1.375068473564642729e-05,-1.679864766139570962e-05,-1.905141741996844412e-05,-2.017483466240869097e-05,-2.047001400151092092e-05,-2.071456743982752577e-05,-2.172082084907888945e-05,-2.383574656973629034e-05,-2.664917445510103910e-05,-2.907958840587361325e-05,-2.981839936291162836e-05,-2.792993123528898132e-05,-2.331959653865266793e-05,-1.684060895866644621e-05,-9.981280260145628273e-06,-4.274581478975374168e-06,-7.006009674594084632e-07,6.506298433964432985e-07,5.182781170860857631e-07,6.321848264428984636e-08,3.202439499062187846e-07,1.765106460633769723e-06,4.177864105205278407e-06,6.831960623448769037e-06,8.886671970746325540e-06,9.781090927693715807e-06,9.451289405602130353e-06,8.296467331223366263e-06,6.945708733337860762e-06,5.961505007938373239e-06,5.624326830707239272e-06,5.881113889700834416e-06,6.449849768640704794e-06,7.001311467562857184e-06,7.319127057591279970e-06,7.370901539893081673e-06,7.280374689182621765e-06,7.238928046347557672e-06,7.411376650344415131e-06,7.875094101921597983e-06,8.600891706843822142e-06,9.461143836976390251e-06,1.024785646789626368e-05,1.069666388039142140e-05,1.052654781005779426e-05,9.504645904095492049e-06,7.528044752802708020e-06,4.691644734325296190e-06,1.301529661424215775e-06,-2.190967709590217572e-06,-5.321877433094906242e-06,-7.761677333272310494e-06,-9.407525849366207274e-06,-1.037111218765390939e-05,-1.086323446427034676e-05,-1.103237473073677388e-05,-1.084471546889139239e-05,-1.007748711007851033e-05,-8.440737103820435209e-06,-5.772657165211621186e-06,-2.208002645323922377e-06,1.775573950484971194e-06,5.472031156315350600e-06,8.180965603483408431e-06,9.457457074334694493e-06,9.262648377359176372e-06,7.946650592941126450e-06,6.076594640435288977e-06,4.196537695098728062e-06,2.634440420074101631e-06,1.440712121523196005e-06,4.705295157035858592e-07,-4.523264523630535894e-07,-1.389353621503866009e-06,-2.239278145217699451e-06,-2.806225473670275692e-06,-2.932956227286443512e-06,-2.611022564760676853e-06,-1.995686753632409965e-06,-1.312726081514119566e-06,-7.122468970268114602e-07,-1.613109637528320896e-07,5.502298847585922524e-07,1.679940843511024540e-06,3.343336375511218005e-06,5.372452735153398498e-06,7.314830897594736130e-06,8.595682310987069643e-06,8.777239437228105359e-06,7.788994857559889377e-06,6.005446565024921786e-06,4.116587456781071872e-06,2.838300604039883888e-06,2.593622452045624749e-06,3.317449868272629672e-06,4.483195393056100931e-06,5.344991711839324702e-06,5.284598041327133621e-06,4.100188934450218368e-06,2.101097814383680089e-06,-3.443404493758844882e-08,-1.568073428768317361e-06,-2.028289211908974411e-06,-1.401992399329787980e-06,-1.072378746821320867e-07,1.228168568601191864e-06,2.064246052376866820e-06,2.172824716868986405e-06,1.681989487262553778e-06,9.309418028284553662e-07,2.238853265566593201e-07,-3.772198183094261257e-07,-1.103178039281227581e-06,-2.337449958316732740e-06,-4.354840502856953363e-06,-7.078451830935248927e-06,-9.994529357600926954e-06,-1.229280846417804512e-05,-1.318925102457324255e-05,-1.229199987259633128e-05,-9.837639997167221860e-06,-6.672433629335413793e-06,-3.962930926903350846e-06,-2.743350316926175940e-06,-3.487078116392172294e-06,-5.888728780471553246e-06,-8.959551538009865302e-06,-1.140778783599513442e-05,-1.215363516040634844e-05,-1.076889145762452180e-05,-7.660241132614736351e-06,-3.920269934512421862e-06,-9.067382352228556737e-07,2.794062286709193530e-07,-7.910460246307863979e-07,-3.727608006319216785e-06,-7.486916728572961844e-06,-1.077499410881352303e-05,-1.251653293783295005e-05,-1.220670329714799693e-05,-1.002053681606280385e-05,-6.660971887772881596e-06,-3.032163112281357638e-06,1.140606528415997070e-07,2.415679641677502013e-06,3.942529870782060529e-06,5.053621182053336988e-06,6.156407067845556096e-06,7.485541241089620051e-06,8.995756598146594106e-06,1.040239444142070113e-05,1.133445069366892419e-05,1.151955143543297012e-05,1.091523301290919586e-05,9.733729290020598810e-06,8.359197799983556558e-06,7.201999979614187679e-06,6.555295068349123316e-06,6.509515492991202161e-06,6.949092606630368438e-06,7.619912467141546935e-06,8.231306368296002109e-06,8.550895489786418204e-06,8.462305079666818813e-06,7.975713776179243746e-06,7.199286825722727267e-06,6.289423387256391478e-06,5.398695497201268315e-06,4.635649407895402236e-06,4.044305992223046752e-06,3.605460637318239464e-06,3.256799130183288520e-06,2.923868080619904781e-06,2.549793876963521519e-06,2.110754437612202353e-06,1.609072526129063945e-06,1.046404210239010117e-06,3.918000099000795840e-07,-4.334800926262671014e-07,-1.536620587729646320e-06,-2.997709673287058988e-06,-4.798033195503206902e-06,-6.767998642808058617e-06,-8.589616713673866224e-06,-9.867698056844182813e-06,-1.025088266574093496e-05,-9.554438671259924494e-06,-7.828261295529862274e-06,-5.333681649299449962e-06,-2.434858003345580537e-06,5.451581125574208149e-07,3.430872748330745910e-06,6.204482688984536403e-06,8.908520524616611016e-06,1.148949796370589374e-05,1.367181217345493729e-05,1.494859907891283868e-05,1.472600919663157066e-05,1.257998289276514268e-05,8.517045724137395729e-06,3.108989280877718705e-06,-2.588021369622309970e-06,-7.329708306280351550e-06,-1.009535808382506560e-05,-1.045221661133993621e-05,-8.716803201492652348e-06,-5.835337333573789925e-06,-3.022455536075656063e-06,-1.301604667746579760e-06,-1.134344079351837162e-06,-2.288369737269472304e-06,-3.991407367146799872e-06,-5.296032057761057747e-06,-5.493403514273483683e-06,-4.399766782422669219e-06,-2.402559291630849715e-06,-2.624101236315954125e-07,1.227281409924697919e-06,1.566685683725572253e-06,7.225966664650598940e-07,-9.136661609416630397e-07,-2.746332123216385181e-06,-4.260895416141131398e-06,-5.243512999852116098e-06,-5.842386787160881830e-06,-6.456773469305661961e-06,-7.516266467793883271e-06,-9.255787105998995409e-06,-1.158485718479225908e-05,-1.410120291866011859e-05,-1.623388170107364795e-05,-1.744933181594702164e-05,-1.743507144705251988e-05,-1.619347577777797325e-05,-1.401974288590224449e-05,-1.138366473242214971e-05,-8.766159433542254124e-06,-6.509891300747458632e-06,-4.730550185105804686e-06,-3.310419219692116596e-06,-1.969120204318715991e-06,-3.853320030311715371e-07,1.668946156480824980e-06,4.222917175500404183e-06,7.065360983425437297e-06,9.786451609767632431e-06,1.189892303244140266e-05,1.300685152989756076e-05,1.296717305260654610e-05,1.198104872018392628e-05,1.056736654368848205e-05,9.408967523290209654e-06,9.112624619940831101e-06,9.966759502380272761e-06,1.179560612860639044e-05,1.398303226703044580e-05,1.567785308237808683e-05,1.611683137251421707e-05,1.494325716398192323e-05,1.238638275095943931e-05,9.211547980733359226e-06,6.439705761017672052e-06,4.933977208543569858e-06,5.017327921532174891e-06,6.287106162087626857e-06,7.722380581330750833e-06,8.063148103271263614e-06,6.323666740317653620e-06,2.236007181001896468e-06,-3.563741011700619149e-06,-9.697572634154045390e-06,-1.450743543881242002e-05,-1.664370486689804727e-05,-1.555107388475493652e-05,-1.166095410616521716e-05,-6.217585092073292181e-06,-8.135296814981902767e-07,3.174136040362303204e-06,5.022073447351787693e-06,4.810272928491127041e-06,3.248263736535163937e-06,1.280545105147671611e-06,-3.403078632856884222e-07,-1.325853729757915822e-06,-1.866436640996738149e-06,-2.410276820876624691e-06,-3.335647269833856642e-06,-4.685159752053310725e-06,-6.090187229065492471e-06,-6.914802526018603712e-06,-6.542033063490706916e-06,-4.661600976374965941e-06,-1.425228406713400846e-06,2.594802081754612282e-06,6.613397127016037220e-06,9.903622845858922009e-06,1.201028740369913015e-05,1.282653158503704038e-05,1.252743934791024640e-05,1.142096857818765480e-05,9.803062926919980889e-06,7.882069980909362969e-06,5.785478901186107047e-06,3.612160447365056484e-06,1.473995435045506687e-06,-5.098396590180734052e-07,-2.260175190160879061e-06,-3.784506791398604074e-06,-5.175043713189409344e-06,-6.540364988899801973e-06,-7.901018067213868865e-06,-9.114577199553028583e-06,-9.892617294102064296e-06,-9.927021805330583617e-06,-9.077961935976402657e-06,-7.527491994111245815e-06,-5.802206385048473878e-06,-4.622808439262907839e-06,-4.624338293508141653e-06,-6.064829512471928908e-06,-8.661321259426769628e-06,-1.164434639301175819e-05,-1.402441165907877319e-05,-1.496299500079926728e-05,-1.408692048883327159e-05,-1.160742580789553929e-05,-8.194978693582315665e-06,-4.674883423371257531e-06,-1.690922610443348951e-06,5.059653700724713550e-07,2.054149253952992743e-06,3.283028853344852212e-06,4.437345859240141755e-06,5.477200857361646522e-06,6.064019132538299848e-06,5.743722026589682124e-06,4.233785864363557116e-06,1.663397370213320398e-06,-1.365967256691556603e-06,-3.947842325693407252e-06,-5.205210958020186372e-06,-4.650123538602223698e-06,-2.410799383072801052e-06,7.762000574926192980e-07,3.812168563472167609e-06,5.626906260458219113e-06,5.565286337536320709e-06,3.628290526901158560e-06,4.870119190115052396e-07,-2.728023739773598794e-06,-4.785656177034860000e-06,-4.743508376025973717e-06,-2.249769576888940119e-06,2.328955727528026868e-06,7.989478619073431785e-06,1.336363389063012491e-05,1.710921277333463147e-05,1.831291437069791181e-05,1.678431623133634119e-05,1.313870229508674512e-05,8.621669374659964922e-06,4.710754335067401709e-06,2.614344059382179522e-06,2.841701112659135257e-06,5.010586976301245698e-06,7.982359316391877488e-06,1.029079455094035452e-05,1.070831521132339363e-05,8.726512559244885416e-06,4.752424555404789258e-06,-6.535926337740508286e-08,-4.310812040763235059e-06,-6.874039312827448747e-06,-7.378574127387080316e-06,-6.281034728775755403e-06,-4.608516583976462674e-06,-3.461696741307311354e-06,-3.514810334467431961e-06,-4.739304120410889122e-06,-6.468670375338954849e-06,-7.760136021417325241e-06,-7.871577513299429752e-06,-6.623682381945269431e-06,-4.478868196995016218e-06,-2.307770444479922191e-06,-9.628460896831660823e-07,-8.660032859560205745e-07,-1.804089052713231711e-06,-3.022824445499514112e-06,-3.568954020954863752e-06,-2.719599871216283757e-06,-3.065861417246386172e-07,3.199239094244461274e-06,6.865898727809396652e-06,9.650221851615844743e-06,1.076781313222932681e-05,9.941102406263463708e-06,7.451095241994523941e-06,4.004896763043207772e-06,4.954564118955213698e-07,-2.250777212844466477e-06,-3.665435990362378050e-06,-3.538488618303872315e-06,-2.032141879984331877e-06,3.724510918491361998e-07,2.980472554265932194e-06,5.032372694690323946e-06,5.883364823662548590e-06,5.181577812747264382e-06,2.992271276838977362e-06,-1.879930017480568148e-07,-3.557078525786884425e-06,-6.251042381052136841e-06,-7.628743715979141904e-06,-7.490134637782991164e-06,-6.136714124581620291e-06,-4.242608364438979165e-06,-2.584582922216376986e-06,-1.742121719166662759e-06,-1.893513420528502327e-06,-2.791676950631355405e-06,-3.922695870925646281e-06,-4.768201901252491576e-06,-5.048178081824478800e-06,-4.833899689749035931e-06,-4.484388815944308307e-06,-4.442996517317886838e-06,-4.994308184564878460e-06,-6.096881736276013993e-06,-7.369423324820499240e-06,-8.236665522774092748e-06,-8.170259698801498642e-06,-6.920751814897969054e-06,-4.643979354550023587e-06,-1.872196932923868931e-06,6.561971647842303732e-07,2.241677840496952264e-06,2.454068292567747235e-06,1.271242683182707056e-06,-9.139402380814827760e-07,-3.412977389607574415e-06,-5.444258229930265477e-06,-6.355813996801927322e-06,-5.805110023820212659e-06,-3.848698425369289210e-06,-9.206956787384954402e-07,2.291068991288303578e-06,5.035157222692635489e-06,6.698644506310462134e-06,6.963587676173585315e-06,5.874076669926051991e-06,3.798565468550860285e-06,1.306204734813159786e-06,-9.970937385375424581e-07,-2.618057933634475269e-06,-3.268631892401879859e-06,-2.887318064791622766e-06,-1.604452118910714794e-06,3.165254547248297201e-07,2.532861596709796196e-06,4.661543005156520048e-06,6.315498602262027674e-06,7.157796468203535873e-06,6.983054387492359000e-06,5.808329902699454595e-06,3.930054918786164329e-06,1.898157115680765530e-06,3.833204099043093370e-07,-3.838870961184288438e-08,8.901102779965664167e-07,2.970223126931390005e-06,5.574071959262348288e-06,7.846802247549100316e-06,9.019065165130279939e-06,8.706325827146500871e-06,7.065770030324229908e-06,4.735538875056278041e-06,2.574047755514277701e-06,1.307670554080187452e-06,1.239906446633338250e-06,2.150736561282231345e-06,3.429927651136776350e-06,4.380769797511020135e-06,4.551429165614522378e-06,3.938062700436339117e-06,2.964482174108889558e-06,2.249636014543735873e-06,2.276181659564220479e-06,3.122073756582306587e-06,4.388544609712193698e-06,5.365024090359503885e-06,5.358228434091545013e-06,4.032690240766748317e-06,1.601600085002669675e-06,-1.225710282906849143e-06,-3.521575607313947691e-06,-4.521375141292598169e-06,-3.939454112318960972e-06,-2.081060510917779229e-06,2.950300051338596148e-07,2.296655631419451622e-06,3.255903208629321573e-06,2.968583763147691962e-06,1.720380310099773933e-06,1.053454867549066105e-07,-1.264666054004499480e-06,-2.018954924235492131e-06,-2.140756138868940428e-06,-1.897980787578253672e-06,-1.647172753201219485e-06,-1.624596173372971546e-06,-1.836852862478851700e-06,-2.104288572330542286e-06,-2.224862294983023970e-06,-2.158357073461383487e-06,-2.116169837992274448e-06,-2.489257390379397756e-06,-3.633592241852358611e-06,-5.615292768588538258e-06,-8.053178595697540736e-06,-1.016327086831985018e-05,-1.101940109791076367e-05,-9.937390300074496439e-06,-6.818563132801844498e-06,-2.289170911292121413e-06,2.449538482893630402e-06,6.022109574357919397e-06,7.377708853040905267e-06,6.182603086903864065e-06,2.939539601546857552e-06,-1.219654297504927420e-06,-4.982443533467755506e-06,-7.355618858651338629e-06,-8.007351609289716494e-06,-7.314205072617938458e-06,-6.108706631087615897e-06,-5.255267820510716875e-06,-5.253617353070307688e-06,-6.047614582999675992e-06,-7.114866713715161045e-06,-7.778355072505890012e-06,-7.578946436601809149e-06,-6.524824326437975458e-06,-5.099495131979761597e-06,-4.030582179358936823e-06,-3.937780049355897581e-06,-5.034018597351142605e-06,-7.023469795017356959e-06,-9.240419226779333567e-06,-1.095465428846421863e-05,-1.169048526072345129e-05,-1.140548161833684925e-05,-1.044991939210322170e-05,-9.339521180551083309e-06,-8.465650110834473753e-06,-7.893343691881436541e-06,-7.347003851956692180e-06,-6.383779955962074423e-06,-4.657603143321117135e-06,-2.131899824338179673e-06,8.718772217237174705e-07,3.815919593838646043e-06,6.204891974447374411e-06,7.828546167276237731e-06,8.863428810987143873e-06,9.781195023486197648e-06,1.110900733373108694e-05,1.316111310026620102e-05,1.587328824557632858e-05,1.881853247635943756e-05,2.139175028561132133e-05,2.306965756729977712e-05,2.362008902659603932e-05,2.316607468807757941e-05,2.208590757288056327e-05,2.081076040665243520e-05,1.962590900073664342e-05,1.857038578635728359e-05,1.747250740597131944e-05,1.608764845058339407e-05,1.425706349510599397e-05,1.200484220484486626e-05,9.531053808716479170e-06,7.117538044549927226e-06,5.006207420905125694e-06,3.316394317626842235e-06,2.037620085845524906e-06,1.087286657613010172e-06,3.870242721138887340e-07,-9.370888318191429616e-08,-3.520027695043782238e-07,-4.091006297690845641e-07,-3.674609994083599907e-07,-4.227161184694664917e-07,-8.133613631473952139e-07,-1.729661603255960105e-06,-3.229685694366254248e-06,-5.208551206265582751e-06,-7.437774402488879746e-06,-9.652336847429622142e-06,-1.163708139231074016e-05,-1.326692998284162179e-05,-1.448556984410176862e-05,-1.524657224801229296e-05,-1.546531612541113870e-05,-1.502390494722688339e-05,-1.383696587352957857e-05,-1.194370018904040034e-05,-9.566954417757609326e-06,-7.090377573083696785e-06,-4.946989418826891108e-06,-3.464303345360243300e-06,-2.742564688357414897e-06,-2.633221746744128553e-06,-2.836070340525982711e-06,-3.069954046479815574e-06,-3.228184474539548204e-06,-3.432069551172859426e-06,-3.946318037698589486e-06,-4.994206804101271350e-06,-6.569133404504014218e-06,-8.349414749839757021e-06,-9.776278601531229932e-06,-1.027268642653716163e-05,-9.504773198704044901e-06,-7.558628042442128129e-06,-4.940109327726149478e-06,-2.388620258348530652e-06,-5.858957180552674211e-07,1.079151266129638272e-07,-2.274885212072320526e-07,-1.146421444850968701e-06,-2.056872526570628970e-06,-2.473417847939071072e-06,-2.184133961230894226e-06,-1.266198785363960087e-06,3.141797779140068994e-08,1.452226712704787699e-06,2.842136100343216002e-06,4.147056194193521389e-06,5.315959593629690933e-06,6.190720711529384721e-06,6.477476572069532468e-06,5.847761816951601412e-06,4.135891141547021946e-06,1.528299563104822918e-06,-1.376399520561298687e-06,-3.705890978456458485e-06,-4.621929643039817977e-06,-3.672937755384112787e-06,-1.026625655272108954e-06,2.541649668722571314e-06,5.922453339381949052e-06,8.102359743600309085e-06,8.566020808787402579e-06,7.491255603574066156e-06,5.648514611162345681e-06,4.049562452211635318e-06,3.503756221412212110e-06,4.280054647928445754e-06,6.020645730281004111e-06,7.933769648011016693e-06,9.165882016303453548e-06,9.176627896605062655e-06,7.948164001293510201e-06,5.945829600398248326e-06,3.866420209993914269e-06,2.305836305725210442e-06,1.506249469512251285e-06,1.294743346841895454e-06,1.227816826598831931e-06,8.579227470305537564e-07,-1.464432708855141370e-08,-1.226851527306302239e-06,-2.326632865918411129e-06,-2.795800813207208259e-06,-2.314356100292711525e-06,-9.421436617765853595e-07,8.661863633204958181e-07,2.421667439312036118e-06,3.069731692874633724e-06,2.455335603998734960e-06,6.758995305357704147e-07,-1.739751050838737684e-06,-4.018869977294325748e-06,-5.426965428030016560e-06,-5.537688293094646753e-06,-4.388784531561175548e-06,-2.465152271566824179e-06,-5.142017411647370567e-07,7.385554107554599406e-07,8.669932358532352852e-07,-9.167633231789258322e-08,-1.652372874618138720e-06,-3.074704456277510058e-06,-3.659463082522389343e-06,-3.030890531567911581e-06,-1.287997558054485422e-06,1.040800727081135426e-06,3.223236613389322652e-06,4.633028235441518020e-06,5.007594445727775996e-06,4.536932004269283817e-06,3.741658021371952684e-06,3.196131679896202385e-06,3.228237610763076014e-06,3.742938861751253454e-06,4.261109175622751000e-06,4.161897621058504212e-06,3.014593218603679611e-06,8.356744397632062524e-07,-1.863719580692424156e-06,-4.276111836696341309e-06,-5.656671944474846101e-06,-5.673545114109023241e-06,-4.577124060495649174e-06,-3.098695474033370948e-06,-2.119208243748019363e-06,-2.262873564641910999e-06,-3.610258561820637181e-06,-5.669557486781291378e-06,-7.618879958076677182e-06,-8.698740096647910756e-06,-8.559745849694326623e-06,-7.394046080128788958e-06,-5.789517934434172413e-06,-4.387608761524728491e-06,-3.526937934385789016e-06,-3.062830469106292912e-06,-2.462532841616108629e-06,-1.132047282374215255e-06,1.193516868151464609e-06,4.204242790503075653e-06,7.056299516387244021e-06,8.700290135412043255e-06,8.351826125266396126e-06,5.881348636247897481e-06,1.930814873438749366e-06,-2.309681838184023060e-06,-5.572365118486773841e-06,-7.019251149592819305e-06,-6.558626533454991142e-06,-4.831519089636452436e-06,-2.881650561637377042e-06,-1.665524671031629485e-06,-1.626674008595195415e-06,-2.521016003773229919e-06,-3.560007887344947105e-06,-3.793716110095503372e-06,-2.553966009964498067e-06,2.382516482167079816e-07,4.025734234452981934e-06,7.832885777335742231e-06,1.064088927386712245e-05,1.175684884075255908e-05,1.103204018014245406e-05,8.860874551789327827e-06,5.987010507630745328e-06,3.214169326084152278e-06,1.140962494870215248e-06,1.076306663951261449e-08,-2.903966246623466665e-07,-1.142618594724475544e-07,1.267722065977541135e-07,1.231705658565883212e-07,-2.343757092841239246e-07,-8.447464116098329588e-07,-1.463287756168612160e-06,-1.813773285663919750e-06,-1.703771818216442904e-06,-1.104179940987210149e-06,-1.664051886026443350e-07,8.289271676202619965e-07,1.574338347140334288e-06,1.851822667888272395e-06,1.618133488692758547e-06,1.023292762928596304e-06,3.518370707660218874e-07,-9.152599890004401571e-08,-1.051101129494954281e-07,3.299686982535263029e-07,1.047543107808109153e-06,1.771376384123023048e-06,2.232396412553053765e-06,2.275137303384886199e-06,1.907770001388559099e-06,1.278982885249535501e-06,6.002614594936837845e-07,5.572555003737572683e-08,-2.577972668569247313e-07,-3.390167551507982373e-07,-2.472513647661338017e-07,-5.436792810097882542e-08,1.846852170315849673e-07,4.285562073259134223e-07,6.239767417340409653e-07,6.848587642618441644e-07,5.002913018514421736e-07,-2.377124277986112287e-08,-9.083663561994831315e-07,-2.063233372061197213e-06,-3.291944933754825817e-06,-4.342976760388017477e-06,-4.983809367685684424e-06,-5.063214597172923027e-06,-4.536132277920444184e-06,-3.450260475742205535e-06,-1.917542936059692701e-06,-1.005628535786137067e-07,1.772627391093483133e-06,3.382001565810327240e-06,4.317776246310518039e-06,4.149521253666163198e-06,2.567232611765045229e-06,-4.498416745624531118e-07,-4.517991887668632233e-06,-8.867395897349259477e-06,-1.252578225455116328e-05,-1.462208476010938746e-05,-1.469621154867910185e-05,-1.287938632383738644e-05,-9.852788322823699432e-06,-6.585951781831497117e-06,-3.958115002546526255e-06,-2.425076535340538570e-06,-1.878764798852402194e-06,-1.760339889908309713e-06,-1.369981405276771196e-06,-2.245331913849016123e-07,1.706547603962374355e-06,3.995290731031497809e-06,5.974810821170928844e-06,7.071279642058572341e-06,7.084305827538918091e-06,6.282317548286832986e-06,5.273913881766187336e-06,4.725344274215591675e-06,5.063781091607403758e-06,6.303801190545502747e-06,8.066226946886471727e-06,9.762794250247736852e-06,1.084662129603582082e-05,1.101132980125055566e-05,1.026303034303504037e-05,8.860867261347523091e-06,7.182550364750525826e-06,5.591320565088638716e-06,4.356557786479069028e-06,3.633854272680586933e-06,3.474015169844393990e-06,3.825853230133608476e-06,4.523267761777071211e-06,5.280436068763000772e-06,5.732277251068886552e-06,5.536824855239879870e-06,4.512078846940597997e-06,2.741388212449610738e-06,5.780704078325836586e-07,-1.478092800138600863e-06,-2.991180793421882487e-06,-3.788327546901121911e-06,-4.041947564886275518e-06,-4.181594113813958900e-06,-4.671161390342031242e-06,-5.764655685331733806e-06,-7.373266805507054209e-06,-9.121290170824698323e-06,-1.056430791393108321e-05,-1.144672430912656367e-05,-1.184445793711708710e-05,-1.209636805655196742e-05,-1.254873099195536433e-05,-1.325532963261393698e-05,-1.382127494921929153e-05,-1.351691963131830892e-05,-1.164339654344439927e-05,-7.978098908232512834e-06,-3.054020931410771714e-06,1.917210609975498926e-06,5.499004509658565938e-06,6.678256896192047353e-06,5.398839067147848151e-06,2.693325889499651084e-06,3.017483347047532799e-07,-8.479372993832424696e-08,2.381080541718935719e-06,7.249680985299943019e-06,1.289814781204965775e-05,1.719938967134927100e-05,1.844088178729889253e-05,1.607146935987536335e-05,1.093016604181004040e-05,4.855193446804069591e-06,-1.348212982685926478e-07,-2.697066358403277594e-06,-2.661499860558457052e-06,-9.582063842684949000e-07,9.523325045132413329e-07,1.837165213136863245e-06,1.254686581410155752e-06,-3.373421588846765951e-07,-1.945052743952180243e-06,-2.647233451866115057e-06,-2.111200861904207941e-06,-7.463487242036997636e-07,5.668938833822873232e-07,1.003899453542743201e-06,2.778730300160431935e-07,-1.189278076630843962e-06,-2.496713038841122169e-06,-2.763864278121628566e-06,-1.623102307597222576e-06,5.628577790997796232e-07,2.875344611209713038e-06,4.310069038669656789e-06,4.290193239633589705e-06,2.949833990496323574e-06,1.042341619782475324e-06,-4.707113672588946078e-07,-9.266048485058074806e-07,-2.966808895275718532e-07,8.198279574304206957e-07,1.527872093658929063e-06,1.108688396760401503e-06,-6.194586468401495089e-07,-3.232818973973252602e-06,-5.943443929633676498e-06,-8.002838430061034357e-06,-9.043414800912594992e-06,-9.181798891236840805e-06,-8.850455032841918291e-06,-8.477841196809119225e-06,-8.216297122692512058e-06,-7.879149580711942568e-06,-7.118566099258499070e-06,-5.729468303542711642e-06,-3.886486171690742553e-06,-2.155556541282863648e-06,-1.250287332302940610e-06,-1.653326114424726229e-06,-3.309598995588733953e-06,-5.570993791922573601e-06,-7.443288964810562828e-06,-8.024686752168817713e-06,-6.918861907054132962e-06,-4.412636099256420255e-06,-1.326826368406481460e-06,1.383779998203723137e-06,3.077554191237724385e-06,3.695487802425465953e-06,3.724136868833933121e-06,3.884159016892016747e-06,4.717052077842225850e-06,6.289510481712805218e-06,8.165621548143791502e-06,9.651339493864215260e-06,1.017218453082421832e-05,9.579510045757654295e-06,8.225253485561993211e-06,6.772846542370373029e-06,5.852616916098424847e-06,5.748571560965731557e-06,6.280228356905121170e-06,6.933844421546982212e-06,7.162968185150807404e-06,6.691110071992366846e-06,5.654328571458275106e-06,4.512927283107123830e-06,3.787626686722208651e-06,3.768024211257795765e-06,4.351632896128885255e-06,5.097346013777279185e-06,5.460235684762367871e-06,5.078810908120461372e-06,3.961488321331880621e-06,2.476648271052209854e-06,1.156958541013812943e-06,4.257516074331897654e-07,3.902767664163962017e-07,8.064447116449473005e-07,1.226456260987151438e-06,1.245498180673159468e-06,7.162351166888607988e-07,-1.775611412715825786e-07,-1.019682195872309526e-06,-1.375109920568587552e-06,-1.007342618945365730e-06,5.705978213310768342e-09,1.304104865064615382e-06,2.397567073729657492e-06,2.854507707483810028e-06,2.441564314909792992e-06,1.166021714317399688e-06,-7.696936122616128280e-07,-3.051953568396402824e-06,-5.325532229292595675e-06,-7.226473259763660189e-06,-8.395960160356748321e-06,-8.514075128905385814e-06,-7.378935646397331839e-06,-5.016315537657116804e-06,-1.763991845800202962e-06,1.736741538448199589e-06,4.678554680562639424e-06,6.327587157634188060e-06,6.275768794643298018e-06,4.591959807770583810e-06,1.790273113778894883e-06,-1.386544472994411541e-06,-4.280972389738314438e-06,-6.589900672855714298e-06,-8.459692089092783220e-06,-1.035560642045615816e-05,-1.276249144277050720e-05,-1.585993720093755517e-05,-1.933497508452590094e-05,-2.243576793945388032e-05,-2.425651493326681245e-05,-2.413043930904472970e-05,-2.194956861597440050e-05,-1.825702803776234302e-05,-1.405906608843370502e-05,-1.043309483890532090e-05,-8.103694309810987903e-06,-7.175075440374222524e-06,-7.137518159324064823e-06,-7.139889082287236519e-06,-6.399300618162384892e-06,-4.558764197665387490e-06,-1.831692681708362427e-06,1.126025326723103839e-06,3.548631496635160897e-06,4.937390495857262860e-06,5.305257655731847555e-06,5.178601500661879802e-06,5.360033276413826773e-06,6.565471746802312011e-06,9.101842557212882188e-06,1.272701612810561435e-05,1.674563173352164105e-05,2.028685609250338752e-05,2.263333142414032737e-05,2.345798319153845739e-05,2.287855466423519953e-05,2.132948883972729843e-05,1.933265724700740224e-05,1.728477993369302714e-05,1.535678974451222808e-05,1.353454973814961437e-05,1.175654151205044656e-05,1.005897385224580068e-05,8.642212349070598328e-06,7.819289122064032268e-06,7.871335306603166536e-06,8.883196908428709775e-06,1.064228997474243369e-05,1.265253770574814891e-05,1.426092588541185865e-05,1.484468975183077767e-05,1.398564639753946347e-05,1.157209194924198635e-05,7.807119871001218827e-06,3.143153742085809466e-06,-1.814931819642290573e-06,-6.400316860313080436e-06,-9.955286455387403959e-06,-1.189653249656840789e-05,-1.179891635887813267e-05,-9.507947826011765827e-06,-5.259680326182914869e-06,2.439274807288908087e-07,5.865484983450908937e-06,1.020664531663391214e-05,1.191390579783290967e-05,1.004419806237729078e-05,4.378079896876394053e-06,-4.433239255400856604e-06,-1.495762550075173360e-05,-2.530399235958755819e-05,-3.359181631107184996e-05,-3.842849204715243145e-05,-3.924678416434762888e-05,-3.639816389060203036e-05,-3.097835345177661609e-05,-2.445046163829032638e-05,-1.819676129910496718e-05,-1.314882767096496450e-05,-9.610941593239558879e-06,-7.316644774507026685e-06,-5.671546885691920426e-06,-4.070046019483911787e-06,-2.154636374667485790e-06,7.918303886924726700e-08,2.356529856460024546e-06,4.319279600788317464e-06,5.736337270120477225e-06,6.618722317761692053e-06,7.181735794725927804e-06,7.677172679887268335e-06,8.189884283900160532e-06,8.518816542298635595e-06,8.226818500557201496e-06,6.859484092645662330e-06,4.239934884207738819e-06,6.909002878181795192e-07,-2.949786011343035937e-06,-5.568855627405806951e-06,-6.200355327518275966e-06,-4.459576555886052597e-06,-7.884902591683459734e-07,3.622294259600369393e-06,7.235670269293998005e-06,8.748943707414114028e-06,7.618145408552145553e-06,4.301261864210684572e-06,1.075303953476291781e-07,-3.294805683221068993e-06,-4.514296134298970313e-06,-2.957228261599348400e-06,9.730386457092290956e-07,6.065736603391713044e-06,1.078552087223474228e-05,1.383844922736115483e-05,1.459357616243994304e-05,1.321301459152921650e-05,1.047817024609735772e-05,7.424270406202888761e-06,4.955155997804793055e-06,3.587128354487626358e-06,3.387178845666914110e-06,4.075680789943002926e-06,5.203753401326891927e-06,6.313000549695544211e-06,7.028712104734726550e-06,7.092537699901021053e-06,6.372079535265869594e-06,4.877710669137271389e-06,2.783295245486922506e-06,4.169344281395325155e-07,-1.812814367059115016e-06,-3.554831423896504326e-06,-4.666664870654955075e-06,-5.297114126169277273e-06,-5.833274442605314257e-06,-6.707463331180559277e-06,-8.139634252284257601e-06,-9.943581395296587240e-06,-1.151456308350937498e-05,-1.203797124099636533e-05,-1.084737696616912557e-05,-7.772451579838052197e-06,-3.302911165738796872e-06,1.531174509765220169e-06,5.530616677856498829e-06,7.792298176167771891e-06,8.056328975378529732e-06,6.771545976357255843e-06,4.847094803826970582e-06,3.208962521595244353e-06,2.375723185656733556e-06,2.258196080356107903e-06,2.276267471254015835e-06,1.727643171603407629e-06,2.171664651243382360e-07,-2.074786108008788419e-06,-4.425058391490995076e-06,-5.890104520904013734e-06,-5.760676863661277981e-06,-3.924609775738841502e-06,-9.583768189754886513e-07,2.098859277402204185e-06,4.181038939094128421e-06,4.634680910063862326e-06,3.459833519738354000e-06,1.251619779371143235e-06,-1.112820238465800674e-06,-2.879999427779165379e-06,-3.723385187344353994e-06,-3.812166379291664588e-06,-3.635798622673316935e-06,-3.693293666704606015e-06,-4.213223067215557694e-06,-5.041964876800489577e-06,-5.743745574610327999e-06,-5.847405825150325025e-06,-5.106066470511981271e-06,-3.637886837867961372e-06,-1.882656096604552585e-06,-4.026496447767321786e-07,3.705874153395349353e-07,3.227056227737361257e-07,-3.051750914959204965e-07,-1.033917650268090621e-06,-1.356661234551705013e-06,-9.443614950920628370e-07,2.382837165567184863e-07,1.942971504685356635e-06,3.752922664242452746e-06,5.242131939917341013e-06,6.110380950660582054e-06,6.248131336218078487e-06,5.722642950476770504e-06,4.709865073970670365e-06,3.412591496794288432e-06,2.000992824056909391e-06,5.930817231912871090e-07,-7.294692465685310531e-07,-1.890714394456130497e-06,-2.799962247731817658e-06,-3.358853525819629326e-06,-3.497807047555330510e-06,-3.226335017398338208e-06,-2.669829205873785424e-06,-2.064945023849318530e-06,-1.699228859839482648e-06,-1.805141456930883615e-06,-2.445020099452842502e-06,-3.439045643316799320e-06,-4.382027279395523829e-06,-4.764148749143993446e-06,-4.165171381779258242e-06,-2.450540222977617141e-06,1.170221910456244953e-07,2.913072812373022465e-06,5.139493172538923751e-06,6.102604081319431906e-06,5.472431489557870817e-06,3.413932728977759110e-06,5.313531348728875061e-07,-2.352762048281264196e-06,-4.489312291423359940e-06,-5.440689174846173385e-06,-5.169765900498334477e-06,-3.958767768870483135e-06,-2.219030207423472264e-06,-3.002416037390091268e-07,1.603728997453610538e-06,3.418982529601291586e-06,5.072422349379456777e-06,6.386920855872316614e-06,7.079809645071327488e-06,6.888166816566952479e-06,5.758127172424293915e-06,3.979246286842561812e-06,2.156040897135401816e-06,9.884247395483907206e-07,9.423573404605622155e-07,1.971791848082046559e-06,3.453581237301057400e-06,4.407989792781319503e-06,3.936731234083679600e-06,1.687796145159032611e-06,-1.881439200630991689e-06,-5.596161539488202073e-06,-8.004776204931833303e-06,-7.991744350877843999e-06,-5.289824474194640759e-06,-6.489003520226790426e-07,4.433154340172821120e-06,8.312308531252361339e-06,9.870803231449262860e-06,8.960591539323908080e-06,6.420282300046891665e-06,3.662951669846594005e-06,2.028128115510937614e-06,2.195852289903416599e-06,3.925488863671266714e-06,6.225437970351629661e-06,7.857890279137314809e-06,7.931188751633877886e-06,6.300956816748399720e-06,3.600985225158690772e-06,9.047780346090843935e-07,-8.084433654059143173e-07,-1.124164516066017536e-06,-3.789957461813837076e-07,5.175848506929311023e-07,5.347742377017004975e-07,-9.699477593674265312e-07,-3.919447040056235017e-06,-7.513391352631091111e-06,-1.055145448742478223e-05,-1.193753912620316286e-05,-1.114396426700792105e-05,-8.437820364639446021e-06,-4.778478949835101479e-06,-1.435920733102950735e-06,5.065108220628550505e-07,5.597143738661086138e-07,-1.014550023134833106e-06,-3.352069598183503014e-06,-5.368818667861546232e-06,-6.214910096478070247e-06,-5.612689584352247096e-06,-3.943046617682386892e-06,-2.049118761383221608e-06,-8.434653828802069383e-07,-8.869071330595261617e-07,-2.121041169095985189e-06,-3.874685024828475545e-06,-5.150127382398523549e-06,-5.073746290984105969e-06,-3.318484686441151493e-06,-3.084735593108140830e-07,2.897726747020764536e-06,5.012083709608885326e-06,5.047500280243054110e-06,2.747065538571663444e-06,-1.279874571542519093e-06,-5.784053088996321975e-06,-9.374868316307731798e-06,-1.107673598966294746e-05,-1.069850539619125816e-05,-8.852745900536292155e-06,-6.620447049372725052e-06,-5.020068136215948556e-06,-4.530659589055037168e-06,-4.892302107127745129e-06,-5.274189959978940479e-06,-4.723990395821961613e-06,-2.676744327681224235e-06,7.263528465243416539e-07,4.665319780143832340e-06,8.001378202705906751e-06,9.793913380575452362e-06,9.723912855440606129e-06,8.222198792202432919e-06,6.247834587763492549e-06,4.833093691536661894e-06,4.620796559066758680e-06,5.614296940974766460e-06,7.245586107140341744e-06,8.704005194332575636e-06,9.341422018604538506e-06,8.943401215822540632e-06,7.740341576770434353e-06,6.179953168415675136e-06,4.612499887207515876e-06,3.082952348229580130e-06,1.357129643802942505e-06,-8.308595234296662307e-07,-3.458065865441959058e-06,-6.022640421679307435e-06,-7.629361009348511362e-06,-7.350577695568864426e-06,-4.705475671896908403e-06,-1.624673734925979046e-08,5.562681704341861471e-06,1.039943973601070147e-05,1.299435252494036898e-05,1.258197247802506401e-05,9.451457571062211592e-06,4.831139614989595498e-06,3.796535613492960472e-07,-2.493907245859757375e-06,-3.180521696881883918e-06,-2.053468258263164836e-06,-2.140496686503416541e-07,1.068237299174010092e-06,9.557192378655400043e-07,-5.916511402888533626e-07,-2.842218466704808429e-06,-4.682854909731341271e-06,-5.180275415350293493e-06,-4.048411316249706195e-06,-1.807701842973334221e-06,4.324976928599895144e-07,1.466616637524279688e-06,5.397291733601468095e-07,-2.290656456506595114e-06,-6.131999111029473956e-06,-9.580950844483296914e-06,-1.125909908834134791e-05,-1.034397278730984809e-05,-6.888523977292992334e-06,-1.811994633383112670e-06,3.425614913869525975e-06,7.336287832197387767e-06,8.912466996648725522e-06,7.950565144432865530e-06,5.083376889882245615e-06,1.523072810407982440e-06,-1.381865920789732963e-06,-2.611502844785419399e-06,-1.795919449483466041e-06,7.142217181718649809e-07,4.040617271702388923e-06,7.148374340941490375e-06,9.244755107703519180e-06,1.004818865121116638e-05,9.825137230232868749e-06,9.189162078758805061e-06,8.756656299630637553e-06,8.815233471110392826e-06,9.155871784186743668e-06,9.148319426288712973e-06,8.030366463548371052e-06,5.283137087690819570e-06,9.217848338279236142e-07,-4.434666050946366575e-06,-9.752773871349818479e-06,-1.395454899129617303e-05,-1.630651909526561173e-05,-1.665861213672473751e-05,-1.543403938571469590e-05,-1.338742134945266730e-05,-1.125442442712162289e-05,-9.461189353149389468e-06,-8.024604515114154389e-06,-6.674326762291887637e-06,-5.114901909996713812e-06,-3.277956434787408962e-06,-1.424364450256415799e-06,-3.887690100746718060e-08,4.278207907413332765e-07,-1.695084717045591992e-07,-1.536832208854109266e-06,-3.028051643803380566e-06,-3.923435921365978967e-06,-3.768134861823809962e-06,-2.602475211387072921e-06,-9.631399855206474679e-07,3.559890248706623143e-07,6.764497166637240336e-07,-2.335403821775523413e-07,-2.027788668223923602e-06,-3.916454205287992374e-06,-5.006943558768120932e-06,-4.695927188797142872e-06,-2.934571554193662832e-06,-2.498521153082012227e-07,2.481826010196274277e-06,4.401126125582188505e-06,5.007063124010902532e-06,4.327661916211014969e-06,2.858741727936944759e-06,1.315455050378567127e-06,3.190931285090080368e-07,1.585206424486154285e-07,7.192319567888809760e-07,1.590458074150045551e-06,2.282874949339560963e-06,2.450537456347686704e-06,2.023141980953990741e-06,1.206096400614845809e-06,3.677667809144646939e-07,-1.231506219464186221e-07,-3.774519604113966343e-08,6.455127173189169809e-07,1.757583954229792987e-06,3.017692642523656646e-06,4.134561854375293288e-06,4.892443460784612176e-06,5.198756578689608407e-06,5.087255352805420986e-06,4.683652702052676446e-06,4.147980343968545207e-06,3.611534115301857812e-06,3.127661382641291212e-06,2.653950669197354875e-06,2.075937991712350643e-06,1.268231370470380545e-06,1.716141444726966990e-07,-1.147583076735045713e-06,-2.488025481778586482e-06,-3.567347555892889990e-06,-4.123250996216803681e-06,-4.018561585857760446e-06,-3.298725192323766672e-06,-2.168345226655323138e-06,-8.922472340588776150e-07,3.322315195765354725e-07,1.464058611351956575e-06,2.614497892014217549e-06,3.941863935479653207e-06,5.492967619507240734e-06,7.076741159985314736e-06,8.251351876709916758e-06,8.457166166682983399e-06,7.254895796746245539e-06,4.566867048813116222e-06,8.028179500674422058e-07,-3.207023839115430404e-06,-6.465184143507249202e-06,-8.152418342392841083e-06,-7.922437910236086118e-06,-6.018749387094797570e-06,-3.162202988279686699e-06,-2.590383762707087726e-07,1.941913584976048910e-06,3.095317609124059901e-06,3.310924387033329459e-06,3.006512189014452493e-06,2.649518239215646107e-06,2.519875935389382588e-06,2.605158312163178813e-06,2.664553672010290127e-06,2.410184372225824361e-06,1.698045798221921354e-06,6.237946962051281830e-07,-5.234045861797559037e-07,-1.415605402727393942e-06,-1.857333869794152814e-06,-1.875320153481576148e-06,-1.677497962005479507e-06,-1.508081944776002405e-06,-1.486245521466830472e-06,-1.527109164091092205e-06,-1.398163069295381548e-06,-8.859492525439158563e-07,2.030930146658778805e-08,1.040609260656420426e-06,1.680713723760059365e-06,1.456489967553545005e-06,1.645683617541833736e-07,-1.939824132390920868e-06,-4.164521063416430582e-06,-5.617750850677502725e-06,-5.571485071210250191e-06,-3.792300194296662867e-06,-6.853801862159537498e-07,2.824565682533130848e-06,5.634693005771151879e-06,6.885805817134486414e-06,6.285171202978021422e-06,4.195006267240735697e-06,1.455948270026242439e-06,-9.689384347739454686e-07,-2.369871394515678482e-06,-2.526500490695899137e-06,-1.717096390010730714e-06,-5.202037236394211138e-07,4.811491637115528580e-07,9.490693778097897863e-07,8.861154681761783740e-07,5.512357509016569307e-07,2.591654364680296150e-07,1.765371698325996039e-07,2.193023536224916571e-07,9.675728987864854492e-08,-5.298805007978364180e-07,-1.862362987238660894e-06,-3.849877611577176267e-06,-6.198268988888237040e-06,-8.492687949588508572e-06,-1.036535623541813068e-05,-1.162129951687009464e-05,-1.226220041260986828e-05,-1.240603810301608107e-05,-1.215693637253099123e-05,-1.150577251654518837e-05,-1.032406530546899092e-05,-8.460952146179730882e-06,-5.893221454968000124e-06,-2.842962994865817540e-06,2.139409337882245796e-07,2.674928251331012951e-06,4.031527620833571997e-06,4.088975301422603609e-06,3.079802233556813291e-06,1.606735820052239623e-06,4.242688785470493267e-07,1.427406652691209722e-07,9.789193858761479837e-07,2.662808643238872033e-06,4.546147403558830500e-06,5.871317872390732532e-06,6.088580633865198392e-06,5.086840768431999317e-06,3.239562107814869993e-06,1.247597048351105123e-06,-1.507108902106841759e-07,-4.743057089338757530e-07,3.291797137023473896e-07,1.906525110208691881e-06,3.698578411836376190e-06,5.217915400102930183e-06,6.270861199581125515e-06,7.017317225478097416e-06,7.839380922709760988e-06,9.082444667585283667e-06,1.079716286399210026e-05,1.261612188801238785e-05,1.384066291577611908e-05,1.371611550772364765e-05,1.178165487946529522e-05,8.137255337962291348e-06,3.497159207127434510e-06,-1.012484178513319793e-06,-4.242503881378069379e-06,-5.441560603881082024e-06,-4.534822465670916844e-06,-2.142858169101644418e-06,6.679482176691850257e-07,2.798664407755388793e-06,3.522255977009708275e-06,2.714768648846187630e-06,8.283753884068980668e-07,-1.364144697980121546e-06,-3.126764407691852303e-06,-4.056254362316802038e-06,-4.192768162745972843e-06,-3.914549492930716335e-06,-3.688948960527136655e-06,-3.814521569003033504e-06,-4.283073738810149683e-06,-4.821585822189007094e-06,-5.078202611883786745e-06,-4.842800526335757967e-06,-4.178020819367801068e-06,-3.387759262955677435e-06,-2.839862589936149536e-06,-2.741080534940928465e-06,-2.991976886111373095e-06,-3.210611509250593370e-06,-2.925025039359656368e-06,-1.841302540677783859e-06,-4.561996857246323760e-08,1.977013704947521160e-06,3.536562988111980447e-06,4.064250116197060612e-06,3.416067706954757492e-06,1.997650958951382885e-06,6.327664137822458644e-07,2.190039069553026805e-07,1.320121788487387753e-06,3.881927847962615627e-06,7.207086994977321053e-06,1.020686596432394886e-05,1.182049616214998751e-05,1.141702778503785180e-05,9.006693070258369770e-06,5.181991890427987659e-06,8.361481315619481562e-07,-3.194830728124054297e-06,-6.397968198212708215e-06,-8.650373459196219182e-06,-1.009175849609913069e-05,-1.090691744853812713e-05,-1.115988303881440710e-05,-1.077786044884792854e-05,-9.684836309131856247e-06,-7.988051186608859536e-06,-6.080867808830194559e-06,-4.567465646445289453e-06,-4.017425726320185445e-06,-4.665598155943109393e-06,-6.223102839456581676e-06,-7.925630905173276431e-06,-8.830181775317237796e-06,-8.238327124494692754e-06,-6.044080776428751995e-06,-2.824593718667867165e-06,3.912273021309648960e-07,2.582335393352938503e-06,3.208939080536647238e-06,2.467083878379781011e-06,1.190549738899170663e-06,4.366543715676424742e-07,9.511264262676721785e-07,2.773436890346519676e-06,5.181819003432570083e-06,7.014603358044079003e-06,7.220567161930337521e-06,5.376868256831368950e-06,1.926043531931861925e-06,-1.982320085937879318e-06,-4.970506508935231513e-06,-6.006638690332299248e-06,-4.809047670086093651e-06,-1.905768391783225146e-06,1.655759766344293955e-06,4.789012848581025037e-06,6.801011433435992475e-06,7.582946059908620886e-06,7.501010061501533947e-06,7.084785302170529503e-06,6.703476726083870580e-06,6.406236075630983919e-06,5.995204898816052277e-06,5.261471860084664683e-06,4.221974130270408862e-06,3.199130378262782947e-06,2.680602705330082996e-06,3.029340781427608034e-06,4.209036923321199192e-06,5.693252252095581943e-06,6.634074240193980161e-06,6.227030338017452681e-06,4.098085828427301478e-06,5.166281150363297519e-07,-3.680876153682978320e-06,-7.429163483560222240e-06,-9.876122288273648966e-06,-1.071871215527374889e-05,-1.027722039849677225e-05,-9.282953986025680820e-06,-8.494053921769771417e-06,-8.331826020547697801e-06,-8.708955678654953315e-06,-9.116336992578389465e-06,-8.904348117376066087e-06,-7.605199248698476357e-06,-5.138015044179755342e-06,-1.813675113291061199e-06,1.833645557138432594e-06,5.277616067040793139e-06,8.167692398515104783e-06,1.036287251154162531e-05,1.184802190054587306e-05,1.261695027212893927e-05,1.261544729379772619e-05,1.178642629624971465e-05,1.018254185956185541e-05,8.058311696071322362e-06,5.858280010187201483e-06,4.079044089409025843e-06,3.064747151310941248e-06,2.847547992833959708e-06,3.132057374284778624e-06,3.448397378755109444e-06,3.402318633166556912e-06,2.888188517540985435e-06,2.140967203317435819e-06,1.585950470624930368e-06,1.557788595011373496e-06,2.041011279532560919e-06,2.585285068533137453e-06,2.464116185579452271e-06,1.017110245106125362e-06,-1.988907417805135562e-06,-6.167442974245140497e-06,-1.060061801762430163e-05,-1.418234352696814030e-05,-1.606063134173125974e-05,-1.596958741476582519e-05,-1.429373270754491260e-05,-1.183977235414729564e-05,-9.436005474606085221e-06,-7.562465401286949538e-06,-6.193161175460796654e-06,-4.917684290705801980e-06,-3.263276773363613115e-06,-1.036660689442871154e-06,1.500280269998545285e-06,3.714690004511583694e-06,4.901236487020343701e-06,4.637015652855497616e-06,3.007861272085457310e-06,5.912339383609883150e-07,-1.791211496449442124e-06,-3.421474203812014380e-06,-3.958742641808235333e-06,-3.511742911640236308e-06,-2.494262447152132442e-06,-1.360853393377995215e-06,-3.735675039172843486e-07,4.802770081369456490e-07,1.393514132990545206e-06,2.544221679605053108e-06,3.929604442583889724e-06,5.332884884695798623e-06,6.441807826069708382e-06,7.042266268337998687e-06,7.162045047160152575e-06,7.066668619411483757e-06,7.097008513420184934e-06,7.436293302420050321e-06,7.944952017628222380e-06,8.173397579373428205e-06,7.567898382197430944e-06,5.774095417564276528e-06,2.878425220547160254e-06,-5.517657502556420728e-07,-3.670282822790298237e-06,-5.711072529088275261e-06,-6.331953504794490226e-06,-5.771059777904055835e-06,-4.733788183882375727e-06,-4.062435473527878228e-06,-4.350171706641114940e-06,-5.688208621055587231e-06,-7.665350037996809801e-06,-9.608669712497357670e-06,-1.093094478648008246e-05,-1.139900085145729557e-05,-1.118399077185162860e-05,-1.067481545854337906e-05,-1.016576946704096890e-05,-9.600179733369676590e-06,-8.525276016446083719e-06,-6.302563537539264151e-06,-2.479625990208313766e-06,2.864538437691186344e-06,8.988157605468402475e-06,1.466020288451962139e-05,1.858357631805219852e-05,1.988898674919076598e-05,1.848006577356110653e-05,1.507319260747877682e-05,1.091173231213254580e-05,7.279262627314524484e-06,5.022468830649839010e-06,4.283710530554789678e-06,4.543962154091959579e-06,4.937359821876804661e-06,4.683260567948774642e-06,3.440349131905638247e-06,1.433613643217886908e-06,-6.869858151894718988e-07,-2.178563845396265113e-06,-2.572474795340507333e-06,-1.913614772537455104e-06,-7.698298495440936123e-07,-8.660061978706189956e-09,-4.337831479833733733e-07,-2.427881526292143976e-06,-5.744578749709240924e-06,-9.534874968167465835e-06,-1.260655687866033946e-05,-1.382984805061192005e-05,-1.254791613142505715e-05,-8.844648633629726336e-06,-3.566859136984519200e-06,1.919586839649768311e-06,6.166364976958410957e-06,8.125084928392798715e-06,7.503308026329535533e-06,4.858764728164965514e-06,1.387107708898870340e-06,-1.526753491944832742e-06,-2.828358793664860107e-06,-2.183472932590050773e-06,-8.076846291947700911e-08,2.398711937592603310e-06,4.055431949814716014e-06,4.094246629191664252e-06,2.475864833046888884e-06,-5.608132926263734870e-08,-2.289692892959789040e-06,-3.071582179973557431e-06,-1.822086505560695743e-06,1.183351501237767347e-06,4.890873529109633225e-06,7.874460603002256576e-06,8.902469247925483270e-06,7.427894296258210499e-06,3.800757049716038922e-06,-8.785796025372011680e-07,-5.194583573849339222e-06,-7.952853531456341340e-06,-8.597231933094440085e-06,-7.348554219430249843e-06,-5.030051904830278150e-06,-2.675177347332998630e-06,-1.095220811610068188e-06,-5.858240516014763670e-07,-8.790009067493244944e-07,-1.337079749779187933e-06,-1.286082098605725463e-06,-3.379807450730731772e-07,1.431387635800532855e-06,3.512767850237098191e-06,5.177899557862058456e-06,5.782288592334379609e-06,5.032131182450940325e-06,3.111713057000308354e-06,6.252303738244180385e-07,-1.621925764046269339e-06,-2.918565905230354616e-06,-2.908907244163225606e-06,-1.721610303702566564e-06,8.333356289684434394e-08,1.732823940765836766e-06,2.543839923114370391e-06,2.195438978493999272e-06,8.600545239983249144e-07,-8.649782460997397678e-07,-2.206572516925275511e-06,-2.550230495221941620e-06,-1.721923983396803224e-06,-9.343183119205101757e-08,1.544386480769935655e-06,2.297962949568038527e-06,1.548912619535918423e-06,-7.683645519322683616e-07,-4.113922954915808373e-06,-7.543583110379248845e-06,-1.008121618549147550e-05,-1.110100119825650656e-05,-1.055277828284479741e-05,-8.934517665210237589e-06,-7.031694224883536850e-06,-5.549672097647929694e-06,-4.811302678330041064e-06,-4.655755481115954721e-06,-4.574213421655119479e-06,-4.003190776574519212e-06,-2.623570515199071849e-06,-5.181449172037278899e-07,1.881748411243089435e-06,4.020259757039529221e-06,5.486907250545531331e-06,6.190858506328343352e-06,6.356161675690792865e-06,6.354311106627162394e-06,6.477732447607077307e-06,6.785421622256156477e-06,7.105977479094134545e-06,7.189951620398588325e-06,6.915241447560798051e-06,6.416067925627023633e-06,6.047660478671078500e-06,6.193286939410768428e-06,7.015557678931524706e-06,8.295729071010546555e-06,9.466739312846156074e-06,9.845115733107464112e-06,8.956408095390053331e-06,6.788970215162142205e-06,3.837230823550424857e-06,8.982158785251709442e-07,-1.287536638898662868e-06,-2.374330245471380395e-06,-2.556503313833927709e-06,-2.442248911564648007e-06,-2.715824429413070335e-06,-3.758711954861981874e-06,-5.425400175363882888e-06,-7.093845994090917483e-06,-7.971509704551633894e-06,-7.505978553417656939e-06,-5.692680946127463062e-06,-3.120974344641145028e-06,-7.299124093608167717e-07,6.096306175585589910e-07,4.829399581130199918e-07,-8.984975227709361058e-07,-2.823620817948537962e-06,-4.436837361458160041e-06,-5.143047661005184396e-06,-4.865360425673562239e-06,-4.037756305189739519e-06,-3.350024666062691041e-06,-3.383188924928411760e-06,-4.320225796534535100e-06,-5.869016373772805802e-06,-7.420827984692330887e-06,-8.349120074679763426e-06,-8.290547620525105392e-06,-7.271540139235045486e-06,-5.633526333010039094e-06,-3.817055828436998395e-06,-2.132769963169472371e-06,-6.423636091247713463e-07,7.975044230565020124e-07,2.369431943953450848e-06,4.114481249172101225e-06,5.846434262800096764e-06,7.212906695639544863e-06,7.869853609964226295e-06,7.671453093168305597e-06,6.768309670571738547e-06,5.556849899836643826e-06,4.503148584546766734e-06,3.931210681568375880e-06,3.883655802295958554e-06,4.123788522035189019e-06,4.274565949947649188e-06,4.021524115083170032e-06,3.278241889259488148e-06,2.236632576866847494e-06,1.284763050967649563e-06,8.388208977192706411e-07,1.171127618386869296e-06,2.308342316439986784e-06,4.032424766889079640e-06,5.966941579913673844e-06,7.699067112693942574e-06,8.885831926030836756e-06,9.315895648698610244e-06,8.926963063658674617e-06,7.795748317290124453e-06,6.115359099465352174e-06,4.161648338587120787e-06,2.240569419949720355e-06,6.140116939259547432e-07,-5.794639347875089299e-07,-1.374014971125486117e-06,-1.960090111072302630e-06,-2.590892524933359612e-06,-3.441931447884758807e-06,-4.489387306598445787e-06,-5.478327714140119658e-06,-6.016633446013274393e-06,-5.767410435242853547e-06,-4.653168195588723169e-06,-2.963641166657000604e-06,-1.293640608942457473e-06,-3.165398715287770556e-07,-4.855493645757797243e-07,-1.803237066328778317e-06,-3.780183552802455171e-06,-5.620121989650049318e-06,-6.559463358076774967e-06,-6.208226092178648894e-06,-4.730271238105588913e-06,-2.771963248250678107e-06,-1.167622158942980779e-06,-5.591418305149179829e-07,-1.110816436494214640e-06,-2.455279804945459476e-06,-3.893599987985821344e-06,-4.747775405124241233e-06,-4.689707925231417893e-06,-3.884635917129219741e-06,-2.882000047010248633e-06,-2.314655825824355120e-06,-2.563408346922724961e-06,-3.559534564545756447e-06,-4.825791850062238608e-06,-5.733547060309880507e-06,-5.842742897166554683e-06,-5.148597996108504142e-06,-4.105500152685962470e-06,-3.410570767858129876e-06,-3.650351041417861243e-06,-4.983717661947648431e-06,-7.018543960912609416e-06,-8.947405482213385667e-06,-9.884611241153438109e-06,-9.252514338777296783e-06,-7.043234151173791330e-06,-3.840349621194963058e-06,-5.935762130154666356e-07,1.753780248172948429e-06,2.627204850246791557e-06,2.029003056274550952e-06,5.198852807063544955e-07,-1.003547187681344167e-06,-1.638087797711160103e-06,-7.847809298521240903e-07,1.661212171718100210e-06,5.289206364388801581e-06,9.307227441890900284e-06,1.277598078776002744e-05,1.486979875109149622e-05,1.509723488907007068e-05,1.343159768865897930e-05,1.032336075118877966e-05,6.589578345621554564e-06,3.201318455082760501e-06,1.017945841801128613e-06,5.400739446629020181e-07,1.759465427664800055e-06,4.163989060527375402e-06,6.908548487357253328e-06,9.102300976722294871e-06,1.011271908901697864e-05,9.772428402766944426e-06,8.406913569872656879e-06,6.671032552114067049e-06,5.261760415485267973e-06,4.628433397469867323e-06,4.804045482707646585e-06,5.428472699974245391e-06,5.948975978665134341e-06,5.903236211206302324e-06,5.152392053910962625e-06,3.954141515143324651e-06,2.839310910837271366e-06,2.346216155473548940e-06,2.734162690989907907e-06,3.809905881032342459e-06,4.953024097000284931e-06,5.339393551901352402e-06,4.274906803174782435e-06,1.502370912637878859e-06,-2.646115245311441405e-06,-7.316276108321622528e-06,-1.139500221905147235e-05,-1.387036427337170824e-05,-1.415494314906063774e-05,-1.225896806359990404e-05,-8.761694561553165424e-06,-4.605825357529012299e-06,-7.996575517293702360e-07,1.866135372131896159e-06,2.999420431845477930e-06,2.645231735839089602e-06,1.195873462439845508e-06,-7.750886604933162738e-07,-2.690443339081881284e-06,-4.107061713584692819e-06,-4.788981159286227006e-06,-4.717212686719502801e-06,-4.052995554829504191e-06,-3.073794892121294491e-06,-2.096414077659784544e-06,-1.397122172664617729e-06,-1.139709518860468880e-06,-1.327693845921912589e-06,-1.799975450612982723e-06,-2.282789993736828451e-06,-2.492404085397272375e-06,-2.258330457786550867e-06,-1.618224261676095603e-06,-8.359413541198292163e-07,-3.191759397589409012e-07,-4.559723155960601616e-07,-1.432103322076466534e-06,-3.111828562484856122e-06,-5.048154878561444159e-06,-6.637126928017991623e-06,-7.363939765647217938e-06,-7.037696555316906231e-06,-5.903871445294623463e-06,-4.568437804354733672e-06,-3.749534372881214554e-06,-3.955593479672373522e-06,-5.232731822166252580e-06,-7.103877400750334019e-06,-8.741797094401154526e-06,-9.311879398151498368e-06,-8.337534320427145363e-06,-5.922788504642791365e-06,-2.725548761446214577e-06,3.133060501317695366e-07,2.366625936096189894e-06,3.064558574359801096e-06,2.628774970421967862e-06,1.738132307492861914e-06,1.192431587257828283e-06,1.535309997415638105e-06,2.814327654524625568e-06,4.587554760600539719e-06,6.165132667494316229e-06,6.960798303450872891e-06,6.777917128357742060e-06,5.891309041680437560e-06,4.890638496797636647e-06,4.370320769099717547e-06,4.625057128173835197e-06,5.503073434070736429e-06,6.486244472571385776e-06,6.951048753934846711e-06,6.475583294159005930e-06,5.039597924147829784e-06,3.023590368648122873e-06,1.016765170174974793e-06,-4.622169551227099124e-07,-1.190594911245848080e-06,-1.307735040186608813e-06,-1.203653631358608389e-06,-1.301232296419401141e-06,-1.850117974339895749e-06,-2.832182418637008299e-06,-4.009787074003707928e-06,-5.069387769106752522e-06,-5.767752218612184765e-06,-5.998924377615486414e-06,-5.757203468157749719e-06,-5.039173886441451866e-06,-3.765758004821111759e-06,-1.791275791128851778e-06,9.907265776087257884e-07,4.501356113030222291e-06,8.381752589624696768e-06,1.202356223335675087e-05,1.473441915310682211e-05,1.597375330988512422e-05,1.555061991109261431e-05,1.368818997426891425e-05,1.092365461684812459e-05,7.893719474205038338e-06,5.110806945228036032e-06,2.834054607582427351e-06,1.083448012251400615e-06,-2.336945098359468690e-07,-1.173151058533882716e-06,-1.676172438929645457e-06,-1.609712726476675859e-06,-8.953593829642462929e-07,3.594371250493177998e-07,1.819952331612692732e-06,3.014625461318086959e-06,3.521529856538378339e-06,3.154345471933411152e-06,2.044042473963754990e-06,5.653196784734665681e-07,-8.580249703995037570e-07,-1.964699463928247599e-06,-2.766553911500235325e-06,-3.493187373266743917e-06,-4.398299460751721456e-06,-5.537647559993980853e-06,-6.652670461521087210e-06,-7.243128361627528612e-06,-6.810425625441825239e-06,-5.154118803833582108e-06,-2.562384209275801572e-06,2.207214719217175854e-07,2.260276481481018477e-06,2.816766534715544863e-06,1.673267870971891377e-06,-7.570073397935608781e-07,-3.601450570657075435e-06,-5.901605544906370311e-06,-7.015267089217606926e-06,-6.859811911191273233e-06,-5.889010582475399277e-06,-4.827352815712701336e-06,-4.302964434755836803e-06,-4.563607238914819319e-06,-5.409527001951416683e-06,-6.360170281099837850e-06,-6.950665311943468766e-06,-6.991196800081015645e-06,-6.649219306682147981e-06,-6.314761765319799179e-06,-6.328599269678301078e-06,-6.728295064218258697e-06,-7.158683103788420778e-06,-7.006341197729247501e-06,-5.698258837373493893e-06,-3.015960319882379375e-06,7.359382893776151211e-07,4.797395718739779878e-06,8.231194475516714275e-06,1.028353063070268353e-05,1.066115789333291627e-05,9.603776744101434506e-06,7.731820042255481117e-06,5.755482626330726206e-06,4.188373039985740233e-06,3.193205611527903866e-06,2.610792540266558830e-06,2.130108566889038257e-06,1.494876744646642525e-06,6.395107457918122122e-07,-3.006039104723721436e-07,-1.085964697365928195e-06,-1.505211780194366283e-06,-1.464909553161681622e-06,-9.978570897654847360e-07,-2.072287418943725557e-07,7.982101043507943065e-07,1.925380427085851514e-06,3.061873249246748441e-06,4.020970118621206702e-06,4.527810089770150039e-06,4.289069134305384382e-06,3.134407781341460333e-06,1.160494652696556510e-06,-1.214690369664649702e-06,-3.347836244456744438e-06,-4.601465594291674347e-06,-4.614554070933612716e-06,-3.478101315348749724e-06,-1.712386272287713242e-06,-3.521852335871220239e-08,9.798285852652555229e-07,1.187876671542875341e-06,9.470316512166927703e-07,9.270992406895598669e-07,1.733044067317183182e-06,3.528400393256051296e-06,5.859685806730683187e-06,7.794252455386462244e-06,8.329569276212386505e-06,6.887618109304301952e-06,3.649668058278715278e-06,-4.499401182357580374e-07,-4.092256584285818385e-06,-6.145234809683814362e-06,-6.169273702695738525e-06,-4.607968376664072375e-06,-2.561275663758745711e-06,-1.241716705215623714e-06,-1.374667237982843242e-06,-2.838841908289276377e-06,-4.730926522024815692e-06,-5.830774671207504711e-06,-5.242161864891384562e-06,-2.890028509883233696e-06,3.816954994393486985e-07,3.175080181983244204e-06,4.200766297955470643e-06,2.921145851754059924e-06,-1.411949638409207173e-07,-3.588877385866094659e-06,-5.752532173485591398e-06,-5.434512074746308642e-06,-2.449852942623320338e-06,2.281793693656535875e-06,7.126826659586435144e-06,1.042132656754996662e-05,1.113192699406944608e-05,9.206239830954737323e-06,5.486822801750244765e-06,1.272649956951265701e-06,-2.234785946809601106e-06,-4.338421003770696537e-06,-4.948742334036635218e-06,-4.398265587083218118e-06,-3.126850047734044505e-06,-1.440035295560629722e-06,5.313926161941091498e-07,2.683698377433414654e-06,4.741494058057686847e-06,6.179790023584875000e-06,6.363997708249133692e-06,4.864653406197757578e-06,1.779352796036839302e-06,-2.138921899537547753e-06,-5.664938253194304618e-06,-7.554105016759392781e-06,-7.071686519289729633e-06,-4.345013738876732862e-06,-3.548765397443043718e-07,3.449354793404799351e-06,5.743183279865476597e-06,5.857394630936463773e-06,4.003530692056011568e-06,1.101721584970083035e-06,-1.688974759468910313e-06,-3.498937958515827733e-06,-4.080756693053757253e-06,-3.804108093972865786e-06,-3.348498252204121612e-06,-3.279754119592365751e-06,-3.741871528393706174e-06,-4.417900144990244382e-06,-4.758706324548954780e-06,-4.332700005847053227e-06,-3.091109306221358105e-06,-1.400588177628628018e-06,1.675709058718943552e-07,1.163086841833694451e-06,1.505343444625384176e-06,1.509947978323332714e-06,1.677297511997946255e-06,2.365453175913369734e-06,3.538702634160029216e-06,4.743814413363366003e-06,5.339387358961571450e-06,4.859913469367083212e-06,3.315308772907693104e-06,1.254592111336042634e-06,-4.547129563459192056e-07,-1.028106590220125788e-06,-1.447954679786014571e-07,1.885968382010446775e-06,4.255981232174462628e-06,6.016935625336692099e-06,6.484255581286367043e-06,5.489119056025621242e-06,3.371481845071915143e-06,7.482746451163085602e-07,-1.794885192499453642e-06,-3.914944912612067556e-06,-5.526358986664971920e-06,-6.647967935205995837e-06,-7.214716941751508041e-06,-7.006496255296101788e-06,-5.767901472414356360e-06,-3.461730109763671023e-06,-4.939188028406886311e-07,2.264766367893665473e-06,3.738678651329364574e-06,3.109046162860309088e-06,2.638032743286741262e-07,-4.008563131148164087e-06,-8.224523681669961155e-06,-1.076464255812365308e-05,-1.055655473606762202e-05,-7.569752186754028643e-06,-2.878570681511492395e-06,1.757775148065849383e-06,4.623717967754243814e-06,4.761739118579248032e-06,2.352902772799301637e-06,-1.402152273819304562e-06,-4.836699626066443718e-06,-6.544814720825705963e-06,-5.951968177274909636e-06,-3.486914111591672065e-06,-3.077522462267829412e-07,2.259763296362389281e-06,3.296390856451082500e-06,2.621079201261044148e-06,7.625120018721356381e-07,-1.368748476560227381e-06,-2.917139315325423267e-06,-3.414436628981335280e-06,-2.876546805732393566e-06,-1.668253253704347197e-06,-2.514770145327178607e-07,1.032317552259447868e-06,2.044680061619472542e-06,2.792764795603318756e-06,3.309526498141073779e-06,3.572292035038694680e-06,3.517122646448483564e-06,3.129221168788313831e-06,2.529926758283874187e-06,1.977118247895671173e-06,1.751172577779315000e-06,1.979067735961620612e-06,2.504107675770815524e-06,2.900770156937667998e-06,2.662045380019444450e-06,1.487281019408798010e-06,-4.725248775645618141e-07,-2.554531609590470961e-06,-3.773125195201487484e-06,-3.201952517833628677e-06,-3.903151845063418604e-07,4.375367595005983382e-06,1.009472968861074147e-05,1.536743014206352906e-05,1.887490687614755088e-05,1.983310039576760133e-05,1.823458576804255993e-05,1.479335316619736402e-05,1.063337059940349377e-05,6.863683627744902833e-06,4.214943511491826345e-06,2.867132119994244927e-06,2.504153514416467706e-06,2.535317818886088942e-06,2.368594880723683486e-06,1.623316713786389777e-06,2.187922167132020665e-07,-1.660995938690455459e-06,-3.679607875240291150e-06,-5.476962860901820509e-06,-6.770764300907964396e-06,-7.414516916140517544e-06,-7.416756491821024495e-06,-6.930757999612922773e-06,-6.217542099692184007e-06,-5.580037852702349159e-06,-5.272641874680187142e-06,-5.407429733300326820e-06,-5.894402008747844892e-06,-6.453576294834629962e-06,-6.713890507484817705e-06,-6.374197910847011068e-06,-5.364008316313377527e-06,-3.927855286530508508e-06,-2.579499974449562467e-06,-1.925105628412471251e-06,-2.415696483252062248e-06,-4.129622547170671181e-06,-6.683967712565125620e-06,-9.327170238019414912e-06,-1.119176910016615936e-05,-1.161727875068059259e-05,-1.041867250605640465e-05,-7.991181739305645666e-06,-5.201445093957770508e-06,-3.094896040725915111e-06,-2.518689173890154681e-06,-3.792774112813671319e-06,-6.547879985837520077e-06,-9.794351911814126911e-06,-1.220945914926953149e-05,-1.255801104915026834e-05,-1.011442995659893945e-05,-4.948018773422542507e-06,2.030171513126092246e-06,9.289751791695459484e-06,1.511801314455976783e-05,1.814208110713145156e-05,1.776826645487656164e-05,1.438592214706252857e-05,9.253348425390323578e-06,4.089714430259742687e-06,5.040624868292518664e-07,-5.406826607463449322e-07,9.657089793712028571e-07,4.119226880277086902e-06,7.472462409681576431e-06,9.596378013406066648e-06,9.615134679301113197e-06,7.506189712724855403e-06,4.053196700063358803e-06,4.816641797405214709e-07,-2.062962932506834221e-06,-2.973740510849855892e-06,-2.389393298036205559e-06,-1.075124754260848344e-06,-4.378425563155886498e-08,-9.234697730735925456e-08,-1.456786534792376489e-06,-3.726881397634564913e-06,-6.042243422501574482e-06,-7.468019185965502298e-06,-7.378020084494219936e-06,-5.682793007598594560e-06,-2.820548286643567551e-06,4.613412585801487849e-07,3.419048347833721764e-06,5.576200462852201812e-06,6.834762451915844668e-06,7.409522926875993326e-06,7.644150448977784598e-06,7.811081547486462597e-06,7.988740426288764711e-06,8.058705750733668094e-06,7.802179312830564027e-06,7.031512526486234447e-06,5.686992631278379906e-06,3.858812850183130254e-06,1.739109440576441013e-06,-4.560157960275004331e-07,-2.546314433160671379e-06,-4.400248883920095683e-06,-5.905269956669692932e-06,-6.927210450532149230e-06,-7.297255459665007998e-06,-6.848642608163758082e-06,-5.495649267310532914e-06,-3.320499781531862325e-06,-6.231785162413388665e-07,2.100324734998459750e-06,4.259170612815560947e-06,5.324859899624811261e-06,4.997528157874279855e-06,3.326527093671300040e-06,7.401988866722257879e-07,-2.036186099867983203e-06,-4.163345211852975108e-06,-4.928616917024159898e-06,-3.977272743886690960e-06,-1.459997611183031446e-06,1.962968594030314769e-06,5.282401331691219844e-06,7.433269375176985865e-06,7.636152449186884723e-06,5.672500688159932804e-06,1.988556302057137024e-06,-2.425033263626889225e-06,-6.350313628404550443e-06,-8.749331618971514129e-06,-9.111964325002542197e-06,-7.609736400864222711e-06,-4.993514915162958683e-06,-2.275532801752686968e-06,-3.257962051089018253e-07,4.506290834820700759e-07,2.239010569167332029e-07,-4.016083196665177832e-07,-7.086498633584216893e-07,-2.202589890067543734e-07,1.073819565258344969e-06,2.714528879196936277e-06,3.988024238671036249e-06,4.253191143531786714e-06,3.231646212607836382e-06,1.133889855679748812e-06,-1.424461150088178645e-06,-3.666494885382067277e-06,-4.942141632669557429e-06,-4.937632989941904959e-06,-3.732891012724593787e-06,-1.710546961296148303e-06,6.155513013934099952e-07,2.763352939568032734e-06,4.374971019493649581e-06,5.230025415356076007e-06,5.218663248297097007e-06,4.326466806754249881e-06,2.658281543499347618e-06,4.829158332772979513e-07,-1.753250059795442085e-06,-3.493797410175671284e-06,-4.230159720342813039e-06,-3.700650630405416911e-06,-2.039820458366948468e-06,2.093022554300282270e-07,2.254278182777564820e-06,3.337585006149127410e-06,3.032977081948162954e-06,1.423045904401092804e-06,-9.277474874734744990e-07,-3.200964774682663501e-06,-4.657725862750797619e-06,-4.933163587631855866e-06,-4.164536455306288277e-06,-2.902131184173494120e-06,-1.850626652314780340e-06,-1.562150747889246745e-06,-2.216913759156814539e-06,-3.578801226905772927e-06,-5.128192227221066443e-06,-6.295382841014788154e-06,-6.682340412639206650e-06,-6.181088416420043963e-06,-4.957866814186063176e-06,-3.338668336680159221e-06,-1.669800124102983017e-06,-2.211532391883352233e-07,8.405390629732704695e-07,1.428541402702652802e-06,1.508822983383559284e-06,1.105002059277601668e-06,3.362911443141612608e-07,-5.476018042239360685e-07,-1.182946280363976721e-06,-1.185246797510611290e-06,-2.978751223447432612e-07,1.468706376033783549e-06,3.784041847967226470e-06,6.077129435724130119e-06,7.732595183393728316e-06,8.326432021803098645e-06,7.796145969828211010e-06,6.463371713131859326e-06,4.892926648891668497e-06,3.649456511153857460e-06,3.062681930224540612e-06,3.108929112911638415e-06,3.460726259485230687e-06,3.674996514220590064e-06,3.424012164344821006e-06,2.654650549338888403e-06,1.599466683553272868e-06,6.382028268811495995e-07,8.287448511166202797e-08,-3.302903942302345166e-09,1.392775869324841905e-07,6.762442488192584755e-08,-6.536269537978263899e-07,-2.231616962768566633e-06,-4.517223798958262626e-06,-7.028400795437630520e-06,-9.114313200623000091e-06,-1.018854388040221517e-05,-9.934084070413365969e-06,-8.401526512088376431e-06,-5.972287880769439281e-06,-3.215045690577309350e-06,-7.005086442816299005e-07,1.155900877092932775e-06,2.178091268462324173e-06,2.431303645090661649e-06,2.163407471856221990e-06,1.718817540871134904e-06,1.452399442950518294e-06,1.656360919171737348e-06,2.502087380819011091e-06,3.997710892063072596e-06,5.968875461887300432e-06,8.076321978657494894e-06,9.880982159163894209e-06,1.095253696160128951e-05,1.099644264106895639e-05,9.958437362736603595e-06,8.065030832336831019e-06,5.777032885061329936e-06,3.664713020103667563e-06,2.244358659336927810e-06,1.832572481623753849e-06,2.468516491143255673e-06,3.927637003234630632e-06,5.814748475225224551e-06,7.695258492516552485e-06,9.213050425391026819e-06,1.015550634087123112e-05,1.045358927803114754e-05,1.013436684430457559e-05,9.261215247660758000e-06,7.895752297157801317e-06,6.097363776006684942e-06,3.951296213389591426e-06,1.598040239315831218e-06,-7.650963977562553096e-07,-2.923470889396165999e-06,-4.713490090589557912e-06,-6.086569246020486257e-06,-7.130935712702482265e-06,-8.030545652164556086e-06,-8.972200527572174301e-06,-1.004301419991795138e-05,-1.117327065699365657e-05,-1.216423315084208682e-05,-1.280019685462884964e-05,-1.299663327949677161e-05,-1.290618545986427607e-05,-1.291106045924798220e-05,-1.347732032615609626e-05,-1.491623609481991039e-05,-1.715770091556347607e-05,-1.965758241161779564e-05,-2.151828526525290678e-05,-2.181096370168504847e-05,-1.998644201585820894e-05,-1.619882958607006930e-05,-1.137798040544712679e-05,-6.979122476906269796e-06,-4.476218825816209010e-06,-4.789369854342965716e-06,-7.885534716216523933e-06,-1.273563770147830590e-05,-1.766698081902304563e-05,-2.097849718643989442e-05,-2.156585206674336547e-05,-1.929259702788882477e-05,-1.495239139103272087e-05,-9.849100561992220416e-06,-5.193099378299363845e-06,-1.592366045710981626e-06,1.133233167230132225e-06,3.743672561183815610e-06,7.095236251246454140e-06,1.163002270236781475e-05,1.709331787673885449e-05,2.261465924606281030e-05,2.710379521081512924e-05,2.975536081543783939e-05,3.040503452710758742e-05,2.956033970282334391e-05,2.809917721218753412e-05,2.680081023404615713e-05,2.595866244999328230e-05,2.527817774497376286e-05,2.411024638132083363e-05,2.189118262454580369e-05,1.854822680452451834e-05,1.464456209884757069e-05,1.117318607022561961e-05,9.094684487300840360e-06,8.852899605496689664e-06,1.012108440850841008e-05,1.191810785625748445e-05,1.304704572313546993e-05,1.264362361068616894e-05,1.056494248749033543e-05,7.429423713072686769e-06,4.295303103522672812e-06,2.145983018970091898e-06,1.442897553054375810e-06,1.963779812808230135e-06,2.990626368454423164e-06,3.729069942439591492e-06,3.725291297430529716e-06,3.057561740862420865e-06,2.208994710576928985e-06,1.705310060109334875e-06,1.730794791080497846e-06,1.947739109199070841e-06,1.633000160700991361e-06,6.986583178602486400e-08,-3.011678362806916587e-06,-7.189292985952830114e-06,-1.144634838074756815e-05,-1.458663334109557237e-05,-1.577175112781855208e-05,-1.491708706959433536e-05,-1.274634080873884487e-05,-1.047115413895931064e-05,-9.246814416773558681e-06,-9.664050515482370545e-06,-1.151639142417240995e-05,-1.394455126665594264e-05,-1.587491983191516222e-05,-1.653115890368661751e-05,-1.577293775007970002e-05,-1.411194829595149318e-05,-1.241966160351948151e-05,-1.148916434284881815e-05,-1.167247182542290007e-05,-1.276084953834173438e-05,-1.414286146913512000e-05,-1.513488597232871239e-05,-1.530273936240320748e-05,-1.461494529963066233e-05,-1.336995936075937421e-05,-1.196327549214017539e-05,-1.064007551540775256e-05,-9.375887884766951041e-06,-7.947942502470083779e-06,-6.149526008568822071e-06,-4.018391843830992354e-06,-1.940109125720302659e-06,-5.516270855670769487e-07,-4.744222190089249066e-07,-1.996729558236013606e-06,-4.855936153066703552e-06,-8.231227986376520275e-06,-1.096457547550800472e-05,-1.192946521341308251e-05,-1.040593682110290712e-05,-6.321518524404145911e-06,-2.753121809788223420e-07,6.652144925990236182e-06,1.322443827701905126e-05,1.839256882793479359e-05,2.154583850698273795e-05,2.260421716565576427e-05,2.194540638352289287e-05,2.021238776539497760e-05,1.807792962427414566e-05,1.604590143121001396e-05,1.434823485986677097e-05,1.295929604083691068e-05,1.170753155695172606e-05,1.042992426503962178e-05,9.099499414819100837e-06,7.866967745874908392e-06,6.993383068604484028e-06,6.699803333082929521e-06,7.002637476164149565e-06,7.619161732483040368e-06,8.005299598812186707e-06,7.532514292165936349e-06,5.744753555995518470e-06,2.590252761208346448e-06,-1.478913434965229581e-06,-5.598898273292257565e-06,-8.757955984296665922e-06,-1.013652752693483677e-05,-9.390942198021566439e-06,-6.768441402876600658e-06,-3.010773428248515444e-06,9.089978408401199936e-07,4.106274408914505360e-06,6.036109616182382129e-06,6.590245917239903064e-06,6.026995029787532830e-06,4.790714167442351069e-06,3.313265014311625579e-06,1.879410305878334375e-06,5.932459729993244897e-07,-5.696284795127722405e-07,-1.672861420807002092e-06,-2.743619392448865117e-06,-3.737943923160281095e-06,-4.545670942456113050e-06,-5.016679185829797476e-06,-4.992625881388275278e-06,-4.341960465116549348e-06,-3.005372734330564814e-06,-1.052701795844612494e-06,1.267299250356870603e-06,3.521041685690562410e-06,5.162918776241796220e-06,5.691800237094956826e-06,4.848260699947599977e-06,2.769641659296712836e-06,1.568879954282876151e-08
-8.227768930971218961e-06,-6.923408368115656774e-06,-5.228589997325637831e-06,-3.233570434614509224e-06,-1.198609808734163957e-06,5.226991852016171318e-07,1.620890631615078074e-06,1.963768999606509508e-06,1.657734688128725365e-06,1.002514085529798664e-06,3.564209327636259874e-07,-2.593756528129302833e-08,-1.068622858355811635e-07,-7.593671687960190912e-08,-2.527847999436255758e-07,-9.278179282041462236e-07,-2.213774290316031805e-06,-3.972725279560225050e-06,-5.845790718307396305e-06,-7.366178585084121824e-06,-8.103360145434127201e-06,-7.781125726602032336e-06,-6.333426163294693284e-06,-3.894736661441225455e-06,-7.477975174944891048e-07,2.740786734006340496e-06,6.176931479061854205e-06,9.184628118544339634e-06,1.144881714727480377e-05,1.276114525881248941e-05,1.306141926692052598e-05,1.245575842500524450e-05,1.119265229644694473e-05,9.593554909252102999e-06,7.957819264617406406e-06,6.478722577014122116e-06,5.206263667302413680e-06,4.071597164813305359e-06,2.957715044403236824e-06,1.778164212036604491e-06,5.236875248671822905e-07,-7.426733132821870871e-07,-1.930158461443023374e-06,-2.969550458355938894e-06,-3.831663116915217956e-06,-4.502826282796594412e-06,-4.937957065880118466e-06,-5.032928940277541432e-06,-4.651712241018594608e-06,-3.710614793397557747e-06,-2.279865258829566225e-06,-6.379492348510903863e-07,7.743363685769283722e-07,1.505743383048371483e-06,1.297094448649194656e-06,2.384443672442488544e-07,-1.209256779368198266e-06,-2.362186432332393019e-06,-2.583668833317898508e-06,-1.561658681534805117e-06,5.358861434581809274e-07,3.108320081820460947e-06,5.360477079070408912e-06,6.628563034342345200e-06,6.646631258952059651e-06,5.633316407511650077e-06,4.164028729554043185e-06,2.895677442375445009e-06,2.278180323420789388e-06,2.386385869625528346e-06,2.939649011690991057e-06,3.480145184077168452e-06,3.605624258136341338e-06,3.135744920476652756e-06,2.138845501885216296e-06,8.286612457158583809e-07,-5.891808063179222209e-07,-2.021715698947020567e-06,-3.485246917438205657e-06,-5.008763415673507414e-06,-6.521060116723834413e-06,-7.810835091826976221e-06,-8.603085929592165757e-06,-8.717509837129392724e-06,-8.212460551682545376e-06,-7.411670790519621508e-06,-6.769564554409574641e-06,-6.625217126390341773e-06,-6.971774978441607798e-06,-7.379927796258388977e-06,-7.146844468230640155e-06,-5.625855042457432487e-06,-2.587317563070274152e-06,1.573568612940918842e-06,5.905912722220606187e-06,9.242765465789375652e-06,1.066837484986118171e-05,9.898628039562840837e-06,7.393542101401433227e-06,4.145755384691286582e-06,1.244708454957778783e-06,-5.758702921760169220e-07,-1.194619266605786076e-06,-1.051615709633281154e-06,-8.331611073279409514e-07,-1.065367228766670822e-06,-1.828248034033460652e-06,-2.731312862991660299e-06,-3.150427639869615202e-06,-2.588920774593218756e-06,-9.649279525990333811e-07,1.327927008580617533e-06,3.614437680767478726e-06,5.277349993198614660e-06,6.057815730714870330e-06,6.156579565980126328e-06,6.085502999725965665e-06,6.353822862969249823e-06,7.160846902752850719e-06,8.260880782854739177e-06,9.072086207492135857e-06,8.970746510034268288e-06,7.616203659365467464e-06,5.139663725349774334e-06,2.105814757643819876e-06,-7.237305825477650133e-07,-2.697502663918708484e-06,-3.498439654650513145e-06,-3.189143930290497146e-06,-2.085767934188106475e-06,-5.584781343518555965e-07,1.116768308403696184e-06,2.778858475606557345e-06,4.289655991842173421e-06,5.422053472617796111e-06,5.835693849372758778e-06,5.190763037905832267e-06,3.353801855896811837e-06,5.728797673185274087e-07,-2.507119322405043210e-06,-5.043764364450842395e-06,-6.346372519622198927e-06,-6.212842094836908003e-06,-5.073719541309110131e-06,-3.843526927023432826e-06,-3.522231261532208724e-06,-4.722527041225473648e-06,-7.349632572389734154e-06,-1.059778040360186747e-05,-1.327848850218685125e-05,-1.433359159855528821e-05,-1.329351289424165622e-05,-1.046675110890021602e-05,-6.778189671217373297e-06,-3.344952180609849235e-06,-1.002105199959525930e-06,-4.529504408707890656e-09,-3.105985131266618206e-08,-4.572455043006780526e-07,-7.285946249392056759e-07,-6.266910096381560678e-07,-2.940151620692870913e-07,-2.679124572244165029e-08,2.127570814331284049e-08,3.156242484154783104e-08,4.776503072621687087e-07,1.853669621962531769e-06,4.319624798111725834e-06,7.471147283592613074e-06,1.038833304997968090e-05,1.197576392762140866e-05,1.144764910049233209e-05,8.722897915031941729e-06,4.524968329630098995e-06,1.189673606940391744e-07,-3.204379935086858921e-06,-4.661380540815221025e-06,-4.276543154064902309e-06,-2.814645072474341559e-06,-1.383588696607440835e-06,-9.039869647505353361e-07,-1.699189402139013630e-06,-3.392479495205517267e-06,-5.142687866192784423e-06,-6.084795543271980787e-06,-5.749693764369896766e-06,-4.259833403563273103e-06,-2.218985241943872942e-06,-3.701732773326814158e-07,7.928005611130952853e-07,1.261064321735292515e-06,1.480369651831095141e-06,2.079658121429401436e-06,3.502839876210112840e-06,5.731045305541504959e-06,8.232047328628165424e-06,1.015930303791669567e-05,1.070400036397072440e-05,9.436767445087857194e-06,6.489082235024078060e-06,2.505266531394244076e-06,-1.599129518420409767e-06,-4.958155697172034864e-06,-7.021502859663094577e-06,-7.672549742848281515e-06,-7.179739321991517994e-06,-6.032498821940359154e-06,-4.747890930081292106e-06,-3.725151768824810915e-06,-3.185171950307418021e-06,-3.185777571526286253e-06,-3.674201349381991989e-06,-4.535483974109945428e-06,-5.614645997715232382e-06,-6.716595733304465858e-06,-7.605620578575540649e-06,-8.027633634659225254e-06,-7.764329156109658393e-06,-6.707404295930725259e-06,-4.923635231210673367e-06,-2.676152585953641518e-06,-3.772057498899078615e-07,1.528905425963792387e-06,2.724041495886749425e-06,3.160781048780942091e-06,3.128317105539497178e-06,3.189817889094137472e-06,3.983504116018336739e-06,5.938422572702888169e-06,9.008982719964453046e-06,1.255258116205628699e-05,1.544241874727279721e-05,1.642365383600599934e-05,1.461227641713283187e-05,9.948934988479646825e-06,3.401201133648784803e-06,-3.219336201686033329e-06,-7.811344244956842353e-06,-8.730383817076675478e-06,-5.440716074447523005e-06,1.207564909583939817e-06,9.222087233109168078e-06,1.616635958531070286e-05,2.004669037818471871e-05,2.002775335707666920e-05,1.667847476476617518e-05,1.164781220410986473e-05,6.918340318934033645e-06,3.970714228890647834e-06,3.226268867056034369e-06,4.000125055242561412e-06,4.955961225997565862e-06,4.821066889233206754e-06,3.008102602479046218e-06,-1.488048835130081917e-07,-3.634031056016773644e-06,-6.316691837800622264e-06,-7.536000697394864549e-06,-7.402208818570627092e-06,-6.669398164273659989e-06,-6.267112749378779661e-06,-6.757807518141478507e-06,-8.021805108028966309e-06,-9.343141218018351579e-06,-9.847240239373486782e-06,-9.044451842975731112e-06,-7.169307423720551918e-06,-5.111179446090548306e-06,-3.953989982720940280e-06,-4.362817743195294099e-06,-6.153588878999033367e-06,-8.300572831166536000e-06,-9.412109616297547642e-06,-8.452714213561086668e-06,-5.343274594503656064e-06,-1.112831700099496903e-06,2.508825244630672468e-06,3.884922492825741632e-06,2.272527434852996950e-06,-1.769013118364178922e-06,-6.579432580316740429e-06,-1.012951911554640079e-05,-1.094127717934491529e-05,-8.757144969311663599e-06,-4.639173946500487757e-06,-4.567880276228313125e-07,1.981646720423960610e-06,1.730747632815800509e-06,-9.353326558872604950e-07,-4.760590450482538238e-06,-8.190484148845052865e-06,-1.013829584583331869e-05,-1.044739794831542055e-05,-9.834621007378070094e-06,-9.375965983445106974e-06,-9.831240524442720440e-06,-1.117831882614135421e-05,-1.260578061432927035e-05,-1.296214285561425059e-05,-1.141404868564558205e-05,-7.953656757536910806e-06,-3.474848656305050510e-06,6.340274534656014568e-07,3.176468278029267015e-06,3.757948233871965786e-06,2.998597588856131890e-06,2.228744732911184255e-06,2.813066719951898471e-06,5.441832157749407961e-06,9.748819323465476421e-06,1.445392806003157182e-05,1.796616239731680970e-05,1.915198890667571457e-05,1.789063937508052199e-05,1.514244743877065216e-05,1.249531096999698564e-05,1.140840898942204624e-05,1.251655635784150745e-05,1.532474273700567546e-05,1.843092527227898321e-05,2.016269769461700293e-05,1.932323359420195597e-05,1.570262272336528101e-05,1.013486255838693573e-05,4.101755821352143775e-06,-9.069846970590193807e-07,-3.970852822782188900e-06,-4.999212319886325784e-06,-4.590157901556515230e-06,-3.598239209152298590e-06,-2.650136209320823256e-06,-1.851632927287981350e-06,-8.160447762707779117e-07,1.023930707088862393e-06,3.997727263906252590e-06,7.893377839937159232e-06,1.192597403381625852e-05,1.499860507598806197e-05,1.613623826930072252e-05,1.489472365136054489e-05,1.156259259995830851e-05,7.069554935684022879e-06,2.644472305546627272e-06,-6.312835874206334522e-07,-2.193731034231310281e-06,-2.149454126955950961e-06,-1.166513149927149051e-06,-1.623334569861574090e-07,7.893601884270771777e-08,-7.899600364637013437e-07,-2.564671492978369338e-06,-4.596924581959884099e-06,-6.075258954733530596e-06,-6.369042589403770166e-06,-5.306445387971659580e-06,-3.282538097389004053e-06,-1.154354671668066863e-06,4.458499868640058473e-08,-5.279696253539606675e-07,-3.204465339948293758e-06,-7.657182136723397192e-06,-1.297827518665229276e-05,-1.796946835383810050e-05,-2.154104060568744845e-05,-2.307474017654366594e-05,-2.261499904417443862e-05,-2.081658676063835974e-05,-1.867122874795449882e-05,-1.712280449120117803e-05,-1.672377575667627578e-05,-1.746534908370244501e-05,-1.883857549830850146e-05,-2.008575389203819109e-05,-2.052417092726510780e-05,-1.980123719027287405e-05,-1.798034527095982018e-05,-1.543993735675163476e-05,-1.265440988251241806e-05,-9.974197554106404662e-06,-7.512113450301302239e-06,-5.181177763971338800e-06,-2.848026410376336705e-06,-5.064926533442561793e-07,1.632600547002248045e-06,3.193651681651619028e-06,3.812512548044749296e-06,3.350945621072067439e-06,2.038408208984091730e-06,4.607082878551730206e-07,-6.136732339495075658e-07,-5.014634379080340553e-07,1.147446613595342841e-06,4.228870325166879152e-06,8.240367371435839349e-06,1.248613830867971369e-05,1.633854214184467376e-05,1.944365213590594534e-05,2.178896424170108777e-05,2.361679801663110073e-05,2.523571647835214327e-05,2.682336627292718361e-05,2.831096612106616926e-05,2.939679781166927220e-05,2.967547386073747637e-05,2.881958138745972342e-05,2.673163348655651137e-05,2.360244525992136297e-05,1.985588750503182960e-05,1.600835229700171776e-05,1.250345057036947054e-05,9.586913223427677802e-06,7.264750393172329947e-06,5.351386471103569121e-06,3.579841418578451202e-06,1.726220830426583634e-06,-2.987125391972307265e-07,-2.420311785861010912e-06,-4.436436192379239935e-06,-6.098797755129332998e-06,-7.205089504079049238e-06,-7.668052881710985029e-06,-7.540048060498404430e-06,-6.990434407189766721e-06,-6.250684554994554549e-06,-5.552047845047971049e-06,-5.079318375028943187e-06,-4.952952934601664019e-06,-5.235871447616372747e-06,-5.948536320789316465e-06,-7.073083405055968477e-06,-8.536597247069770529e-06,-1.018100048529567334e-05,-1.174321562960411524e-05,-1.287401287693419477e-05,-1.321155403361191214e-05,-1.249898209473302289e-05,-1.070615939403809273e-05,-8.099574583856048072e-06,-5.213513147364384763e-06,-2.710813751758148235e-06,-1.170318326646673685e-06,-8.785205401939697058e-07,-1.713491424991276944e-06,-3.180100196138484935e-06,-4.595319813622092814e-06,-5.355907259964518969e-06,-5.178849781977834662e-06,-4.209853304471483250e-06,-2.948491158469502871e-06,-2.018906825592203867e-06,-1.886085606085201686e-06,-2.645570124181117844e-06,-3.983734293186547426e-06,-5.328349954190344426e-06,-6.120178237851728910e-06,-6.077773611430040907e-06,-5.328591954430294788e-06,-4.341119104781456169e-06,-3.687052318384602366e-06,-3.744967813792190274e-06,-4.487474017035709110e-06,-5.456897609256243047e-06,-5.946764330726139705e-06,-5.309217036779903355e-06,-3.248530933352404017e-06,3.306322754066241987e-08,3.901817081899594816e-06,7.536714595578613169e-06,1.023594631021073351e-05,1.164549524352188446e-05,1.181273474549158546e-05,1.105642028288034868e-05,9.734382213251918702e-06,8.037376778094160155e-06,5.919242908126674853e-06,3.199570161982979093e-06,-2.172386803916566341e-07,-4.127159352844371561e-06,-7.941014768106634744e-06,-1.079462958892820933e-05,-1.182735970319726178e-05,-1.051771386842877064e-05,-6.930673508112810834e-06,-1.763393265560195988e-06,3.840512397331135550e-06,8.641116297965506052e-06,1.168299408574922460e-05,1.256438500556134574e-05,1.150308804065564570e-05,9.192325732950128525e-06,6.520421977132632511e-06,4.271094061718664276e-06,2.912449163118012857e-06,2.532235052830576970e-06,2.911325014809792591e-06,3.676658777395672124e-06,4.458001431784879501e-06,4.991033206350506166e-06,5.147603670902320941e-06,4.910923506315987544e-06,4.331961448989102507e-06,3.498320857642015597e-06,2.526029143380474478e-06,1.562616107495905774e-06,7.797423620386753768e-07,3.404366427530638447e-07,3.446790016440824924e-07,7.760720153909415890e-07,1.480112933957584970e-06,2.195602013608864425e-06,2.638214865046783777e-06,2.609487433827294758e-06,2.087765813346229924e-06,1.258794621685559025e-06,4.637293578739880048e-07,7.443735701761643713e-08,3.375046912151859354e-07,1.246291136318153691e-06,2.496094686993730277e-06,3.550539005593185291e-06,3.806123184843093927e-06,2.801398217384174939e-06,3.937924902908322175e-07,-3.167815424023066425e-06,-7.311714897825020209e-06,-1.133604836175656132e-05,-1.465556689497363250e-05,-1.700339305955939754e-05,-1.849897017996288140e-05,-1.954339357684253302e-05,-2.057604530987537292e-05,-2.179238949796408130e-05,-2.295160460710748686e-05,-2.337701035260923547e-05,-2.217714654981839731e-05,-1.861906463778176959e-05,-1.250887515139254976e-05,-4.414201811898103871e-06,4.386519590667486919e-06,1.223797280752089023e-05,1.761737878288476868e-05,1.963169508686649499e-05,1.830988370159719960e-05,1.457331368862782037e-05,9.894258093579262747e-06,5.777147835271588529e-06,3.266087478750970149e-06,2.665291281582469565e-06,3.564447904865826324e-06,5.130919241610722715e-06,6.522767444079484408e-06,7.237496308817801315e-06,7.255509860134174266e-06,6.940845731537526767e-06,6.774654531582842560e-06,7.066845744541800986e-06,7.788326502671420395e-06,8.596052856770577887e-06,9.023083847952876081e-06,8.725894314823741326e-06,7.659216925974925353e-06,6.092500855375996164e-06,4.466845955150849894e-06,3.172886998175843822e-06,2.367692461858347906e-06,1.924861137825570338e-06,1.540562053010266683e-06,9.366491889477428143e-07,5.169554403408014767e-08,-8.833674213804234243e-07,-1.430148374985942336e-06,-1.152606949634246511e-06,1.469950895312423412e-07,2.279703577412496698e-06,4.683155588594449150e-06,6.596720386781254833e-06,7.326216424336776612e-06,6.488422845245642273e-06,4.138394145982384037e-06,7.366748741368437744e-07,-3.018437286701941415e-06,-6.417748351817006621e-06,-8.938255285129825524e-06,-1.034696870950521544e-05,-1.069507900589011078e-05,-1.023073103112097976e-05,-9.281859467441121682e-06,-8.156698542216600070e-06,-7.087049635938483523e-06,-6.213668013049137458e-06,-5.597493873948217271e-06,-5.239334539232566448e-06,-5.099019992655736808e-06,-5.113618639544834467e-06,-5.216169703494586802e-06,-5.351628870585251957e-06,-5.481523547275549057e-06,-5.570331672037985578e-06,-5.557030796961564315e-06,-5.329233709844060640e-06,-4.724622086194933106e-06,-3.576653654613883114e-06,-1.798774168442858191e-06,5.260165536002705818e-07,3.099231013993728533e-06,5.444965871385915764e-06,7.038309169048150151e-06,7.484733921289403428e-06,6.676927289513608347e-06,4.853513174962675736e-06,2.520685939913518880e-06,2.592953738229184452e-07,-1.502322495838224618e-06,-2.645736112645863950e-06,-3.372104454327956053e-06,-4.053727354279188578e-06,-4.995249911088840568e-06,-6.222349826475734175e-06,-7.409903811223927922e-06,-7.998632977269252758e-06,-7.456818509333456148e-06,-5.566515971206432519e-06,-2.591717424327751136e-06,7.662398125748924487e-07,3.622610960092389483e-06,5.266602210228343010e-06,5.459791298169646510e-06,4.533023992007809906e-06,3.228980386514848777e-06,2.356447290348085461e-06,2.413502980914175624e-06,3.355271681266112722e-06,4.616817293737085892e-06,5.382742587958772420e-06,4.978581645434717089e-06,3.201212862400549826e-06,4.345401191042934531e-07,-2.501146797593188080e-06,-4.691783547388749422e-06,-5.501037061338710698e-06,-4.798787533759226226e-06,-2.949051598014832215e-06,-5.797912827416127857e-07,1.737263897004151819e-06,3.729621015809873549e-06,5.469036614738267678e-06,7.205210377050290796e-06,9.088430217075858485e-06,1.094291581571101487e-05,1.222985400242816945e-05,1.224249133119707926e-05,1.045310345767580446e-05,6.845031473337420478e-06,2.057151410790437700e-06,-2.751508047075100809e-06,-6.280003339075591286e-06,-7.553236625418568249e-06,-6.278864319111517804e-06,-2.938573151882362510e-06,1.423805833141429423e-06,5.620981458658233035e-06,8.763164405676444495e-06,1.053424309723823970e-05,1.119802558642296976e-05,1.135515643164640659e-05,1.158124250956277304e-05,1.212096819898594605e-05,1.277467863172370066e-05,1.301561955757800433e-05,1.226705168875679167e-05,1.020002403888971993e-05,6.913427685040865218e-06,2.922161292946041713e-06,-1.028401391187874277e-06,-4.228393161334202042e-06,-6.231900418300062301e-06,-6.961278751619854745e-06,-6.666633149756107893e-06,-5.784534291491524998e-06,-4.773227959372828945e-06,-3.992566465464502186e-06,-3.657893560296132132e-06,-3.854014251170269710e-06,-4.572067320579337353e-06,-5.737513564373932212e-06,-7.222102042751218546e-06,-8.856227259341587109e-06,-1.046277230456079714e-05,-1.191551566851943128e-05,-1.319707896999428505e-05,-1.441442542673085403e-05,-1.574027847959011796e-05,-1.728637175016969332e-05,-1.896067779132189625e-05,-2.038801656854967212e-05,-2.096057269146203513e-05,-2.003085113277156497e-05,-1.718701575101506872e-05,-1.249581336198988626e-05,-6.593237495076217714e-06,-5.571795823329183419e-07,4.410779845983885335e-06,7.377820038871813701e-06,7.988061417460535970e-06,6.557256736349587081e-06,3.915004340132965397e-06,1.065966569542840126e-06,-1.179903066593779865e-06,-2.449545936230049691e-06,-2.828597954320835222e-06,-2.677966955185132295e-06,-2.357223701307802415e-06,-2.004772679124454923e-06,-1.485626925521585484e-06,-5.225321211857980788e-07,1.074882305274012138e-06,3.222030927894700449e-06,5.529077253368128668e-06,7.457540584979240399e-06,8.586217959621402515e-06,8.840612105123381230e-06,8.549371957629309549e-06,8.277178766571380875e-06,8.503982371125084661e-06,9.312687631691773848e-06,1.025983765517633481e-05,1.052400159567784692e-05,9.289453887988314518e-06,6.195299810215838977e-06,1.628686121759396078e-06,-3.303205854018644299e-06,-7.144754383105671583e-06,-8.664868181391722587e-06,-7.382236977096709994e-06,-3.799482224666900486e-06,7.761648387886561878e-07,4.764321695851882942e-06,6.971416152263626309e-06,7.090810296774715835e-06,5.819597284460618251e-06,4.535177987117679227e-06,4.668154841400129497e-06,7.041202790819383868e-06,1.145736898900522772e-05,1.671149726417768319e-05,2.101647109309093188e-05,2.266357049788492853e-05,2.064767658287352186e-05,1.501686652072842785e-05,6.832142153527033330e-06,-2.214498449052396951e-06,-1.034864026612681403e-05,-1.621226964374480864e-05,-1.914773992001918745e-05,-1.921183070628870590e-05,-1.697818570663816643e-05,-1.325390837697980468e-05,-8.836495188292937798e-06,-4.383187354905763982e-06,-3.918771722301022682e-07,2.760725991303501687e-06,4.789679555217135750e-06,5.519447797031456789e-06,4.941656641643652076e-06,3.270722957077692014e-06,9.481238306919338220e-07,-1.431401565751133179e-06,-3.260477641383888516e-06,-4.082111833360118911e-06,-3.717694757116353035e-06,-2.313948031123670882e-06,-2.914949576422843913e-07,1.789036038401419090e-06,3.401586020043389974e-06,4.216356905383714224e-06,4.198651636305564203e-06,3.611746352371021693e-06,2.917292517233084691e-06,2.598367951677401760e-06,2.959661828323228019e-06,3.976277298591630458e-06,5.256963899808743075e-06,6.154363427537678195e-06,6.000268161073603756e-06,4.386736967989679881e-06,1.380012116069708515e-06,-2.435230004518400248e-06,-6.124485163154575090e-06,-8.739205570616128158e-06,-9.692980645811204488e-06,-9.017836532266756340e-06,-7.376927304243924726e-06,-5.807644358473829664e-06,-5.288383992568568754e-06,-6.308532375261891632e-06,-8.631203380606720834e-06,-1.136179553234877735e-05,-1.330328515343887741e-05,-1.345055350392390120e-05,-1.141119819875454937e-05,-7.571131313901610462e-06,-2.936910377376973757e-06,1.269374401503235900e-06,4.079962891700359100e-06,5.112752152876139180e-06,4.633805835488593690e-06,3.349589003699314744e-06,2.048627149811926690e-06,1.268546829391759037e-06,1.133051493308331124e-06,1.406060504978288386e-06,1.700294766376350203e-06,1.711185322056958449e-06,1.353998917348602832e-06,7.519290773014423739e-07,1.123444332618284710e-07,-4.134637217887804230e-07,-7.951079097202815764e-07,-1.079265360597409273e-06,-1.279894938538319799e-06,-1.291387064373624872e-06,-9.012004027882324748e-07,8.572535560929954415e-08,1.676402073562173602e-06,3.582098963830093266e-06,5.261579406057224479e-06,6.124790664727331324e-06,5.811839712918549681e-06,4.405235455295556215e-06,2.450731225840583823e-06,7.507385911225265802e-07,1.128853638419579010e-08,5.074407691284208687e-07,1.935541260706304032e-06,3.536912786511473618e-06,4.445535355085653315e-06,4.098208792694402395e-06,2.508914190847476624e-06,2.708376542664604933e-07,-1.719040187720797043e-06,-2.681731152026145382e-06,-2.320746791504427263e-06,-9.533417747559312337e-07,6.531755407836802271e-07,1.657783792955764982e-06,1.550254266946568548e-06,3.886358317531648445e-07,-1.241056776054249471e-06,-2.517583927504998581e-06,-2.784022344595734045e-06,-1.861800919841604056e-06,-1.336127110646343352e-07,1.636585559970097679e-06,2.654541540018132514e-06,2.450916206578627510e-06,1.080235079093979927e-06,-9.178830821273301954e-07,-2.766315772966540535e-06,-3.788598112802930441e-06,-3.688915903489076971e-06,-2.660978975100483184e-06,-1.292253899411856062e-06,-3.146400492597295601e-07,-3.075252053572380762e-07,-1.467286337113369013e-06,-3.523212830589358064e-06,-5.822753350849999197e-06,-7.551569315024107841e-06,-8.013052984353045987e-06,-6.875748928039640837e-06,-4.306489280776176365e-06,-9.391504953654398030e-07,2.321968643410697722e-06,4.609292687169439950e-06,5.408282980921857346e-06,4.763806820524454629e-06,3.283198478059863156e-06,1.911939553326925997e-06,1.550107110214991944e-06,2.655621300177259230e-06,5.004819165316914717e-06,7.731116688503782112e-06,9.650496106963152093e-06,9.753074753817817145e-06,7.653072838576976380e-06,3.791818743241512567e-06,-7.120812754533333838e-07,-4.514050068630794158e-06,-6.601663976640663129e-06,-6.706240881305725335e-06,-5.374366742974693950e-06,-3.661532188543437586e-06,-2.590072048612518981e-06,-2.630645663316196981e-06,-3.460590791566491087e-06,-4.122400186245731195e-06,-3.511831126771365406e-06,-9.618297914782572619e-07,3.363070647487519099e-06,8.459422099408001020e-06,1.287639060238620348e-05,1.532491260418070262e-05,1.521815356603281549e-05,1.289168805547197029e-05,9.408730514336127829e-06,6.056298303527395138e-06,3.782623482915301531e-06,2.843849407199749385e-06,2.813068385469109499e-06,2.918072809978528885e-06,2.511931647417958839e-06,1.424365997092534405e-06,1.748494866924969896e-08,-1.066074381435628171e-06,-1.309280154006676219e-06,-6.486711350269602503e-07,4.608254368551016165e-07,1.282028458421433266e-06,1.203079861503485353e-06,8.960474399404580683e-08,-1.619778859309338133e-06,-3.139498663156466562e-06,-3.773961670327945610e-06,-3.333494489837650951e-06,-2.297004568972959895e-06,-1.613606310122611953e-06,-2.223306469871138682e-06,-4.531541116849928327e-06,-8.111874807993451047e-06,-1.181053269077263004e-05,-1.423173134408234328e-05,-1.438922321556174744e-05,-1.221432650973671327e-05,-8.664564616032188510e-06,-5.357891778924049855e-06,-3.880610659311667017e-06,-5.075852224155368170e-06,-8.636999249727650202e-06,-1.319675881381473304e-05,-1.687949587436477896e-05,-1.807568862026407461e-05,-1.609926984907868974e-05,-1.144486685114219187e-05,-5.544134855803801984e-06,-1.428498858933159840e-07,3.418449846337723403e-06,4.707932934306959334e-06,4.287437254273484553e-06,3.369597451133303149e-06,3.223982897674074823e-06,4.605690834685304081e-06,7.449736954962016841e-06,1.094011403237729955e-05,1.389125654880751359e-05,1.525091005937316812e-05,1.450057410232827185e-05,1.179834472512032072e-05,7.838240297737366467e-06,3.525481906735163367e-06,-3.674200439308036994e-07,-3.416125184470817418e-06,-5.565433450567038697e-06,-6.989546019902099322e-06,-7.894022871266749092e-06,-8.370677201410765188e-06,-8.369469635808397386e-06,-7.779113876645465071e-06,-6.550353379849470254e-06,-4.780611266416594961e-06,-2.709086588201175068e-06,-6.265786060422256136e-07,1.247377706701620823e-06,2.851315279475074276e-06,4.285902612638467670e-06,5.734313178416925328e-06,7.341388598938066184e-06,9.112714345542528689e-06,1.088097177230076719e-05,1.235097343640202871e-05,1.319747626465557442e-05,1.317042388265503616e-05,1.216793741338219067e-05,1.026064040150899987e-05,7.675422209972043803e-06,4.757994602597451853e-06,1.927718504086814080e-06,-3.763085347102775608e-07,-1.767446704029166331e-06,-2.003904616446990516e-06,-1.081473349225772960e-06,7.147966476835276709e-07,2.844343675580858939e-06,4.648857543860405387e-06,5.564823282974140436e-06,5.334536082291745825e-06,4.120848302202754792e-06,2.458246582667044609e-06,1.040343058301467217e-06,4.226193031782909274e-07,7.697759102027020664e-07,1.769377172988327933e-06,2.764609651108976436e-06,3.057395394956158070e-06,2.247011244217698864e-06,4.432864166041803592e-07,-1.755154196175768883e-06,-3.518836913326665933e-06,-4.168182478379665083e-06,-3.499211274241076079e-06,-1.896207321585563121e-06,-1.708426106971524571e-07,8.030504069430572325e-07,4.907515332047604471e-07,-1.053894547763734668e-06,-3.208231171823676585e-06,-5.060365995757213858e-06,-5.817589786867686159e-06,-5.154837293171180106e-06,-3.347037746563670160e-06,-1.134284028726450995e-06,6.066164710685373252e-07,1.226970114711382392e-06,5.452389118055773525e-07,-1.130835127244532997e-06,-3.183093577759596233e-06,-4.958633526472624173e-06,-6.009647725929031914e-06,-6.203273412949011560e-06,-5.684995979156480566e-06,-4.751003389970974439e-06,-3.714110314423210778e-06,-2.825409017086693479e-06,-2.260986175686849667e-06,-2.136783062657481999e-06,-2.504348035977093765e-06,-3.309970363638521208e-06,-4.346454370833876921e-06,-5.255280650479604674e-06,-5.622351066710080318e-06,-5.155738733958615389e-06,-3.869791093229437905e-06,-2.168531338624178195e-06,-7.501696971648709524e-07,-3.379261720840525549e-07,-1.340479686401170390e-06,-3.603780959108317917e-06,-6.395570325317578111e-06,-8.664897059183033085e-06,-9.484731681200573219e-06,-8.483475711109413628e-06,-6.057220963410529048e-06,-3.243777027037866146e-06,-1.294204112408498072e-06,-1.124338973728627484e-06,-2.894221049529642269e-06,-5.911812999845975131e-06,-8.910576662147203436e-06,-1.057776873840289087e-05,-1.009504923579625067e-05,-7.450732884456582887e-06,-3.393827326319959322e-06,9.313407378452942537e-07,4.487037176832319723e-06,6.746389675306632949e-06,7.827736201093117677e-06,8.325976683604825363e-06,8.952204967243102205e-06,1.017173758668971958e-05,1.201026359780152525e-05,1.409646800779250196e-05,1.588499919617296455e-05,1.692137684132405834e-05,1.700882011715364216e-05,1.620922564913386925e-05,1.471113937857129828e-05,1.266912397264487720e-05,1.012384655186969907e-05,7.052192783397581785e-06,3.509804644307400704e-06,-2.336947503501565338e-07,-3.667984432432358369e-06,-6.165316740374974101e-06,-7.208671655062368198e-06,-6.615426778894773158e-06,-4.641605817807163937e-06,-1.908449779412397113e-06,8.187122074323165263e-07,2.897030021921800034e-06,3.997539084390057144e-06,4.144466911346654816e-06,3.605708188641896923e-06,2.710428712246833333e-06,1.696852564823154547e-06,6.632010671221801769e-07,-3.723295793534290047e-07,-1.361207632673567307e-06,-2.148277587983374281e-06,-2.488234019231879936e-06,-2.153131403000101503e-06,-1.070304227214421232e-06,5.928914970668352815e-07,2.454925759723222930e-06,4.053687917721755866e-06,5.024960278968200449e-06,5.236978351677162959e-06,4.814820658527348547e-06,4.046512209163996439e-06,3.224070385607046713e-06,2.503793510941039234e-06,1.854990372549007623e-06,1.115114179605529457e-06,1.114992319950219535e-07,-1.222403493884100385e-06,-2.798853364480638072e-06,-4.414758918385603186e-06,-5.846035746644055355e-06,-6.937321933608870466e-06,-7.636258348205954524e-06,-7.960907911574119659e-06,-7.933043164210726113e-06,-7.531307492729873752e-06,-6.703314460829598668e-06,-5.433719153631954850e-06,-3.822520386945809142e-06,-2.112225706431473233e-06,-6.264668638274753006e-07,3.651489809021741732e-07,7.903383975116161888e-07,8.418282862780590437e-07,9.148363149210325260e-07,1.424567721117631484e-06,2.581387207974031392e-06,4.234285542996842286e-06,5.870940831668190806e-06,6.792757263004037889e-06,6.399015458829446019e-06,4.457761852183463965e-06,1.241366455205061445e-06,-2.537353219621583981e-06,-5.964739629802095637e-06,-8.242394696504736225e-06,-8.952124825551418416e-06,-8.171282422210492759e-06,-6.409023685928897212e-06,-4.407432807911031830e-06,-2.895703064729994772e-06,-2.385410876862804408e-06,-3.059199569308149629e-06,-4.758911364640907069e-06,-7.047609961097806159e-06,-9.314142868157753504e-06,-1.090139370431369395e-05,-1.125149267730146346e-05,-1.005741570103891496e-05,-7.389981600754138563e-06,-3.748214250677293668e-06,1.813418521022763987e-08,2.929289664118903778e-06,4.192094160343593041e-06,3.504665148341510003e-06,1.218536359318479655e-06,-1.734610786060392217e-06,-4.153569598368081099e-06,-5.010523050293335241e-06,-3.849596260714340094e-06,-9.681092416196895732e-07,2.707374134430974695e-06,6.006027186874475873e-06,7.995777954889424436e-06,8.353381346057152092e-06,7.459170479334034900e-06,6.178956754334704308e-06,5.438642632827026419e-06,5.790559466223327238e-06,7.169890388450613084e-06,8.945893592451690295e-06,1.023219497134279987e-05,1.030143115625287163e-05,8.908388588384816192e-06,6.379385774413869325e-06,3.443950270442803624e-06,9.071997688521732488e-07,-6.721981155747214255e-07,-1.152234697043764214e-06,-7.683872535193831877e-07,6.330158082159526913e-08,9.767433916160289197e-07,1.794722734953520484e-06,2.516750048168308672e-06,3.189020228210076861e-06,3.756826363838573411e-06,4.005275898807352874e-06,3.636984380136517736e-06,2.449412014933960512e-06,5.090499064936416947e-07,-1.787652641596066079e-06,-3.820669836326402412e-06,-4.984572747122857918e-06,-4.948506731386087033e-06,-3.809543312869207107e-06,-2.059662672387784878e-06,-3.777099010548435538e-07,6.561397260681874854e-07,7.892020115883925902e-07,1.653985841194525144e-07,-7.865352823026464460e-07,-1.577872952932930871e-06,-1.879506748895603175e-06,-1.630829092400958068e-06,-9.986005519568630992e-07,-2.287292337444045637e-07,5.126012279864838740e-07,1.214823077936743861e-06,1.977472061221645543e-06,2.879866809259270364e-06,3.854523207206481342e-06,4.652298191409267915e-06,4.934383442214981623e-06,4.450644994393244104e-06,3.208094743296874806e-06,1.529738602379257304e-06,-4.336504082610286674e-08,-9.721703454441795083e-07,-9.596279954822979168e-07,-9.200661087385755361e-08,1.191979371230007778e-06,2.293453879171952587e-06,2.715895315423620406e-06,2.271786985330635193e-06,1.136006577238283328e-06,-2.739029935406244849e-07,-1.523989277216497917e-06,-2.378905731499785793e-06,-2.897553895936981225e-06,-3.365578619916101349e-06,-4.105962900050829434e-06,-5.270688621985990724e-06,-6.723856499892912457e-06,-8.077433524318258236e-06,-8.861659453840737359e-06,-8.744343800267805489e-06,-7.690890323951844032e-06,-5.989491515042957094e-06,-4.134631265098050412e-06,-2.630318920630838016e-06,-1.807900151928301842e-06,-1.737226651143365065e-06,-2.256261223581371173e-06,-3.083567900432083393e-06,-3.942921741107916194e-06,-4.636037289889529662e-06,-5.040784521932945963e-06,-5.062069558125482951e-06,-4.591122131828118590e-06,-3.519864156133934076e-06,-1.816306738422950195e-06,3.806922556985909828e-07,2.714047874813486628e-06,4.660472659576110014e-06,5.684655169981789406e-06,5.440048287187859141e-06,3.925811238931754947e-06,1.519447896791198132e-06,-1.142093022322952416e-06,-3.388712259552800333e-06,-4.753212052522563176e-06,-5.112194147227220818e-06,-4.671283266420161091e-06,-3.809193660011327551e-06,-2.863515238807716846e-06,-1.968024033096908492e-06,-1.022613006991183895e-06,1.933487446966629907e-07,1.829650702479455728e-06,3.804153608287981666e-06,5.766887160609610261e-06,7.220255312009853353e-06,7.743520497435330658e-06,7.210559312762792815e-06,5.885740306194274338e-06,4.337965948886758314e-06,3.201686512763884776e-06,2.892427997849816146e-06,3.413080892293280202e-06,4.349592042014011165e-06,5.066952935628555190e-06,5.019886383055672347e-06,4.034217711636124110e-06,2.423956810564105973e-06,8.828795139277924124e-07,1.938270741503136557e-07,8.847390442164908676e-07,2.986690295438922074e-06,6.003170409932895925e-06,9.103183358514736333e-06,1.144915568119766114e-05,1.251187237983697981e-05,1.223559728000436104e-05,1.099047974346307964e-05,9.349667352587739830e-06,7.806820161677343578e-06,6.569439609236645071e-06,5.517504839745029413e-06,4.330509491478787170e-06,2.703333983883306865e-06,5.333113914737055770e-07,-2.015585110720222594e-06,-4.595072158516450670e-06,-6.846137906962701701e-06,-8.562983520016336243e-06,-9.757374213376269304e-06,-1.059371106774585435e-05,-1.124090785914698568e-05,-1.173613603228595791e-05,-1.194967866696359530e-05,-1.168131304484555462e-05,-1.083826925620100126e-05,-9.587801073132920540e-06,-8.378090308375588259e-06,-7.784018448153183723e-06,-8.229697694792100803e-06,-9.717912831975456076e-06,-1.171349285480078355e-05,-1.326812912632479484e-05,-1.336243994593747882e-05,-1.133028801617546913e-05,-7.176850315348643980e-06,-1.636589367749352048e-06,4.071554683411371027e-06,8.697003948199180900e-06,1.142532375327151957e-05,1.215709060358744185e-05,1.147803592253006106e-05,1.034099719490789349e-05,9.610735047109700849e-06,9.681653772036615124e-06,1.033861088659269129e-05,1.091267035878585258e-05,1.064457149603289416e-05,9.075424732127906950e-06,6.279622172256142283e-06,2.838103040878712826e-06,-4.223564297635478394e-07,-2.789316354616842798e-06,-3.950948508189862368e-06,-4.081122393905470601e-06,-3.699858613407552486e-06,-3.393525299576374336e-06,-3.538421044312602987e-06,-4.156773228647809562e-06,-4.958471704972061678e-06,-5.527132775615803940e-06,-5.543660256205847429e-06,-4.934137744297618180e-06,-3.879246340825609813e-06,-2.698582437802725091e-06,-1.684022879111516734e-06,-9.722114102315344191e-07,-5.139851471931484831e-07,-1.403733977884236604e-07,3.255269354125141804e-07,9.777685819995906096e-07,1.802012153410515791e-06,2.714578836643020521e-06,3.626673420833660495e-06,4.483883640471340287e-06,5.253148311429526344e-06,5.868807429634056874e-06,6.181130424807879938e-06,5.955006371249180235e-06,4.939927629801301724e-06,2.989802419901440135e-06,1.767397499039837327e-07,-3.163301554333890417e-06,-6.488566588878820761e-06,-9.202354985043074010e-06,-1.084240984620580199e-05,-1.123522406212776545e-05,-1.055453230721909514e-05,-9.260988820368880765e-06,-7.944750945049521755e-06,-7.125889355224202277e-06,-7.078600972861463009e-06,-7.734271689291973855e-06,-8.693278810911815143e-06,-9.345332988644253192e-06,-9.069550015737703019e-06,-7.461667430990992840e-06,-4.520271120725149145e-06,-7.226808172125938967e-07,3.058246266569625541e-06,5.799672038981663891e-06,6.677955950153625449e-06,5.405949861555839659e-06,2.420225786437727013e-06,-1.186730937364187213e-06,-4.005442855948277034e-06,-4.819970799995332396e-06,-3.098079977945738260e-06,7.511561141213723532e-07,5.489925978200435683e-06,9.523276725359012485e-06,1.155615527748380052e-05,1.116184269594744700e-05,9.003962895775595326e-06,6.591171152181861424e-06,5.647103952649953413e-06,7.357217194671766536e-06,1.182265889027863409e-05,1.797070716113692858e-05,2.397233062135990347e-05,2.798902173039397945e-05,2.891966134616107817e-05,2.681668356662594309e-05,2.279215410268666062e-05,1.846850848946859648e-05,1.523541559549325502e-05,1.365626326619753101e-05,1.328798852555718702e-05,1.297723008377331058e-05,1.147225877972440790e-05,8.050706662713091289e-06,2.871018466995195087e-06,-3.099316943530845994e-06,-8.519483245876158616e-06,-1.225072143984783999e-05,-1.380013842395372136e-05,-1.344729524733445795e-05,-1.203434375137300717e-05,-1.055942586456326577e-05,-9.786579402470413363e-06,-1.004498986171907669e-05,-1.126839070330106963e-05,-1.319385835653201984e-05,-1.556925569348851043e-05,-1.824214696075831334e-05,-2.109807289444446846e-05,-2.392175464972134464e-05,-2.630739865761045707e-05,-2.771355967034203329e-05,-2.766360159407391315e-05,-2.599200901143493373e-05,-2.299129102409910714e-05,-1.935424823838701442e-05,-1.591294281467665758e-05,-1.329050607117887616e-05,-1.163962149778417872e-05,-1.060655947243623188e-05,-9.546936100401754612e-06,-7.887400700024272223e-06,-5.447144144243613401e-06,-2.549339543300709263e-06,1.406827290433934841e-07,1.971200079793430417e-06,2.670775771415556696e-06,2.533065647357954796e-06,2.317364536923595127e-06,2.906832058663282587e-06,4.890157027106521452e-06,8.272056586651605322e-06,1.245365477975364529e-05,1.648934334416164558e-05,1.949150048685512204e-05,2.098674212384834815e-05,2.105937595776930015e-05,2.022986361090291932e-05,1.914869213429520008e-05,1.827130723363073309e-05,1.767684582675607251e-05,1.710836594749351930e-05,1.619288536074202611e-05,1.470883889594465927e-05,1.275164737136255976e-05,1.070975965402047777e-05,9.067864552587265927e-06,8.144987775533297199e-06,7.906757214391392174e-06,7.950100634663923789e-06,7.669643366566987114e-06,6.525488446559955108e-06,4.286392538317604306e-06,1.139891833698498100e-06,-2.371911348343432243e-06,-5.552122640391763462e-06,-7.791772469311500243e-06,-8.756996291148099016e-06,-8.459950829710290209e-06,-7.209395116343893287e-06,-5.482933207371362454e-06,-3.779970459214112892e-06,-2.502621114501443204e-06,-1.885936181085092376e-06,-1.976846550860664621e-06,-2.652832048449387437e-06,-3.673630496420759329e-06,-4.761457989595723386e-06,-5.698280384726371547e-06,-6.413586002930705121e-06,-7.024195125311179169e-06,-7.793066641485630656e-06,-9.002897580544816600e-06,-1.078356189838136476e-05,-1.296828476641055433e-05,-1.505850355242514879e-05,-1.634094897308200993e-05,-1.613352038034621499e-05,-1.406901031979763415e-05,-1.029280372060100026e-05,-5.474125201169947915e-06,-6.054035344169208030e-07,3.340823399551478716e-06,5.757926461783378127e-06,6.605002384251329541e-06,6.370688873532941722e-06,5.814702286751063720e-06,5.601437542578841438e-06,5.990354502502595240e-06,6.723400999102471290e-06,7.160704432712227535e-06,6.602901492702873695e-06,4.653668780058543372e-06,1.457913032520476861e-06,-2.292837700857594446e-06,-5.592623149355942351e-06,-7.491904026405271594e-06,-7.450566793253156553e-06,-5.528804528576312558e-06,-2.345258778974369090e-06,1.168286326888077042e-06,4.104960431686159170e-06,5.873866459801207810e-06,6.336422957402461951e-06,5.754890804677226395e-06,4.601620931662964141e-06,3.330365631684710375e-06,2.214485508687135662e-06,1.313634010955166582e-06,5.633114841463878500e-07,-7.769936627614431207e-08,-5.121231249114275277e-07,-4.920800953242181894e-07,2.727926478369755059e-07,1.933187246358157377e-06,4.333977733996139482e-06,6.957557884351200400e-06,9.029384126619702556e-06,9.768855337071998495e-06,8.699066364881593400e-06,5.890190802203765887e-06,2.023178551932724068e-06,-1.777202375349468157e-06,-4.300213550606839130e-06,-4.675180682660048470e-06,-2.703939585589172806e-06,1.036948129162070828e-06,5.377093636577893248e-06,8.958061355944267609e-06,1.071266388789606675e-05,1.023182015308613877e-05,7.874594936792663819e-06,4.580170846793737756e-06,1.463070076034708759e-06,-6.373481581643958748e-07,-1.464783436349902311e-06,-1.386662715940857681e-06,-1.160538779966752272e-06,-1.539048455262256555e-06,-2.895260798847132403e-06,-5.037684544326995278e-06,-7.296032805100391612e-06,-8.835147623170612737e-06,-9.051274985807098152e-06,-7.868519751050942568e-06,-5.799471378634910757e-06,-3.740854117615736991e-06,-2.593768251065186570e-06,-2.875407142115953622e-06,-4.491548978898788044e-06,-6.767362414408101346e-06,-8.721648978960689589e-06,-9.466727869700686525e-06,-8.566680764043306005e-06,-6.209379098388792771e-06,-3.129457335580496865e-06,-3.227501433074533102e-07,1.326365304970460520e-06,1.356342180869029706e-06,-1.358802689794479031e-07,-2.572949753053226622e-06,-5.141833069833635475e-06,-7.098470664188232090e-06,-8.012195796912060218e-06,-7.863524207913677084e-06,-6.972775833979802263e-06,-5.804213444260495994e-06,-4.735444908155131828e-06,-3.889432222439995262e-06,-3.095964282601193822e-06,-1.994078833763116415e-06,-2.283945835580026979e-07,2.346854735654308545e-06,5.546727551453860868e-06,8.875238649212976349e-06,1.168541584950277606e-05,1.341862306382450871e-05,1.382412343952612300e-05,1.306263007358127913e-05,1.164279007641477821e-05,1.021035519656760885e-05,9.276381510304532781e-06,9.002603526271452333e-06,9.141978444159569190e-06,9.165944311333421073e-06,8.525117665650010478e-06,6.925783179416648631e-06,4.492438933523468114e-06,1.735676245840324525e-06,-6.654341213870995795e-07,-2.167871360087204907e-06,-2.612101130458565870e-06,-2.291188947723578752e-06,-1.803206251702649052e-06,-1.753268413848731344e-06,-2.447432390063282288e-06,-3.729200617947966905e-06,-5.043906895156056740e-06,-5.706643389018558787e-06,-5.248350761168556185e-06,-3.672303030515257508e-06,-1.491881780709495378e-06,4.768268853123867487e-07,1.476378897291170287e-06,1.156325062443462948e-06,-2.549537292447290646e-07,-2.037167045996686673e-06,-3.285928547402897640e-06,-3.302259730671202412e-06,-1.889752193100578815e-06,5.681641929924627203e-07,3.275196708181324682e-06,5.348596209572013243e-06,6.156288708305416308e-06,5.524118861059279489e-06,3.743196184604408124e-06,1.401737846671925957e-06,-8.627543346124377143e-07,-2.577584316059627694e-06,-3.539113687770446682e-06,-3.796614551240025155e-06,-3.561393093905081537e-06,-3.106297591406578844e-06,-2.699877955422408078e-06,-2.578292840391810568e-06,-2.926238138395129539e-06,-3.836534788142670009e-06,-5.246134961717299399e-06,-6.883289040797610132e-06,-8.278457041675113147e-06,-8.873045379473563389e-06,-8.210572968278218123e-06,-6.140777458896267483e-06,-2.941339670099161955e-06,7.155956155418369747e-07,3.959870684736932158e-06,6.013392067098753894e-06,6.455153300497254128e-06,5.348610332775601515e-06,3.179939004279595695e-06,6.424073071772509798e-07,-1.629266797898842093e-06,-3.254887674901774494e-06,-4.159490352107896213e-06,-4.482519859287472822e-06,-4.420583734974869007e-06,-4.104074286612390758e-06,-3.574794131131975833e-06,-2.860891123557936461e-06,-2.079085962534925269e-06,-1.472344078585396842e-06,-1.328640869326992404e-06,-1.803617345523329675e-06,-2.742430539898507692e-06,-3.619346025435126120e-06,-3.668227078834121684e-06,-2.181563839848966099e-06,1.141434733877752385e-06,5.962370727049439708e-06,1.131532882748663860e-05,1.588574589465295911e-05,1.845426106462429448e-05,1.832080309263073439e-05,1.552774464143114998e-05,1.079148714776831225e-05,5.186019345456076591e-06,-2.663180652327172072e-07,-4.907713407203026672e-06,-8.532002881746308424e-06,-1.123809769231783950e-05,-1.316168116055496240e-05,-1.425354311067252795e-05,-1.423758076623460924e-05,-1.277451042341690671e-05,-9.736567912360838308e-06,-5.429118799335413549e-06,-6.152717680921710921e-07,3.699968258426929160e-06,6.640868376784346447e-06,7.813440892557341026e-06,7.464148989793634266e-06,6.359401329779831575e-06,5.436340059532580108e-06,5.388698002797151095e-06,6.383980168699039610e-06,8.042730322688155584e-06,9.679945647795180501e-06,1.067885920649482985e-05,1.080393224994410758e-05,1.029470427346503170e-05,9.696930874954938425e-06,9.523532780775023572e-06,9.926121542749471834e-06,1.055365619437138115e-05,1.068041672044466682e-05,9.548621500346542358e-06,6.760407769231630706e-06,2.524810705553043194e-06,-2.367710671900051773e-06,-6.840724483227660833e-06,-9.965363411069397262e-06,-1.133366474332763331e-05,-1.120121135689455797e-05,-1.033602771575964675e-05,-9.645829579189786921e-06,-9.754979333649555772e-06,-1.072111974166880289e-05,-1.201375697439103028e-05,-1.275726464068786643e-05,-1.212515397794271272e-05,-9.712222883750622863e-06,-5.729500172180187772e-06,-9.503011263805655382e-07,3.556935786649544456e-06,6.790145897206898336e-06,8.124513881820829718e-06,7.463673151661032048e-06,5.197632130521288097e-06,2.012243548745436405e-06,-1.356539058275655087e-06,-4.327260954505804538e-06,-6.575792451185989417e-06,-8.028217050183102555e-06,-8.779395010582842170e-06,-8.991091136258310548e-06,-8.814226141057110447e-06,-8.353815688765356642e-06,-7.668973699974612374e-06,-6.787046656451802539e-06,-5.714279135933186242e-06,-4.439404551151464208e-06,-2.940012009128897724e-06,-1.204769962745365676e-06,7.252233782993077241e-07,2.710028977263437698e-06,4.487481369548053493e-06,5.701296303915437404e-06,5.991886722419976805e-06,5.131479252750813004e-06,3.156144201422299588e-06,4.342456066950042541e-07,-2.376267510669736355e-06,-4.491099595740059874e-06,-5.242245856236119622e-06,-4.317147767761708653e-06,-1.898952782291642524e-06,1.360588000518209920e-06,4.543803115609074274e-06,6.782139424718423391e-06,7.567711461567953749e-06,6.936934522766905429e-06,5.445578306447600881e-06,3.936415351692518478e-06,3.187866282676829601e-06,3.586721781834703563e-06,4.963819708777127888e-06,6.666734987126739019e-06,7.843546099605178774e-06,7.819340612932358997e-06,6.403784702288720692e-06,3.994858471995776471e-06,1.430760627782310240e-06,-3.486112846836104290e-07,-6.860588801848363573e-07,5.264535995815773594e-07,2.809699045473619104e-06,5.296385650142730191e-06,7.073646809584550348e-06,7.517374699412533030e-06,6.480106083445315026e-06,4.269405765785846460e-06,1.453283105000811393e-06,-1.395284158655502631e-06,-3.886578103065542628e-06,-5.855637251647906536e-06,-7.263778738629309454e-06,-8.045069176905970615e-06,-8.011706921182519401e-06,-6.896626449340052261e-06,-4.529397149085178402e-06,-1.055701072271848641e-06,2.932183093259605896e-06,6.460151442908709053e-06,8.451192766753633896e-06,8.128717169029907582e-06,5.377724541657919465e-06,8.929479206773795907e-07,-3.980572829513201235e-06,-7.681987851835984642e-06,-8.989184950303153184e-06,-7.476124848235572372e-06,-3.684359873428017879e-06,1.069367860986514676e-06,5.180687174854244232e-06,7.350534970462711844e-06,7.050227550531086324e-06,4.678162190943908754e-06,1.354161844346471379e-06,-1.555746869396050017e-06,-2.985633326583785089e-06,-2.566857089771673298e-06,-7.249857157496098674e-07,1.546466481244774096e-06,3.126108460296368150e-06,3.227904959752271065e-06,1.698209773255820555e-06,-9.632717267096917264e-07,-3.847843176336359063e-06,-6.027782780509908667e-06,-6.920240195795027294e-06,-6.477296314260353134e-06,-5.139512223740497867e-06,-3.596169791217989623e-06,-2.474656466702854437e-06,-2.100843080530529200e-06,-2.426981081933723906e-06,-3.138155303615549476e-06,-3.864355749083548048e-06,-4.381827468170509668e-06,-4.702879117849786501e-06,-5.017430328160809551e-06,-5.528873424400681169e-06,-6.281442069833510640e-06,-7.079328860875999149e-06,-7.548403912213154376e-06,-7.314973802090149607e-06,-6.211626628263497114e-06,-4.401048495781324504e-06,-2.345470827080676904e-06,-6.246927505323683473e-07,3.177419641819049468e-07,3.811696564987379102e-07,-1.335209814182743246e-07,-6.457879479680685871e-07,-5.453427521136112210e-07,5.431638277440571536e-07,2.600372977513698202e-06,5.226355162175491074e-06,7.814970364002565023e-06,9.800869994985481163e-06,1.086227769587423228e-05,1.099111547698489129e-05,1.041229031842816505e-05,9.409625116543506027e-06,8.158857359486523805e-06,6.657788481733290032e-06,4.787140752520614294e-06,2.463430680694357702e-06,-2.051220043196077292e-07,-2.851549920995211582e-06,-4.918949467316176657e-06,-5.843392229545560695e-06,-5.271937214432017272e-06,-3.219199744472972555e-06,-9.503711302400228550e-08,3.405121448717196877e-06,6.497518447548135927e-06,8.515337684810495684e-06,9.052038235298034261e-06,8.011472299258306793e-06,5.577336167284586511e-06,2.140203876304451532e-06,-1.781749148808243930e-06,-5.614139295571704982e-06,-8.798033329481784261e-06,-1.087516849391684077e-05,-1.158363159702117465e-05,-1.093490167293504924e-05,-9.228386118658542982e-06,-6.972091710877207140e-06,-4.717639283737447037e-06,-2.865746346887506433e-06,-1.526644541351241083e-06,-5.075543764021309107e-07,5.542474274422225745e-07,1.965939433391130905e-06,3.767746576030480818e-06,5.646191763005363538e-06,7.029837873649673922e-06,7.337813683179229683e-06,6.271441565216989201e-06,4.008538003158246648e-06,1.197428520140490871e-06,-1.261549352280039041e-06,-2.558172021174410399e-06,-2.287632352825788050e-06,-5.981384993991221787e-07,1.892740737832801066e-06,4.368843691144346894e-06,6.144022458482070913e-06,6.898417257058126064e-06,6.724779195756906518e-06,5.985309890259215147e-06,5.072526966305458629e-06,4.208531580218899803e-06,3.386324944879375145e-06,2.472538152850846664e-06,1.398846319939605228e-06,3.187353851197491194e-07,-3.758261438309728145e-07,-2.062755250453810982e-07,1.138948221355785307e-06,3.578855724126817409e-06,6.568454440404544408e-06,9.237345104914619170e-06,1.069243077101133354e-05,1.035630282880100173e-05,8.191357780924100865e-06,4.710129118226747307e-06,7.697980065045138841e-07,-2.754354774730700486e-06,-5.272008466144979527e-06,-6.632083560876240413e-06,-7.078926672950776992e-06,-7.054529713487716983e-06,-6.956230032370016268e-06,-6.967314651194415318e-06,-7.029244232205565489e-06,-6.947182463080236648e-06,-6.555365878086957301e-06,-5.846805548418634896e-06,-5.000156921545641587e-06,-4.296731608756882567e-06,-3.979344443748672649e-06,-4.132041578069433244e-06,-4.644018806007565440e-06,-5.273361515734838810e-06,-5.773313631998453913e-06,-6.013151169308377254e-06,-6.031713482503742970e-06,-5.999003176139457361e-06,-6.109265536416785551e-06,-6.462885971216037051e-06,-6.998227818078863934e-06,-7.508021879617704924e-06,-7.732680977477223886e-06,-7.485968138627517820e-06,-6.753707791065154004e-06,-5.719016369866333637e-06,-4.700373193918365387e-06,-4.026287167558710162e-06,-3.896541878309955997e-06,-4.285472036567458374e-06,-4.926927051923030626e-06,-5.390703753697697934e-06,-5.227323734108250630e-06,-4.132888202713330531e-06,-2.076071518466271026e-06,6.616157195570135245e-07,3.554960539188918795e-06,5.999438270196577518e-06,7.520140336314849769e-06,7.951215390660914739e-06,7.513014401131312067e-06,6.744164831137860286e-06,6.298031795147124457e-06,6.669806454720218544e-06,7.958403043591308652e-06,9.766855180670712955e-06,1.130013327072117170e-05,1.164343861596600485e-05,1.012624858176141112e-05,6.631598053680787262e-06,1.719739041398929312e-06,-3.498653505202083705e-06,-7.706431610270188817e-06,-9.817973772865195027e-06,-9.345838934717667662e-06,-6.555894677506243907e-06,-2.354256745613537050e-06,2.043956698715222001e-06,5.529910925867674205e-06,7.440169038822496158e-06,7.700731610660343411e-06,6.744934917302474542e-06,5.267749629682433179e-06,3.937118718710152735e-06,3.182869843182501327e-06,3.131001962224547046e-06,3.675369844495259613e-06,4.617962216885471122e-06,5.790529384971377119e-06,7.098392221160140188e-06,8.482216899311754998e-06,9.843538926664915602e-06,1.099807645225253220e-05,1.169944100720445803e-05,1.172896558870719539e-05,1.100289741627517314e-05,9.632084006392308678e-06,7.891324731844646194e-06,6.104164936620229505e-06,4.497419936062546422e-06,3.100908660536918410e-06,1.748812753721889846e-06,1.883704034403226311e-07,-1.754785657934858486e-06,-4.037663500489934500e-06,-6.360745289634761621e-06,-8.254259475301187511e-06,-9.253313496129152860e-06,-9.080378095998709625e-06,-7.749301424437238987e-06,-5.544061895672143030e-06,-2.888277251460615782e-06,-1.760140355109756413e-07,2.347536752272935072e-06,4.595269542559282852e-06,6.537782853682428884e-06,8.056235612834679877e-06,8.842562273403527863e-06,8.423715145391346703e-06,6.326748408445011814e-06,2.327154448814862919e-06,-3.329913203500869444e-06,-9.849912640706359862e-06,-1.601540395072727026e-05,-2.050010705203934234e-05,-2.227065754758822237e-05,-2.093263216855407213e-05,-1.689082165730661515e-05,-1.125899966609282757e-05,-5.544913601876165533e-06,-1.215786616457432748e-06,7.118334277310196415e-07,-7.128193834203488466e-08,-3.134322929213087081e-06,-7.490145621516962713e-06,-1.192007042529315153e-05,-1.532873417344624963e-05,-1.702202371048186483e-05,-1.683785303108929903e-05,-1.511223835649555888e-05,-1.251307439694192390e-05,-9.807021098508525930e-06,-7.634530113197803149e-06,-6.355443370902230432e-06,-5.999333396895180747e-06,-6.320068510270789837e-06,-6.922715155643920204e-06,-7.411366549631482107e-06,-7.504451462937771568e-06,-7.080476806827386175e-06,-6.146976052074155751e-06,-4.758134478604715610e-06,-2.929057000250029642e-06,-5.963877089201759423e-07,2.346783346880626766e-06,5.951374489912205772e-06,1.009490872838381351e-05,1.441142947176935035e-05,1.832193052680766270e-05,2.117781915657667734e-05,2.247655780405588799e-05,2.206682448728919038e-05,2.025190888270802367e-05,1.773272305215236412e-05,1.539497853616195953e-05,1.401248586133379149e-05,1.397962315571936580e-05,1.518021126080904153e-05,1.704714859385408047e-05,1.878875141689905046e-05,1.968807373072153889e-05,1.935198245129391402e-05,1.781122343156202225e-05,1.544032621346716271e-05,1.274613467880978768e-05,1.012938487111480327e-05,7.729864843592714632e-06,5.420461806151847351e-06,2.941253504648582877e-06,9.760805954988690577e-08,-3.081965354661975085e-06,-6.308996089484909178e-06,-9.137443050872193275e-06,-1.115326633840682916e-05,-1.215614343632792285e-05,-1.224342956252558970e-05,-1.175652702109392969e-05,-1.111921449368929269e-05,-1.065107752536527287e-05,-1.044997423335435700e-05,-1.040014528842256073e-05,-1.029622110035930003e-05,-1.001194885647931223e-05,-9.617712711366233641e-06,-9.376290204465177741e-06,-9.609832072615392482e-06,-1.050105210899336937e-05,-1.193220372779923863e-05,-1.345455493842797580e-05,-1.442192611083678808e-05,-1.424188044020750714e-05,-1.263612074133405262e-05,-9.788825852586766359e-06,-6.306369783020143777e-06,-2.994898630409139165e-06,-5.455602382163153660e-07,7.382077488430404848e-07,1.052480788260063955e-06,9.942565893463813374e-07,1.294870001920719524e-06,2.500598055203332876e-06,4.736756430430513640e-06,7.652457873000118553e-06,1.056276150558195856e-05,1.272029820903434863e-05,1.359733192866454564e-05,1.306262062661455814e-05,1.139072155502667180e-05,9.117568213031989423e-06,6.819537384711771710e-06,4.916443307242984665e-06,3.575098538553759510e-06,2.734785418280298761e-06,2.218125176208979381e-06,1.857940819355492507e-06,1.575705225300540428e-06,1.383183471926807589e-06,1.324234820397535069e-06,1.404015167219388825e-06,1.553575848976982511e-06,1.651460260774137328e-06,1.587213712847865371e-06,1.326208197796144570e-06,9.349758748822001540e-07,5.505914764557601224e-07,3.117135461717866747e-07,2.923717035560151380e-07,4.782907200791348418e-07,7.996517109565998349e-07,1.198462164856163977e-06,1.684412441303971161e-06,2.335959591785876122e-06,3.234122082718852656e-06,4.359376950809066136e-06,5.512759749559172580e-06,6.320958671657259265e-06,6.348222451046987321e-06,5.281347266703854609e-06,3.106661695210164870e-06,1.867984716015642194e-07,-2.819347420159598704e-06,-5.180743963239895537e-06,-6.378402100979586180e-06,-6.327873012809902356e-06,-5.435678016467237121e-06,-4.453313440659537800e-06,-4.181617552411942668e-06,-5.147225619577310873e-06,-7.388333297629132908e-06,-1.044041609900806130e-05,-1.352473512748133359e-05,-1.585405619460013521e-05,-1.692200994716409285e-05,-1.665640301782264065e-05,-1.538423748240163702e-05,-1.364352953193945566e-05,-1.194211159834423537e-05,-1.057674057361101272e-05,-9.584003552595593995e-06,-8.821986263392141760e-06,-8.116814162950700744e-06,-7.383430178744206851e-06,-6.655412417842654942e-06,-6.017555922302658190e-06,-5.493549198389331875e-06,-4.966955236039090444e-06,-4.193214179461711536e-06,-2.905727943040729807e-06,-9.614003629585878837e-07,1.556787162127400407e-06,4.343887593994334755e-06,6.991370617637931982e-06,9.163891258359667865e-06,1.074283834588889962e-05,1.185803144613450009e-05,1.278564744531528354e-05,1.376199855329050420e-05,1.481118946065436858e-05,1.568301954318509605e-05,1.594451958053920917e-05,1.519000899194353239e-05,1.327047584082284493e-05,1.042699154116004856e-05,7.254455610118813604e-06,4.501666820485642901e-06,2.792433027741976927e-06,2.391273477899943401e-06,3.117202527938021592e-06,4.440367757126897089e-06,5.712973291826587236e-06,6.428297376631167177e-06,6.396122723590174442e-06,5.769353428050105622e-06,4.929399759947314291e-06,4.300076920993120560e-06,4.182089471826721708e-06,4.675570402040200780e-06,5.703848517164598035e-06,7.098690444221830268e-06,8.683412746709338444e-06,1.030534825018964532e-05,1.181095571315971637e-05,1.299895627963001959e-05,1.360393691612328731e-05,1.334483600907810425e-05,1.203022251950583927e-05,9.670353934223670654e-06,6.530006978780881218e-06,3.077402543041449532e-06,-1.660030565428349863e-07,-2.817678253345315353e-06,-4.783423138200141698e-06,-6.292406136380203776e-06,-7.795071181432919051e-06,-9.762703303993824975e-06,-1.247210425355281738e-05,-1.586546215705955131e-05,-1.954171978901215082e-05,-2.287854408932797089e-05,-2.523063215247669410e-05,-2.612430815730915830e-05,-2.537916785164491860e-05,-2.312596648694862178e-05,-1.973510173068173645e-05,-1.570045859454890044e-05,-1.152771522703091082e-05,-7.657677428433510018e-06,-4.428084452367273420e-06,-2.057973477154039993e-06,-6.364292281550141173e-07,-1.102820234353070649e-07,-2.819165645476741419e-07,-8.359793882497376082e-07,-1.405752739668517717e-06,-1.669737419456947358e-06,-1.448068961288253477e-06,-7.596970659393797092e-07,1.883323611877624629e-07,1.081873103972368113e-06,1.623077569040690426e-06,1.648578010196720269e-06,1.195300528814848262e-06,4.875870745049023780e-07,-1.488215158292961783e-07,-4.114651018808573365e-07,-1.360727006315076908e-07,6.409620628199888850e-07,1.693594630151122934e-06,2.684134369071640254e-06,3.279151215064471110e-06,3.263892272451406855e-06,2.619348840389453666e-06,1.539981885062362283e-06,3.883949332928485653e-07,-3.996386233245474814e-07,-4.341049566011045884e-07,5.177690883153793083e-07,2.457495301791844069e-06,5.140368912229002810e-06,8.126729028091055513e-06,1.088864187849714810e-05,1.294426819042102271e-05,1.398180472616122351e-05,1.393571558120817605e-05,1.299128242255981721e-05,1.151589366749503246e-05,9.939515292654533139e-06,8.623657582137886574e-06,7.761379599024655575e-06,7.339111541170684765e-06,7.168814139451557944e-06,6.974698858099555375e-06,6.501319507475861889e-06,5.605119608991544286e-06,4.300149759208176453e-06,2.746431471981075063e-06,1.189368194490377683e-06,-1.261459885787804249e-07,-1.037055816016822511e-06,-1.512762554855440016e-06,-1.660316648720113157e-06,-1.684539494209220565e-06,-1.817531843564894066e-06,-2.241196847871547698e-06,-3.028107816777637490e-06,-4.119749084087390388e-06,-5.348617407173120892e-06,-6.495765814186587383e-06,-7.363151585978512048e-06,-7.835178261732393586e-06,-7.908289246193339831e-06,-7.679958254683460432e-06,-7.304102056946096757e-06,-6.932416717717914080e-06,-6.665228225926485003e-06,-6.529620472617734205e-06,-6.489763808161260782e-06,-6.480500721789192888e-06,-6.446508503828702369e-06,-6.369123506791663322e-06,-6.270313031952443094e-06,-6.194025894010512128e-06,-6.174056806775823852e-06,-6.201312108200151884e-06,-6.201912810914884900e-06,-6.033404407393346126e-06,-5.502276443658751097e-06,-4.403033122530186406e-06,-2.575878306832941764e-06,2.540216942412124095e-08,3.271807828358358652e-06,6.827482491121420875e-06,1.017240159853233763e-05,1.269244317906228895e-05,1.382666618077370005e-05,1.323380069283042835e-05,1.092053170794739261e-05,7.275806128496755247e-06,2.983069269540624375e-06,-1.171474600754673644e-06,-4.530502163557549678e-06,-6.749437761063280339e-06,-7.858245521080747497e-06,-8.175412490361450024e-06,-8.112645229478881624e-06,-7.959299203996988208e-06,-7.746815751204722946e-06,-7.257288674869623479e-06,-6.171541158289474910e-06,-4.282869884844651645e-06,-1.667238407109578519e-06,1.281559280018806068e-06,3.978872346902555520e-06,5.884719888818046527e-06,6.737165383083463189e-06,6.668876605390878128e-06,6.145251181892004569e-06,5.747737522081053847e-06,5.901725386220446405e-06,6.676724040257941780e-06,7.752736724223301739e-06,8.567063499194994971e-06,8.569662274764927958e-06,7.465402166004964614e-06,5.332324375358320110e-06,2.569813923365957353e-06,-2.845240646445380028e-07,-2.769088438636503412e-06,-4.636135235784211460e-06,-5.854532151870114458e-06,-6.495961031487790104e-06,-6.586874982405487033e-06,-6.024595819308021906e-06,-4.616191840791254977e-06,-2.225294929363047880e-06,1.054807563298262596e-06,4.806644682500546441e-06,8.343240898063598548e-06,1.090807255440221526e-05,1.194016593195883094e-05,1.128633277905133978e-05,9.263088749414527800e-06,6.539494313931923268e-06,3.894042856581252575e-06,1.952770320753874230e-06,1.016350890546954867e-06,1.033708599070128515e-06,1.707070410631236220e-06,2.656619701152812687e-06,3.559257431239561473e-06,4.207809532936184892e-06,4.491944017364330087e-06,4.346723121416379950e-06,3.724177409466154376e-06,2.614984224824655082e-06,1.101762325195788705e-06,-6.065726040403187493e-07,-2.206277357766741716e-06,-3.403694626294803365e-06,-4.049538726767588054e-06,-4.227338228232050954e-06,-4.233231492098946016e-06,-4.438425529128341904e-06,-5.093747762611188768e-06,-6.178590543836155897e-06,-7.385546496310904241e-06,-8.266910258789805010e-06,-8.480927946090400360e-06,-8.011603608103754805e-06,-7.234625687974573083e-06,-6.771045605118655126e-06,-7.179258661431569950e-06,-8.629634125838734086e-06,-1.073308241716501541e-05,-1.263437171625149509e-05,-1.335690402802811363e-05,-1.225665487623955627e-05,-9.374478547222877227e-06,-5.506832258875236885e-06,-1.936254853904330086e-06,7.982253065992484015e-08,-1.551871637413779825e-07,-2.455192826055499119e-06,-5.792926838624062744e-06,-8.694474251052969438e-06,-9.819913421103196644e-06,-8.482366690334737643e-06,-4.889439282855293341e-06,-1.857509832006103813e-08,4.799782244647226078e-06,8.395656249946377992e-06,1.014676677727766086e-05,1.009105033299040055e-05,8.751617292627395433e-06,6.791469960578450221e-06,4.680265143447298807e-06,2.530154350705716655e-06,1.615276185328724038e-07,-2.656648985894860484e-06,-5.927307027625932953e-06,-9.252132367216817666e-06,-1.185277657037925960e-05,-1.278241019284560943e-05,-1.124238917043044481e-05,-6.882375522220946313e-06,2.100106979041161318e-08,8.558910695727064979e-06,1.735070971643608035e-05,2.482015407990550103e-05,2.952198998684249062e-05,3.045650551764195877e-05,2.731728799791801742e-05,2.062151277389616711e-05,1.167672094950274203e-05,2.356079965093173456e-06,-5.304271987469248951e-06,-9.611144497261098888e-06,-9.690307771359101864e-06,-5.775001152306563802e-06,8.167082772245915360e-07,8.046344235317157083e-06,1.376874169581307131e-05,1.639876236276371885e-05,1.539828717351944505e-05,1.140496965442556322e-05,5.953517394914519490e-06,8.944448869129514301e-07,-2.269483434181214526e-06,-2.881373373039000711e-06,-1.286812326515500374e-06,1.387581690586463515e-06,3.722712580445535786e-06,4.557332716962368406e-06,3.388996541109959407e-06,4.926651206111734036e-07,-3.253670433717382352e-06,-6.735161451049443367e-06,-8.999708725651394368e-06,-9.545417947621657071e-06,-8.416501070301275726e-06,-6.111404472603714866e-06,-3.370394779754785307e-06,-9.331475516896622972e-07,6.580348886519564088e-07,1.168802781809917195e-06,6.905289478762179656e-07,-4.209223657401124442e-07,-1.664261271719069886e-06,-2.545431910694155931e-06,-2.733143420198674218e-06,-2.177329519060018139e-06,-1.147867374863866745e-06,-1.654109626763745944e-07,1.692979107223863343e-07,-6.025197519464365200e-07,-2.606540157623205159e-06,-5.557419585963937616e-06,-8.837296662347311497e-06,-1.170869654663472942e-05,-1.357770375397402859e-05,-1.419573982642046518e-05,-1.371228598530231227e-05,-1.255825961625504558e-05,-1.121934292021980011e-05,-1.001098371446680701e-05,-8.964582411307577507e-06,-7.877056314323963067e-06,-6.491519434358255551e-06,-4.708185524282975587e-06,-2.707734479368392584e-06,-9.141375562702250370e-07,1.918121714388475670e-07,3.165777954229988191e-07,-4.705241935889570138e-07,-1.725712231299879791e-06,-2.797744705224770547e-06,-3.098176772222811020e-06,-2.346797940435660242e-06,-6.761630682533447484e-07,1.450300324956420497e-06,3.459531806714489281e-06,4.915632200596223863e-06,5.671646520610849903e-06,5.861262296669404765e-06,5.752596193119295110e-06,5.558254717237995674e-06,5.314311813422970625e-06,4.896601384831082249e-06,4.160686357337132020e-06,3.117568462215391336e-06,2.032170680999662511e-06,1.370749865821518411e-06,1.606520213465443275e-06,2.975129559595068466e-06,5.307767629520223519e-06,8.038068602512652704e-06,1.039413481762059449e-05,1.169249633007124256e-05,1.159645969379582309e-05,1.021673109879040614e-05,8.010744121769994961e-06,5.538688663523949244e-06,3.205981417346847839e-06,1.125941636540449307e-06,-8.300267410543616334e-07,-2.830082216059632059e-06,-4.847688740404837282e-06,-6.537485506454461367e-06,-7.308797334292665213e-06,-6.580097821744319551e-06,-4.096997706492481740e-06,-1.517218728024158036e-07,4.421315479215678576e-06,8.496977244671764212e-06,1.106224520884705267e-05,1.159760633861889526e-05,1.026711479588491048e-05,7.830135875398033077e-06,5.311866977931754748e-06,3.576885916299630022e-06,2.990743340578811598e-06,3.311536425748448762e-06,3.848323910305705819e-06,3.805705170780264892e-06,2.656951750495516207e-06,3.837574447684136080e-07,-2.513426212060496521e-06,-5.227730848022385419e-06,-6.981455347567608535e-06,-7.341325848693725993e-06,-6.388219047550845267e-06,-4.683008363963745453e-06,-3.053176519745482060e-06,-2.289376444085523376e-06,-2.865232338004612835e-06,-4.774696524138830278e-06,-7.533074320504439404e-06,-1.033165281728839773e-05,-1.229055333526101609e-05,-1.273054375546760531e-05,-1.138400502501149561e-05,-8.484458282522310064e-06,-4.707346067125525355e-06,-9.756183628407271421e-07,1.816042252277122093e-06,3.075356302121789689e-06,2.695161979142073134e-06,1.077836494128850132e-06,-1.015087754010713138e-06,-2.741356888065068242e-06,-3.485236759401978691e-06,-3.076320514284695151e-06,-1.831400297353454428e-06,-3.991698476181731362e-07,5.308830233453982320e-07,5.342612273440654962e-07,-3.588868800928081999e-07,-1.673343821872611401e-06,-2.694508148974739798e-06,-2.780118166948460808e-06,-1.640064628417132799e-06,5.395254236272037384e-07,3.181098087055247584e-06,5.567532309832305424e-06,7.143960096738624382e-06,7.732138673509957928e-06,7.563831837197522665e-06,7.126421615929236038e-06,6.901963263786874532e-06,7.128187997291455751e-06,7.694660133402459560e-06,8.218050823517201865e-06,8.251986777429619067e-06,7.522667334314275772e-06,6.072289173063785689e-06,4.241507565868071746e-06,2.504081677999578719e-06,1.240141739787367200e-06,5.628574233160825945e-07,2.834361999570558881e-07,2.748253428610013385e-08,-5.611458348138855248e-07,-1.635686089663033785e-06,-3.075202354315993765e-06,-4.560096373349479913e-06,-5.750461687526561289e-06,-6.469544218689818287e-06,-6.792238971304515940e-06,-6.989150941654732492e-06,-7.354358511887840669e-06,-8.009394441284101182e-06,-8.793017761900971029e-06,-9.305749151316808747e-06,-9.099050436100312458e-06,-7.920986163305652629e-06,-5.893507260152748903e-06,-3.521804889133374387e-06,-1.513581136293334891e-06,-4.792123812363930475e-07,-6.472112632652694494e-07,-1.730829525935559608e-06,-3.018059041469670375e-06,-3.656985048044015923e-06,-3.017900774976904267e-06,-9.753754808376469799e-07,2.014072248792024970e-06,5.074506093959409918e-06,7.245029791862961668e-06,7.845436511592836112e-06,6.723202755907418136e-06,4.288090465888362336e-06,1.334113149561570576e-06,-1.263947778832850623e-06,-2.849065045886557311e-06,-3.161536764020073079e-06,-2.348738258075516515e-06,-8.308546068985719749e-07,8.974111286976410077e-07,2.438894066699380205e-06,3.581164526410726250e-06,4.291747746088613314e-06,4.656861977978699848e-06,4.812957814770566185e-06,4.903741372898018292e-06,5.064052460504186472e-06,5.408291015397275049e-06,6.000383408968071548e-06,6.803935981191974257e-06,7.639410607046374325e-06,8.188756242882028682e-06,8.073826546912633154e-06,6.996930048159148626e-06,4.889928029922652982e-06,1.997895451918654750e-06,-1.159163034707522392e-06,-3.951096263427551586e-06,-5.870389402004993299e-06,-6.732658256081940396e-06,-6.748548923473686626e-06,-6.423252090154587363e-06,-6.318698780107144139e-06,-6.781335736833354018e-06,-7.760913450647717596e-06,-8.809384178551658883e-06,-9.268695357564951361e-06,-8.568942874647729181e-06,-6.505378731584614979e-06,-3.369681905250396502e-06,1.251915301719833061e-07,3.096282880994988481e-06,4.811950170129368322e-06,4.950660571536090648e-06,3.697334231584323485e-06,1.650991265765919086e-06,-4.038530690818458510e-07,-1.761450974012121068e-06,-1.994637746715614358e-06,-1.032621715758277624e-06,8.819300537244376770e-07,3.309855919089788602e-06,5.746692771260993407e-06,7.726330909231770484e-06,8.887207138087223712e-06,9.014666393296078480e-06,8.075079377164629357e-06,6.240399073576970813e-06,3.882043211558479739e-06,1.508599740553201406e-06,-3.588351230617500712e-07,-1.344833673842556473e-06,-1.352192977462654253e-06,-6.053523565456567461e-07,4.287686678433078312e-07,1.222188580511920453e-06,1.397759682782770730e-06,8.785213227263529727e-07,-9.521272813538598722e-08,-1.091208003026006185e-06,-1.695539210454952666e-06,-1.708230045244923225e-06,-1.231029628317531324e-06,-6.065803621271386517e-07,-2.414047363130027668e-07,-4.020998959949363583e-07,-1.085858547854407567e-06,-2.027020088340139901e-06,-2.831331889329785772e-06,-3.165387233672351849e-06,-2.903541061135515110e-06,-2.161018254254956576e-06,-1.205085566833030496e-06,-3.017372446425121923e-07,4.121279384397036005e-07,9.591154305584701244e-07,1.441010496437600947e-06,1.901091986494752622e-06,2.219687421263659871e-06,2.119148215956810803e-06,1.294084244787815227e-06,-3.920637682947123968e-07,-2.751117136788428982e-06,-5.254469132195198413e-06,-7.193685951781878127e-06,-7.963503434624283223e-06,-7.342346520810815693e-06,-5.631986685058555719e-06,-3.573165879967313684e-06,-2.055001529933405062e-06,-1.735689518708940158e-06,-2.741795751609436916e-06,-4.586940436544198139e-06,-6.357371516123487150e-06,-7.093274099024073187e-06,-6.204956484826868482e-06,-3.743893900053123109e-06,-4.094132806855954006e-07,2.714512840100503852e-06,4.582158132285498487e-06,4.591693505492133831e-06,2.807185935409900740e-06,-8.836119831383506055e-08,-3.079877967503155099e-06,-5.220605349649262894e-06,-5.979691200727799458e-06,-5.401863058363627367e-06,-4.028668492858091510e-06,-2.629939887572693339e-06,-1.865812948553875641e-06,-2.016872106087099495e-06,-2.881011022293922963e-06,-3.861974698533858556e-06,-4.199671479511820700e-06,-3.246001247301273843e-06,-6.863177376778879493e-07,3.359526495971097709e-06,8.370943667908676492e-06,1.356350659614949414e-05,1.807336242732963453e-05,2.113540896438963941e-05,2.222073107257320051e-05,2.112127189636246003e-05,1.798359432671785876e-05,1.329517108585063646e-05,7.821133876129625714e-06,2.486739885049249458e-06,-1.791046122233740967e-06,-4.299992199560917594e-06,-4.711710104452802157e-06,-3.185957701767881795e-06,-3.522692721402775202e-07,2.845207253220682827e-06,5.405667826570067301e-06,6.555015329751288518e-06,5.959022127853031151e-06,3.789582483771892851e-06,6.197796370809569889e-07,-2.809977141100147430e-06,-5.859896095262190921e-06,-8.183704597459788693e-06,-9.770346254403443215e-06,-1.082631812627521530e-05,-1.156417864864413956e-05,-1.200807123894592947e-05,-1.192113569330993092e-05,-1.090241351580122118e-05,-8.616854406656458606e-06,-5.050336789646439555e-06,-6.579022672241730396e-07,3.687474517924687708e-06,6.950807607700584097e-06,8.303861388596932424e-06,7.453880268502698707e-06,4.785533250058409150e-06,1.243380723353922853e-06,-2.007110325316414549e-06,-4.004374774814353056e-06,-4.326500476534278342e-06,-3.201219439254456583e-06,-1.352344693001930152e-06,3.406353191047888001e-07,1.215406225548763497e-06,1.071691846794533749e-06,1.940881807317877902e-07,-8.356963103900300391e-07,-1.432038151147263898e-06,-1.260403551587875700e-06,-3.424870565262522589e-07,1.017495748036532352e-06,2.424607592801414351e-06,3.590613137157247524e-06,4.434521907814830888e-06,5.046337852739112432e-06,5.553346157291377094e-06,5.980850601506797223e-06,6.197583604610519316e-06,5.982506780151689551e-06,5.175161483744267687e-06,3.818299689812073749e-06,2.199877641890213411e-06,7.539614644371717826e-07,-1.409271672818541031e-07,-3.650214494092755048e-07,-1.504791463326095432e-07,-2.610310607010421080e-09,-4.734239911750825424e-07,-1.890191796706550432e-06,-4.170817926362429267e-06,-6.820560541303848804e-06,-9.118213967220760243e-06,-1.040728146618925911e-05,-1.035598179858266959e-05,-9.065858060905401778e-06,-6.984637329136368281e-06,-4.676393833410629498e-06,-2.571343553344217427e-06,-8.233606141637156789e-07,6.572658511630484884e-07,2.023856411433301580e-06,3.275070357388812404e-06,4.131053346969398812e-06,4.089922523307866908e-06,2.655797909410189241e-06,-3.653959813244186040e-07,-4.652642628880786556e-06,-9.362003556929544211e-06,-1.335686511196695093e-05,-1.559758724246258042e-05,-1.553242620608774258e-05,-1.332214970163225046e-05,-9.796742510795248730e-06,-6.154540365699284884e-06,-3.521974055401254248e-06,-2.548680199690316297e-06,-3.194970607645423971e-06,-4.786812513486596318e-06,-6.304841145700525721e-06,-6.784859844877334345e-06,-5.672616709996485196e-06,-3.004895719711992658e-06,6.352323236899687003e-07,4.352966758025524901e-06,7.264657791799623637e-06,8.786712325714720267e-06,8.794047406832836055e-06,7.608479113810801979e-06,5.840900590155351852e-06,4.158268437461578984e-06,3.063594856122441324e-06,2.762648346661777380e-06,3.153479805957817100e-06,3.928726504233195555e-06,4.741449374665438184e-06,5.365395711640965628e-06,5.786146523230867996e-06,6.188649008877583976e-06,6.849136676770342423e-06,7.979755237695049363e-06,9.596048351260675935e-06,1.147030475146360747e-05,1.319828716595159603e-05,1.435631467337560771e-05,1.468170078854249694e-05,1.419320648876032784e-05,1.318977545121552362e-05,1.211866825411490928e-05,1.136576329891101119e-05,1.106236889694922238e-05,1.100262451554781899e-05,1.072017028414450093e-05,9.700628430069122051e-06,7.640320854007552127e-06,4.633620181650045514e-06,1.197056463864181851e-06,-1.891581913150893155e-06,-3.877522313954035742e-06,-4.317109074380436608e-06,-3.245673043375163438e-06,-1.153307068327737853e-06,1.217941681333823012e-06,3.162962054018691722e-06,4.260262574355309649e-06,4.471983296091542336e-06,4.064306853322463294e-06,3.400138771410792762e-06,2.713639325123229296e-06,1.979956283567692088e-06,9.426721349342857270e-07,-7.184821305193677372e-07,-3.167199928535474418e-06,-6.251670106829006799e-06,-9.492319692983115158e-06,-1.223118163146601705e-05,-1.388027513276021367e-05,-1.415822730708252333e-05,-1.320793371499925017e-05,-1.154115322571139224e-05,-9.833475848498818986e-06,-8.659298280551042310e-06,-8.281476758153796623e-06,-8.583742934743288956e-06,-9.168794295868433602e-06,-9.571158949494964552e-06,-9.484514666812108975e-06,-8.899527427737810326e-06,-8.091192095710799076e-06,-7.464368331567953012e-06,-7.331537043507364090e-06,-7.728829768122386098e-06,-8.360832517895392351e-06,-8.707938050664243079e-06,-8.256456566767169441e-06,-6.753326633174782435e-06,-4.370267005149536003e-06,-1.695586783143216683e-06,4.568932521971850363e-07,1.352719934263954185e-06,6.327827163000609827e-07,-1.525214561570425880e-06,-4.453823274747548894e-06,-7.239480971721216791e-06,-9.066444393685879551e-06,-9.519409025091911430e-06,-8.718329414745449346e-06,-7.229942952045417028e-06,-5.797298946224848019e-06,-5.008283325082791907e-06,-5.050160488916927753e-06,-5.656649839764483900e-06,-6.264770768610248680e-06,-6.301709941451886688e-06,-5.462862836882334005e-06,-3.849276400740231919e-06,-1.902834471840619232e-06,-1.768851576039070678e-07,9.399050584268655591e-07,1.407382720582194187e-06,1.534468340295707476e-06,1.799034736853904142e-06,2.581549422798945722e-06,3.950518068182377649e-06,5.610799474682805249e-06,7.042064841247368064e-06,7.757095245580738739e-06,7.548600063931752276e-06,6.600291462834276512e-06,5.409082153043209236e-06,4.562865171797683902e-06,4.490813328046091634e-06,5.312336691535729019e-06,6.852546550162320861e-06,8.798599938197800311e-06,1.089429383976505140e-05,1.305272265750812057e-05,1.531913788769794022e-05,1.770967191372359664e-05,2.003336361073970566e-05,2.182653007060666127e-05,2.247344903139291607e-05,2.148177475739010579e-05,1.878172563515043223e-05,1.488211365248048216e-05,1.076997466869588354e-05,7.562755604476622191e-06,6.052709244697276414e-06,6.353442561545075587e-06,7.826949481020132915e-06,9.345279132759484704e-06,9.782103024500460810e-06,8.514314970615771607e-06,5.701802304684978686e-06,2.213870133488161674e-06,-7.635441705424195764e-07,-2.255323777165504300e-06,-1.913450191986952443e-06,-1.338951332608453594e-07,2.166884679437431072e-06,3.993742217873233921e-06,4.712315480313348835e-06,4.278456540924971089e-06,3.164087342937474412e-06,2.040812165205825182e-06,1.398841260150887924e-06,1.299334492528826563e-06,1.376929132781797550e-06,1.072252338527776059e-06,-4.507144601537885951e-08,-2.042576353214432977e-06,-4.603042391537172997e-06,-7.217003443667441204e-06,-9.474602992655311849e-06,-1.128968569849207795e-05,-1.292888588648588165e-05,-1.482711673479423720e-05,-1.728895752760258153e-05,-2.023966289704414221e-05,-2.316613858743642304e-05,-2.529030506968058038e-05,-2.589684368912487759e-05,-2.465727394879432818e-05,-2.179326935149891563e-05,-1.800190709013306089e-05,-1.418162169137310182e-05,-1.109046028812603162e-05,-9.092617092130240362e-06,-8.096850077478959432e-06,-7.692184926664922105e-06,-7.394298391083596505e-06,-6.875134573571315663e-06,-6.073907097702251514e-06,-5.159618122197892306e-06,-4.391647381454628255e-06,-3.966106836528048645e-06,-3.925027187554740673e-06,-4.156462005399657313e-06,-4.459210834586636099e-06,-4.617999717299738925e-06,-4.446089741435254270e-06,-3.789618718736398193e-06,-2.523061898976121713e-06,-5.726611082337215793e-07,2.021377629770641045e-06,5.035058820346472465e-06,8.041806965937612519e-06,1.049281348234788165e-05,1.189517919228314529e-05,1.202320348407744239e-05,1.105897949753624128e-05,9.572321573232637636e-06,8.318267577177812608e-06,7.922591563035313820e-06,8.593934237456773103e-06,1.000507890274052538e-05,1.141628195319980527e-05,1.199990145209071453e-05,1.122326867389404830e-05,9.109368479891927477e-06,6.245629334057017039e-06,3.528892975939801936e-06,1.762873022174917875e-06,1.298871931226253194e-06,1.892162034619000657e-06,2.842300035059455891e-06,3.346512602464739697e-06,2.890644563435948254e-06,1.484992071250943999e-06,-3.681871085386485880e-07,-1.952474667492849986e-06,-2.713464249625697899e-06,-2.537846118660714370e-06,-1.791692571402599611e-06,-1.099896562155143049e-06,-9.839606538907653815e-07,-1.550616899268644571e-06,-2.399919332877841572e-06,-2.809898597226388906e-06,-2.111982845578127714e-06,-6.994922272214499124e-08,2.932642387873868868e-06,6.000751909346245191e-06,8.091442195785834824e-06,8.465802602536880213e-06,7.016966445049507430e-06,4.320226282409120295e-06,1.383877398769526851e-06,-7.793008219094690267e-07,-1.559181505558294844e-06,-9.509574491545407352e-07,5.249660454740772682e-07,2.126329088074440997e-06,3.254045616201257123e-06,3.699813669552920300e-06,3.669071266728896314e-06,3.592960745772467323e-06,3.849210699021066857e-06,4.549523244782395287e-06,5.503502913917022214e-06,6.364752056230509184e-06,6.861239280685539158e-06,6.965795198301876637e-06,6.898752130428932946e-06,6.953829539345381840e-06,7.246259633008732039e-06,7.538510609948814712e-06,7.269424408472374859e-06,5.807990062434866579e-06,2.825435474999834958e-06,-1.403495069195119751e-06,-5.948890173644664653e-06,-9.496129917161200127e-06,-1.085530087459294218e-05,-9.496687076204687398e-06,-5.862900464753522421e-06,-1.290012193435648748e-06,2.461405759013675860e-06,3.884796693342142256e-06,2.329378249043782569e-06,-1.739628143216062178e-06,-6.943046840331725137e-06,-1.156920723378967230e-05,-1.428155260418533610e-05,-1.464159160674326037e-05,-1.322017957833185851e-05,-1.125815595918079586e-05,-1.004327730266169375e-05,-1.029844155677214583e-05,-1.186628222053191688e-05,-1.383159343664249838e-05,-1.501309527043465526e-05,-1.457903287547901536e-05,-1.248150404521176418e-05,-9.491650276733155876e-06,-6.811639998200146864e-06,-5.447982217188840436e-06,-5.653909389753683408e-06,-6.725265610745285853e-06,-7.272315616514114825e-06,-5.863325945718178730e-06,-1.751181719124913990e-06,4.659366298346117306e-06,1.184002016335981929e-05,1.767868874181886948e-05,2.031230511652494256e-05,1.889462558392979787e-05,1.396180687623216734e-05,7.232392130817083163e-06,9.267538246033893843e-07,-3.098994114613915854e-06,-4.033365478680213751e-06,-2.323693952438033308e-06,6.423396240320657350e-07,3.217193003556784415e-06,4.213961754907911514e-06,3.346226043831552533e-06,1.214746297207695558e-06,-1.110966485730310016e-06,-2.681764525825703232e-06,-3.129013291320566036e-06,-2.778589345602155465e-06,-2.386063671468692495e-06,-2.653016446151430851e-06,-3.789626803092857288e-06,-5.356424553163705736e-06,-6.467775130001145539e-06,-6.249500510964139058e-06,-4.310278196440962118e-06,-9.784386630784441307e-07,2.823854642588166313e-06,6.010004677775135072e-06,7.844939302850297946e-06,8.283001203532384306e-06,7.951368333953788762e-06,7.782967959585410924e-06,8.484144512346920459e-06,1.011177936484945166e-05,1.198491301697777757e-05,1.299005266471005561e-05,1.213948960673006381e-05,9.108789163501560085e-06,4.481605366229562643e-06,-4.316088303350879570e-07,-4.126882089031502817e-06,-5.543945104083299454e-06,-4.505897165627006095e-06,-1.754242117771295781e-06,1.431700936599728545e-06,3.841185325351265181e-06,4.868139053033580754e-06,4.721265418005406326e-06,4.218294249864264684e-06,4.282386969333823649e-06,5.404670397893753782e-06,7.348851579933233652e-06,9.247362855112577676e-06,1.003835533048568007e-05,9.020166264204351004e-06,6.240897076357290164e-06,2.523831781890911230e-06,-8.884476408513428165e-07,-2.899218026926730783e-06,-3.057972057105865939e-06,-1.756243449024728676e-06,-3.041336761116811665e-08,9.259256818443857409e-07,3.015451447948789160e-07,-1.995141337521921045e-06,-5.347277862350044818e-06,-8.761340774355363538e-06,-1.133972344465972935e-05,-1.265834665068832441e-05,-1.287612559581725131e-05,-1.254708979210842608e-05,-1.225526603837693310e-05,-1.227236863160031241e-05,-1.241299925896164333e-05,-1.215051342966914192e-05,-1.092041587327016281e-05,-8.447406623493681078e-06,-4.929866538627162220e-06,-9.968041129052158714e-07,2.530017943187716790e-06,4.944301773581890256e-06,5.887907130637306125e-06,5.415669501590140445e-06,3.893584067944222558e-06,1.812252848580976563e-06,-3.762713524811688195e-07,-2.326625207354062684e-06,-3.773726454456581257e-06,-4.474564578156848846e-06,-4.196446175524201230e-06,-2.790956703921790596e-06,-3.245655832374305536e-07,2.817946082078316063e-06,5.946573605817207883e-06,8.233764030007145583e-06,8.992177133421638621e-06,7.949050306736513561e-06,5.388004341651138251e-06,2.079194797287371183e-06,-9.877302899870595179e-07,-2.962131357431671404e-06,-3.433108614294814810e-06,-2.549160902454074385e-06,-9.156744534063434627e-07,6.730027923057112582e-07,1.543516669430054649e-06,1.366081767278269770e-06,2.129429939495052238e-07,-1.542923877370594685e-06,-3.416483349438308928e-06,-4.990121257206285781e-06,-6.012568669725692508e-06,-6.400361493756201080e-06,-6.176166888614089148e-06,-5.400093172629322169e-06,-4.135975989116744768e-06,-2.459250526759943776e-06,-4.814226256943174318e-07,1.642051186376029349e-06,3.735767864094189409e-06,5.646323660201559438e-06,7.269670319442144897e-06,8.538055815864654578e-06,9.370121560349892097e-06,9.620886533473426867e-06,9.081430914267776025e-06,7.557643663004680661e-06,5.010270451456279475e-06,1.690000385770204874e-06,-1.818114029570829449e-06,-4.699245429078834400e-06,-6.153613916079844629e-06,-5.696786480399597437e-06,-3.385967711442097557e-06,1.424448700427499986e-07,3.864654145015127612e-06,6.728812358845210976e-06,8.037790043393442491e-06,7.691012197047082983e-06,6.176922543071922658e-06,4.317021945086442050e-06,2.875452448570205344e-06,2.211201123965765842e-06,2.131926104964668150e-06,2.015972851430866745e-06,1.144707676666807972e-06,-9.110550296620182673e-07,-4.032758102634037630e-06,-7.547439675791192271e-06,-1.048011581396844783e-05,-1.195325469026415076e-05,-1.155399716879286999e-05,-9.504954833700411971e-06,-6.564211045416196329e-06,-3.702401700914986733e-06,-1.703202125159892540e-06,-8.640103030096782047e-07,-9.239151257556061980e-07,-1.240707000803410135e-06,-1.126780442167886110e-06,-1.858969625702726160e-07,1.501852396098951528e-06,3.425579017977354770e-06,4.891125138941165395e-06,5.350911619912266123e-06,4.661876649385589402e-06,3.153430900954534157e-06,1.476225901884930245e-06,3.029613096709167366e-07,1.904388424259872073e-08,5.443344532791382895e-07,1.366951896956085253e-06,1.774100043513371563e-06,1.176649073299170254e-06,-6.168387817733396334e-07,-3.297010934324985797e-06,-6.164574974446705146e-06,-8.402808538229202554e-06,-9.389334170952957920e-06,-8.911160673054627142e-06,-7.195140925322238498e-06,-4.752811632883403163e-06,-2.123352922445978494e-06,3.582894513526398084e-07,2.658960261846570072e-06,4.971145959570305689e-06,7.511390670276048909e-06,1.030445393617146484e-05,1.307174613952527934e-05,1.529044155149686426e-05,1.640320300900518737e-05,1.608005079765676958e-05,1.440267359260673489e-05,1.187393271829737065e-05,9.236851687869094134e-06,7.178939735021898163e-06,6.054601543120493618e-06,5.752338091114297959e-06,5.766709402872985403e-06,5.439642512574370107e-06,4.257823212333965660e-06,2.070161844786354229e-06,-8.680562845019035748e-07,-4.031805188576457441e-06,-6.865212521984844290e-06,-9.000654824511700744e-06,-1.035529055470384036e-05,-1.107248401825353869e-05,-1.135895307876836587e-05,-1.132113644642310331e-05,-1.089906931241322929e-05,-9.936688508827895412e-06,-8.346538935260132224e-06,-6.268593260877825253e-06,-4.119816819857677666e-06,-2.486423782230873766e-06,-1.896192678628229369e-06,-2.578382253656008863e-06,-4.335040661310822983e-06,-6.598581415241160280e-06,-8.659336151619124964e-06,-9.959446818815817341e-06,-1.031166557041892485e-05,-9.934929236357086346e-06,-9.288400231969570208e-06,-8.787835098579601783e-06,-8.550757083085999048e-06,-8.306712143616125967e-06,-7.528677461009301158e-06,-5.729781712184369760e-06,-2.781213261801749168e-06,9.124957069343871766e-07,4.483703779256882433e-06,6.906240494809994505e-06,7.409933001219493077e-06,5.822780023578571389e-06,2.684485401968258786e-06,-9.261673527318658651e-07,-3.781619967893772692e-06,-4.949929196042248583e-06,-4.108588294990585581e-06,-1.604368637131946655e-06,1.750465062639703328e-06,5.041880752017752555e-06,7.612063236407417318e-06,9.260732359696169898e-06,1.021967255950518045e-05,1.093690928175553682e-05,1.178941188302632256e-05,1.286553706130374387e-05,1.391437487273188690e-05,1.447340910950246513e-05,1.410093094288062180e-05,1.259500007455009089e-05,1.009482477162587737e-05,7.023049930904780262e-06,3.906121384682744374e-06,1.166222268620805950e-06,-1.013719936665622664e-06,-2.692554624992845432e-06,-4.051364406031862551e-06,-5.224615340309841348e-06,-6.178810483055168152e-06,-6.709408441874912296e-06,-6.563426914835668020e-06,-5.625832277315474536e-06,-4.067475951127518402e-06,-2.362781777981548052e-06,-1.144337018752339558e-06,-9.427700468079623603e-07,-1.925106502031319124e-06,-3.759885880191130249e-06,-5.691057581738206783e-06,-6.812066760750500081e-06,-6.436140859010444947e-06,-4.403587347410218498e-06,-1.181463053186634131e-06,2.305727538450944198e-06,5.057016224541295151e-06,6.428960216596902722e-06,6.428318660831720566e-06,5.720593447081255412e-06,5.332540531586521973e-06,6.165874535498278323e-06,8.533595412375453074e-06,1.193342394405102484e-05,1.517798606935381028e-05,1.684679998010503180e-05,1.587853397753976624e-05,1.205068309826949960e-05,6.133247156364493900e-06,-3.608952428738114780e-07,-5.732309598623741120e-06,-8.727416117330278041e-06,-8.983230878990037746e-06,-7.103941751010845638e-06,-4.350811636372312683e-06,-2.093819884752085948e-06,-1.269733042409009445e-06,-2.074957971830265657e-06,-4.003598932382265149e-06,-6.179704984163558431e-06,-7.804479227784141297e-06,-8.502545340837740204e-06,-8.418605459746147685e-06,-8.048785948227360772e-06,-7.921190447294638968e-06,-8.303723405463490388e-06,-9.086404017178830264e-06,-9.881388983293587879e-06,-1.026451499672394161e-05,-1.001081159453781368e-05,-9.189140142052247494e-06,-8.068184479534463624e-06,-6.897963285147894044e-06,-5.705448311678702996e-06,-4.238035442313185714e-06,-2.106054314659958648e-06,9.404707646080189591e-07,4.751275421954779170e-06,8.688384413624103831e-06,1.178820365636131269e-05,1.312172023873898375e-05,1.219208529758261218e-05,9.177116858202607463e-06,4.890179787294015982e-06,4.661873252076906838e-07,-3.086077853015000534e-06,-5.257040522759686119e-06,-6.162232961703777314e-06,-6.370367932498672181e-06,-6.530234743286113433e-06,-6.991335844878387870e-06,-7.612482743460346460e-06,-7.853244625401843473e-06,-7.095932921201144486e-06,-5.026063543913843978e-06,-1.868359604683533965e-06,1.650769461661652171e-06,4.602575334177939049e-06,6.270051336299727672e-06,6.469191718455534808e-06,5.615515563385366618e-06,4.502433090890322945e-06,3.903652155341586127e-06,4.200113007514814016e-06,5.217882305233012965e-06,6.354477895450915305e-06,6.923212323151308006e-06,6.534070841993254806e-06,5.312064465418689748e-06,3.838637082381013654e-06,2.845019894814045918e-06,2.815043120269409710e-06,3.703156082205007493e-06,4.916693295835229335e-06,5.578580194265175719e-06,4.945012373731068180e-06,2.773662257255842494e-06,-5.387970212497642086e-07,-4.117684021570459681e-06,-6.991253691633069170e-06,-8.506640255451034056e-06,-8.581681913722847188e-06,-7.677248912271541324e-06,-6.513421987450221307e-06,-5.677292733586595355e-06,-5.319482644077182271e-06,-5.088228325832780758e-06,-4.330007776695693873e-06,-2.454467112834239031e-06,7.171266462993965796e-07,4.790168996154689474e-06,8.900432428032810508e-06,1.203596445445277432e-05,1.343067374333953077e-05,1.285587596360396770e-05,1.068951332938593814e-05,7.746951021653257009e-06,4.960564077245029284e-06,3.050690379093579572e-06,2.317518103168106357e-06,2.615699103547772850e-06,3.488688535317352507e-06,4.379135524434094895e-06,4.819188105493521951e-06,4.537612976752207643e-06,3.474449205028508391e-06,1.737355374866445449e-06,-4.535464497825914924e-07,-2.803790407894140879e-06,-4.968586520928977853e-06,-6.587050573076903987e-06,-7.347663264714581254e-06,-7.080527031640488752e-06,-5.841797902475409026e-06,-3.942105124813807525e-06,-1.885941233444895993e-06,-2.279950440555933914e-07,6.046009423487048594e-07,4.520030500551418684e-07,-5.375200014971444572e-07,-1.984415303115112346e-06,-3.438116517246774840e-06,-4.549230542179488439e-06,-5.179231456952530130e-06,-5.405996670661503494e-06,-5.434853038925254270e-06,-5.468507501731207363e-06,-5.603728390932201358e-06,-5.802104925541017598e-06,-5.939195668479384001e-06,-5.894616355442961383e-06,-5.627098697414867123e-06,-5.191867810385979486e-06,-4.693916481734198875e-06,-4.208887047610940909e-06,-3.722006027824445598e-06,-3.124899246215415673e-06,-2.276683224830490259e-06,-1.098500110506159280e-06,3.496193096397770724e-07,1.853010891610493170e-06,3.100145529593491062e-06,3.789119664766037152e-06,3.734835466711252211e-06,2.931267932750838729e-06,1.548458925206624425e-06,-1.233837845259225706e-07,-1.748695053483226827e-06,-3.006875655045916231e-06,-3.624789221575852995e-06,-3.392988748929395263e-06,-2.189587024858764048e-06,-2.626891543429022437e-08,2.895080491953470778e-06,6.152088577365642418e-06,9.140533012937295199e-06,1.120119815380317695e-05,1.181007541161706739e-05,1.076456586620464473e-05,8.283076694639209071e-06,4.961121261080406898e-06,1.586338266546666447e-06,-1.119244926951278917e-06,-2.722657422550363173e-06,-3.173345181624356098e-06,-2.730258812261107246e-06,-1.767107456618160551e-06,-5.613409398143190401e-07,8.190988962105549616e-07,2.468975421202550654e-06,4.464805814357321833e-06,6.655474188983044439e-06,8.557990636000557740e-06,9.448636689456987029e-06,8.642050955566419284e-06,5.845499930480019226e-06,1.417062284946189944e-06,-3.620662701827740529e-06,-7.859603525735645650e-06,-9.992240471624597623e-06,-9.313798030685362662e-06,-6.026337170634764116e-06,-1.204370156603595904e-06,3.577253955043404490e-06,6.807098164052585630e-06,7.563431054989179974e-06,5.791841499653522393e-06,2.233592441376705719e-06,-1.943467858748037438e-06,-5.635233869181550285e-06,-8.195896135864909384e-06,-9.577981340130982738e-06,-1.018560490861391165e-05,-1.054185043036256800e-05,-1.094902305551257182e-05,-1.130963621318340134e-05,-1.118636334636257412e-05,-1.005754738707373835e-05,-7.630798118029863007e-06,-4.054173838189988052e-06,8.017626920476603191e-08,3.941612885483076157e-06,6.777751254577519056e-06,8.195224509846735404e-06,8.279573802324175541e-06,7.508531366547874298e-06,6.508840377393220309e-06,5.773935843032581547e-06,5.469342782346833586e-06,5.404351023468423813e-06,5.168795153013129919e-06,4.361116538533970536e-06,2.800137094946436260e-06,6.293748634675896512e-07,-1.723026708832931503e-06,-3.701282079551439133e-06,-4.822670601487303965e-06,-4.838829761514886777e-06,-3.799765403385393629e-06,-2.007858496462087474e-06,1.070381869317976867e-07,2.135016367442372346e-06,3.799653417156818112e-06,5.002349617340832760e-06,5.792899785502196106e-06,6.289588288670943021e-06,6.587856874015188261e-06,6.696691385031514881e-06,6.528076879291263186e-06,5.942751325749312896e-06,4.832603136292103179e-06,3.204189229316883453e-06,1.225076941216101640e-06,-7.927326212030460897e-07,-2.473468949553266706e-06,-3.495776313268232040e-06,-3.702732908348116225e-06,-3.157334494066920063e-06,-2.117442719168514561e-06,-9.383947008346398262e-07,5.557766029644564363e-08,6.745771166175315572e-07,8.957352801681443285e-07,8.145900477806193195e-07,5.456574856814811645e-07,1.295996910741568212e-07,-4.985518945140002015e-07,-1.458980121061188728e-06,-2.820926093892034601e-06,-4.503601717864256246e-06,-6.250428264294852535e-06,-7.708011975155602987e-06,-8.583660315537988542e-06,-8.804827410421016957e-06,-8.589889698073637043e-06,-8.374382713216579652e-06,-8.607135205726095119e-06,-9.502663657499987743e-06,-1.087132754018017572e-05,-1.212446331894196654e-05,-1.247466296248667070e-05,-1.125645364407074219e-05,-8.226959075526941794e-06,-3.705262467003553967e-06,1.522042069410325236e-06,6.493617959022261293e-06,1.043372334240173832e-05,1.301490468363896761e-05,1.440353197862178231e-05,1.507409640045235020e-05,1.549206423088410708e-05,1.583030368542401580e-05,1.586672488239782036e-05,1.511797140367229138e-05,1.314151647644863813e-05,9.848290311006370866e-06,5.656916808493029062e-06,1.396378335454666490e-06,-2.010004371194669452e-06,-3.932920686336207642e-06,-4.308498808562794350e-06,-3.654801695156142945e-06,-2.817315973754846469e-06,-2.560590625684367336e-06,-3.201551713658232312e-06,-4.463598862282689862e-06,-5.625859113152083089e-06,-5.899062887975815553e-06,-4.847795195984658886e-06,-2.653038993802739204e-06,-8.221467353336296564e-08,1.828261411998754571e-06,2.236085094544856059e-06,8.891160907018468558e-07,-1.730143036834994711e-06,-4.582517930234691009e-06,-6.497711231772080947e-06,-6.661883389384901406e-06,-4.955673861273675275e-06,-1.999344587961741667e-06,1.108812988489061339e-06,3.243206644480097101e-06,3.697221497942343099e-06,2.441259792182044821e-06,9.571019547867576939e-08,-2.355187669737164697e-06,-3.977863806741232452e-06,-4.257356694359888125e-06,-3.273939420501800066e-06,-1.630479762856895967e-06,-1.763155189846113214e-07,3.489186671236029773e-07,-3.947010118880478396e-07,-2.233153983367257503e-06,-4.572781756276972117e-06,-6.651886672783738133e-06,-7.840235184477191747e-06,-7.865394625380667186e-06,-6.881107394010404525e-06,-5.360409836767346690e-06,-3.867266754552371901e-06,-2.807244798793407368e-06,-2.262495146427790931e-06,-1.978038743968221752e-06,-1.501053946228514380e-06,-4.094987492728086352e-07,1.471738825429637499e-06,3.963439002034934027e-06,6.582237989571685308e-06,8.727884785826628856e-06,9.926002579636714304e-06,1.001951935453275669e-05,9.224516563615845036e-06,8.027178664622228380e-06,6.970294266667358781e-06,6.427159131901518486e-06,6.464501219308170046e-06,6.852323934550176084e-06,7.208281298400415140e-06,7.201292239818744900e-06,6.713974522765565443e-06,5.887871277787232296e-06,5.036418283946621266e-06,4.476976766993941785e-06,4.371451062735954873e-06,4.656256140863263296e-06,5.092396137547590292e-06,5.402247680516772133e-06,5.415443441300814639e-06,5.145081603549097952e-06,4.757060271514613317e-06,4.456229446233236540e-06,4.359419230558364769e-06,4.431438287254199790e-06,4.522340171297270468e-06,4.483621839597144533e-06,4.291783777010067890e-06,4.098539611173692183e-06,4.164931779552410226e-06,4.702454811539725959e-06,5.702292594026138215e-06,6.850856416958513705e-06,7.593777929298834831e-06,7.337515713139243093e-06,5.704605475532209478e-06,2.723853895816855727e-06,-1.139680233651925098e-06,-5.137954561610892445e-06,-8.513646539353231848e-06,-1.077428902404629746e-05,-1.184666423286681738e-05,-1.204807556769986763e-05,-1.189669123555053291e-05,-1.185575233738168264e-05,-1.213182673133628576e-05,-1.261542040685722537e-05,-1.298116827509404746e-05,-1.289032876901267386e-05,-1.219541591536491575e-05,-1.105280459071826467e-05,-9.896757561712759115e-06,-9.291622139878686628e-06,-9.727886476941554340e-06,-1.144308119311168430e-05,-1.432919273558530185e-05,-1.794897321810387213e-05,-2.164446748432432747e-05,-2.469698854521240228e-05,-2.649230467055275996e-05,-2.665230155286930260e-05,-2.510661237276358144e-05,-2.209020199430471596e-05,-1.806657729090692109e-05,-1.359376949663734705e-05,-9.170085523560525520e-06,-5.110798210084350416e-06,-1.504127182820595412e-06,1.731474949758446997e-06,4.710861824232357738e-06,7.431701604710197134e-06,9.692736217400492371e-06,1.113997106197927514e-05,1.143940242567516564e-05,1.050371208696112735e-05,8.656081443043877721e-06,6.626000082180843063e-06,5.342416882511906819e-06,5.589600050359671994e-06,7.671188968672737422e-06,1.124306112272012982e-05,1.541027698622072644e-05,1.906323328290560030e-05,2.131053276826858970e-05,2.181195530782418455e-05,2.085665011394288861e-05,1.915348595541480862e-05,1.744346892457081664e-05,1.613477642125438517e-05,1.514953120326790484e-05,1.405991709453506417e-05,1.243505659033512015e-05,1.020123340761802955e-05,7.802422559655210717e-06,6.049142754792492608e-06,5.712461086284634009e-06,7.068409027524169167e-06,9.644152220406902588e-06,1.232962753444845716e-05,1.383572185136915571e-05,1.329411965229143189e-05,1.070321734048039651e-05,6.982394401275636135e-06,3.581386867890900394e-06,1.813250400422122611e-06,2.225877072671250731e-06,4.320204149385153784e-06,6.761319093874331630e-06,7.989330897709482054e-06,6.939409881286677193e-06,3.525183027385738897e-06,-1.343737808186250134e-06,-6.208484594672677733e-06,-9.741467854851567428e-06,-1.131923929505061520e-05,-1.120893625909960671e-05,-1.029309495956383743e-05,-9.496783333184880891e-06,-9.232478311029810377e-06,-9.164031186921013755e-06,-8.419247094721493083e-06,-6.140523199902681206e-06,-2.079520707598529997e-06,3.089274070078620296e-06,7.922844770669677976e-06,1.078083648216473368e-05,1.054706318839064405e-05,7.151418439311079115e-06,1.633980212520834364e-06,-4.286226438297734744e-06,-8.936441686241704580e-06,-1.136954392582726673e-05,-1.168653271024972491e-05,-1.086935759368767839e-05,-1.022782771034576104e-05,-1.074172272927051498e-05,-1.261344434717974065e-05,-1.522742558398099655e-05,-1.750580196355257188e-05,-1.846110396025222621e-05,-1.766687361393584445e-05,-1.542797649205281948e-05,-1.259430103829687193e-05,-1.013757756626713077e-05,-8.713625840967429811e-06,-8.417191649222732555e-06,-8.821785594389249771e-06,-9.249087497772757427e-06,-9.108683915973849788e-06,-8.136662247707481213e-06,-6.436894123138861851e-06,-4.342910839030347915e-06,-2.207136489550062480e-06,-2.439507476763948453e-07,1.498705644001980660e-06,3.050894317924240332e-06,4.395871335586889237e-06,5.402825829432234730e-06,5.866259250594703785e-06,5.628802436178239608e-06,4.709297129173260613e-06,3.352525282434835907e-06,1.962657136940083553e-06,9.507258750457533408e-07,5.762614696074619418e-07,8.656227769671550864e-07,1.644156931684858971e-06,2.653873358741869822e-06,3.681938493215685545e-06,4.625152501188722918e-06,5.460923751189558311e-06,6.157966428708902133e-06,6.601125904313781815e-06,6.597921965827640046e-06,5.981748658154377632e-06,4.758627802809043847e-06,3.202707080149674228e-06,1.819063874271701602e-06,1.158835419841961415e-06,1.557705170488464676e-06,2.926438744392354120e-06,4.715447410017543346e-06,6.101047900062595120e-06,6.332680152729824287e-06,5.092108476011638827e-06,2.694794573550765939e-06,2.522143901992564835e-08,-1.784272936068261629e-06,-1.803012979253049720e-06,3.104702045463861719e-07,4.148568585606656266e-06,8.688215467180217675e-06,1.265622729357541898e-05,1.496908823082188479e-05,1.506897688646702545e-05,1.303677557359601438e-05,9.468740070213963440e-06,5.203521918687681823e-06,1.034485105790206644e-06,-2.477946143998790985e-06,-5.049319108740591769e-06,-6.603561819857046849e-06,-7.174478647321257390e-06,-6.849254992785617984e-06,-5.778358949920738870e-06,-4.218992697682406004e-06,-2.548991826545068100e-06,-1.202927334939669979e-06,-5.329922858252022486e-07,-6.533540090323312424e-07,-1.353415605786698788e-06,-2.144061795725994847e-06,-2.439451682160556746e-06,-1.806318151260672120e-06,-1.707797054832993310e-07,2.116451849554709714e-06,4.394534172909132212e-06,5.942222433705172716e-06,6.254978306323547223e-06,5.228591920274695881e-06,3.172515550199549938e-06,6.555607796592092629e-07,-1.737378451510685431e-06,-3.622765717098968079e-06,-4.914931012728180246e-06,-5.770343537837173807e-06,-6.423322665860963602e-06,-7.006086721029523480e-06,-7.446937560926871409e-06,-7.495278232228736872e-06,-6.855915617615572810e-06,-5.361559837513243037e-06,-3.097071277658120729e-06,-4.167014618354369321e-07,2.150524253263113194e-06,4.060638866190986328e-06,4.909079495696819261e-06,4.521170437418502279e-06,2.958603679621928265e-06,4.631022393671709751e-07,-2.619158792743953982e-06,-5.894715264416909582e-06,-8.950622995731243535e-06,-1.137051322914328435e-05,-1.276801744452249963e-05,-1.285367251914416947e-05,-1.152204063641808487e-05,-8.919061713665857048e-06,-5.444201786668419771e-06,-1.664654198767033440e-06,1.839952199021031925e-06,4.645758896336248816e-06,6.595979386523774267e-06,7.806770512238893066e-06,8.566300428687467089e-06,9.175458420573160103e-06,9.805416707346959840e-06,1.043658764771487371e-05,1.090053731669522719e-05,1.099349317684529874e-05,1.059514556918995140e-05,9.727937807331210311e-06,8.528743332191566064e-06,7.156217160562865014e-06,5.694367478909418656e-06,4.114768149080209310e-06,2.324682129486909083e-06,2.756008007042147714e-07,-1.933515016842515765e-06,-4.027473272427601299e-06,-5.632201744831426810e-06,-6.430322655175021353e-06,-6.318289706062471074e-06,-5.479060443845955899e-06,-4.322526494139847133e-06,-3.313781712182914311e-06,-2.771098269733064240e-06,-2.736684227576766385e-06,-2.989731780117076493e-06,-3.198041280462798844e-06,-3.129319758399892025e-06,-2.806953180369617193e-06,-2.519511768161812616e-06,-2.668502863216706453e-06,-3.526964368837344784e-06,-5.035592325690341717e-06,-6.752369052107548516e-06,-7.998447484853586683e-06,-8.143024109454709207e-06,-6.894435439925787449e-06,-4.454137699045211983e-06,-1.452397103352614557e-06,1.310345214683955051e-06,3.197051920875509699e-06,3.986123554543703186e-06,3.925809062976941343e-06,3.572450698041979146e-06,3.499121506811957702e-06,4.020823011597868298e-06,5.067452759670438886e-06,6.255905839439169014e-06,7.110715439233863415e-06,7.311489622046058315e-06,6.840246786220131426e-06,5.962074087222394191e-06,5.063502427059783911e-06,4.445103149303649772e-06,4.180854131928398736e-06,4.111453634771612803e-06,3.960221483416933235e-06,3.493654486730952131e-06,2.630604318904834109e-06,1.442239337705243450e-06,5.501559162195390611e-08,-1.471188447916016487e-06,-3.203055924045784329e-06,-5.284309157318538209e-06,-7.798576014435507696e-06,-1.062528716970117311e-05,-1.338190233548331641e-05,-1.550341206597220209e-05,-1.643559630529539540e-05,-1.585378015248335823e-05,-1.380074064797246034e-05,-1.067679838427735931e-05,-7.090310449697706764e-06,-3.645890321769249109e-06,-7.725840357160566919e-07,1.337548772812637482e-06,2.678152276827950282e-06,3.325656892050833932e-06,3.366654378869946658e-06,2.904155763343918898e-06,2.125575309190929415e-06,1.359924808651509038e-06,1.044889500400765772e-06,1.575702496267083209e-06,3.089992127212530291e-06,5.306216865978694684e-06,7.533881245138459001e-06,8.900553841492596794e-06,8.726006620285039984e-06,6.878370888831781624e-06,3.928100594637482885e-06,9.931293120278399535e-07,-6.881534063690586062e-07,-2.802408639483927550e-07,2.267760045277382885e-06,6.167265888392031565e-06,1.010028167012170369e-05,1.276081063820958530e-05,1.338320362719449799e-05,1.201952627894189185e-05,9.449568907770573920e-06,6.783080187227705040e-06,4.956043096482263412e-06,4.361250016256803467e-06,4.772132159690145393e-06,5.563462899270459695e-06,6.085559123508674487e-06,5.985022484494732580e-06,5.313346382979798930e-06,4.393030953262695476e-06,3.546015418908845005e-06,2.857520610580982621e-06,2.115620986226853017e-06,9.559661525439243982e-07,-8.822073364939405210e-07,-3.347472883419387744e-06,-6.044142751008630462e-06,-8.400520859164193780e-06,-9.942237970087322913e-06,-1.051236912825820461e-05,-1.031021564884462822e-05,-9.727305392558221919e-06,-9.080714831642710234e-06,-8.408740185080768864e-06,-7.462010087073814413e-06,-5.909406625743201438e-06,-3.645940114253134247e-06,-1.015735320090446051e-06,1.205741142983660747e-06,2.101220889063478939e-06,1.050178097882085900e-06,-1.904400216061394294e-06,-5.966010307152677205e-06,-9.848449319639689749e-06,-1.229306768630924577e-05,-1.260388640210435292e-05,-1.094457276269421749e-05,-8.249767033989483916e-06,-5.788028629981521329e-06,-4.581997041059557521e-06,-4.958484308907239498e-06,-6.434204929387410572e-06,-7.977154241993238422e-06,-8.503881045486651527e-06,-7.368464058573316483e-06,-4.618254062613279716e-06,-9.184501333253743938e-07,2.787065884503593149e-06,5.692296797782993695e-06,7.420106711370863849e-06,8.070024433777096649e-06,8.040229011582986524e-06,7.751616605586755416e-06,7.433034974639477528e-06,7.070293028475534887e-06,6.516664661454724803e-06,5.671326181136960376e-06,4.603759165313213164e-06,3.546957896404638898e-06,2.768757093793859357e-06,2.405834225293985513e-06,2.365917228498884938e-06,2.361147328486102347e-06,2.057229849332538081e-06,1.255952487637120437e-06,1.104579679128639657e-08,-1.382968329370425218e-06,-2.517880868414758275e-06,-3.043081302178661133e-06,-2.793069546059074040e-06,-1.817457723019730384e-06,-3.202377031911295368e-07,1.436322736835675094e-06,3.199711562528882136e-06,4.737882428433982609e-06,5.814505496316738241e-06,6.182687378135844459e-06,5.640674542421348310e-06,4.144777380403494527e-06,1.919437178978058536e-06,-5.194727058662387287e-07,-2.482466585187621789e-06,-3.346927010298388558e-06,-2.824486865958623945e-06,-1.124100421381080446e-06,1.087295012260497849e-06,2.933288001115238334e-06,3.687290650266041621e-06,3.081016283839523689e-06,1.415812256684219081e-06,-5.793960435215308442e-07,-2.078628378146156929e-06,-2.522100703064308933e-06,-1.842673479905897280e-06,-4.561099627303609288e-07,9.668194783977930724e-07,1.824277065190983664e-06,1.842808832182830176e-06,1.155571916071824138e-06,1.817515535763144592e-07,-6.104014634549939381e-07,-9.254977432855282826e-07,-7.401606291237219042e-07,-2.492609396227065562e-07,2.859913996533733440e-07,6.882574818364231891e-07,9.288974615155050070e-07,1.086154438567845779e-06,1.243474786729515438e-06,1.407111232605524082e-06,1.501335384194457543e-06,1.441465093414258606e-06,1.228169044439566575e-06,9.884311083127414120e-07,9.218386856958329561e-07,1.175382298296191280e-06,1.724624917763919788e-06,2.346924094434539631e-06,2.723878307747675621e-06,2.630839397764761433e-06,2.108185672086045528e-06,1.503245735132895080e-06,1.333229980411549713e-06,2.018661938784299187e-06,3.619061604354208272e-06,5.718632834341774478e-06,7.544157731000458032e-06,8.280038710738955301e-06,7.437365534139036916e-06,5.094692430961586075e-06,1.883161615746452038e-06,-1.286929617574733756e-06,-3.630182496214019411e-06,-4.824351968799290957e-06,-5.117685014363080032e-06,-5.156611635495670828e-06,-5.626642853800908579e-06,-6.892402186302684212e-06,-8.818887514034958518e-06,-1.085808473217145593e-05,-1.234533875479816504e-05,-1.284241927254533727e-05,-1.234505155219520233e-05,-1.125025788398540710e-05,-1.011007302035658981e-05,-9.312129401483716366e-06,-8.863815539667949312e-06,-8.397374536677931517e-06,-7.391995421590338689e-06,-5.491664932048676157e-06,-2.746772007797286172e-06,3.511606971208508655e-07,3.062677506232730619e-06,4.724306354728434563e-06,5.041238372144264931e-06,4.207442350409359419e-06,2.803494255845552276e-06,1.533985204636276069e-06,9.391319607114226899e-07,1.214321837439699545e-06,2.203222366846550520e-06,3.536518049102053153e-06,4.821395253173057884e-06,5.779729121802703459e-06,6.282570378416155449e-06,6.299992653211109578e-06,5.833763704099115134e-06,4.897785113356697041e-06,3.562924392771048779e-06,2.022818338313755572e-06,6.071329655903198329e-07,-3.080945539332442784e-07,-4.773666127477919047e-07,3.553824627575520498e-08,7.903243479112708588e-07,1.089242490357529918e-06,2.654281438212369845e-07,-1.975407386244211535e-06,-5.326226815471664688e-06,-8.896888340701494848e-06,-1.150650992497365661e-05,-1.214459864547877924e-05,-1.040356556921630230e-05,-6.683386617862644913e-06,-2.063763134577058068e-06,2.111817237845685321e-06,4.762783773185942219e-06,5.479164184563511200e-06,4.634537836714672911e-06,3.163728368386308305e-06,2.116547602212828112e-06,2.195717701200243825e-06,3.484812418973659732e-06,5.474934877926653277e-06,7.356088767280338454e-06,8.419781285038568827e-06,8.378220362089410739e-06,7.457678976649224229e-06,6.239253158306854032e-06,5.340981159787196986e-06,5.103809836366333121e-06,5.431219907569260442e-06,5.849870947668246585e-06,5.750123617105694280e-06,4.683753483452467085e-06,2.578001525082085172e-06,-2.259868621782893706e-07,-3.114615023196450417e-06,-5.445425447319303547e-06,-6.776729629095459414e-06,-6.986606808632336644e-06,-6.247097466623494807e-06,-4.890882133820591470e-06,-3.252672486685902439e-06,-1.566417555913815981e-06,4.290907096603893206e-08,1.492501563643954849e-06,2.661925000704181193e-06,3.366845573968560719e-06,3.417774083619324047e-06,2.740183225474922972e-06,1.487416879487857383e-06,6.873103826334407924e-08,-9.506199527029830397e-07,-1.056852782204656313e-06,-2.072838689228905340e-08,1.953064407054107768e-06,4.245030347001227440e-06,6.023863305644073074e-06,6.563976423510520190e-06,5.547950250261143459e-06,3.219499943003362881e-06,3.099959147054302120e-07,-2.241389404383554244e-06,-3.660242122967851854e-06,-3.642445584913982250e-06,-2.458409348288853554e-06,-8.098117960077172908e-07,4.956504614592841862e-07,9.027269270225989523e-07,3.367578487047095827e-07,-7.999104429524444333e-07,-1.854316238186377327e-06,-2.257384133621139972e-06,-1.802118368589711328e-06,-7.319828508024748676e-07,3.976749035558483099e-07,1.008601064517773890e-06,7.886787233579237959e-07,-1.658132812597195625e-07,-1.422845780986539701e-06,-2.457233507875932921e-06,-2.929847588975364930e-06,-2.852958826334716479e-06,-2.554564109523036283e-06,-2.464902719218909014e-06,-2.846604876116345791e-06,-3.622467804561023524e-06,-4.402722321672885702e-06,-4.703515174047555960e-06,-4.239288406797741440e-06,-3.124090774826655948e-06,-1.859284434314446795e-06,-1.097940698301436091e-06,-1.300427029110889293e-06,-2.463588398298212837e-06,-4.077658989676995462e-06,-5.351288088177989471e-06,-5.603241326322193729e-06,-4.624417993683656894e-06,-2.818687666233354348e-06,-1.037355571331445574e-06,-1.776082410567338023e-07,-7.400274541169811451e-07,-2.567913042647812168e-06,-4.904585934900047496e-06,-6.746249939614434192e-06,-7.317981950402078096e-06,-6.436470270008752454e-06,-4.579049885343405075e-06,-2.626466890175051780e-06,-1.411082536403555607e-06,-1.298833796110126085e-06,-2.013289400242553752e-06,-2.785054459850806793e-06,-2.745017024924367376e-06,-1.360296094805987362e-06,1.302922741307488273e-06,4.610941247144416144e-06,7.658273748302589043e-06,9.668804062593700839e-06,1.030295662767756937e-05,9.734785080204439489e-06,8.490886403118766944e-06,7.164097275714373303e-06,6.164933275803736590e-06,5.630704539287185451e-06,5.506751474404743994e-06,5.710499887749486848e-06,6.247603887553816748e-06,7.192693937935795332e-06,8.546920277836382392e-06,1.007836233405129112e-05,1.127963920131064740e-05,1.151774673533213314e-05,1.033447143310978218e-05,7.748546508766490439e-06,4.379237758862107908e-06,1.282301253130414467e-06,-4.669329547102905769e-07,-2.661489036981446477e-07,1.684970779670004279e-06,4.399666688192824363e-06,6.485342443800902148e-06,6.733041281016381497e-06,4.646280504415292095e-06,6.593200617033621966e-07,-4.061254899642457083e-06,-8.138383030672735101e-06,-1.058089098168692508e-05,-1.117209357263298022e-05,-1.047445883517701645e-05,-9.466168850379510119e-06,-9.006157863526549975e-06,-9.402750882734815815e-06,-1.029915320002834433e-05,-1.092053995923669117e-05,-1.054019316139955346e-05,-8.912251418936688788e-06,-6.441248730222920228e-06,-3.999857632294626928e-06,-2.491396731515598784e-06,-2.386474233706332685e-06,-3.475730922580432045e-06,-4.968000737163080249e-06,-5.884790548547732147e-06,-5.550180316672658497e-06,-3.927454237338260911e-06,-1.633045594706749343e-06,3.773496493574365463e-07,1.290844567815480738e-06,8.457662086234095172e-07,-5.353948607064312807e-07,-1.950632776403935933e-06,-2.455537557181161510e-06,-1.516495212575291652e-06,7.384255016984252127e-07,3.584882572051000346e-06,6.042268263275956888e-06,7.317745722433352952e-06,7.143003723651027938e-06,5.854921196303966949e-06,4.200950172597885170e-06,2.980018101149179620e-06,2.697406175435550542e-06,3.389288585280577426e-06,4.677489574841840828e-06,5.999677483715515918e-06,6.882708152217755343e-06,7.121918766494718957e-06,6.792810548120449077e-06,6.115808526125143793e-06,5.269325979445962848e-06,4.264652464306709306e-06,2.952900597173334784e-06,1.155836421681669980e-06,-1.158290299330760493e-06,-3.759192214815775173e-06,-6.174280470004036959e-06,-7.848625146995342558e-06,-8.376400433967913178e-06,-7.694703327799422171e-06,-6.143178042866152678e-06,-4.352024205988770818e-06,-2.998600259461667430e-06,-2.533071743991911190e-06,-2.989471953840041681e-06,-3.963787121113556875e-06,-4.771206035979489554e-06,-4.720683453667452197e-06,-3.397354631218622732e-06,-8.408632460341391824e-07,2.449978893250069358e-06,5.686770205655047572e-06,8.068191882525603515e-06,9.056641943047632931e-06,8.550282328274617780e-06,6.889136125953218161e-06,4.700044977598532850e-06,2.648137346375829209e-06,1.197075566369045511e-06,4.729876576802946437e-07,2.806961932052622084e-07,2.547606239120600600e-07,6.988277322064922560e-08,-3.892827828080534265e-07,-9.783015313478494988e-07,-1.384912988123397207e-06,-1.315340077322190514e-06,-6.789158066214072198e-07,3.284917696164038852e-07,1.295586636575193971e-06,1.798025154486551989e-06,1.637572462015771386e-06,9.938416791735269945e-07,3.951218106049484511e-07,4.964848321844546207e-07,1.750352838013122047e-06,4.120223994746112744e-06,6.986500325920543714e-06,9.318187572511907977e-06,1.006490308270889536e-05,8.613632398781293021e-06,5.107786071466457247e-06,4.702994016376796159e-07,-3.905588228265053125e-06,-6.686046829155692660e-06,-7.128059955859805456e-06,-5.380448772108830684e-06,-2.414478714412920937e-06,3.957831660583444875e-07,1.865684275829264748e-06,1.505097083192576439e-06,-2.892123241250295738e-07,-2.441607362704790992e-06,-3.712675728579656076e-06,-3.286889069874967119e-06,-1.163209164482524531e-06,1.831830903026228116e-06,4.415275726643557987e-06,5.431470409018171529e-06,4.377167772369704236e-06,1.623578186312487469e-06,-1.767577232912512850e-06,-4.546548179396013284e-06,-5.859404936369691212e-06,-5.638081053143911798e-06,-4.613546243679025755e-06,-3.947906969406845286e-06,-4.661937405655662209e-06,-7.131022515882254731e-06,-1.088873324422292248e-05,-1.482953290378114447e-05,-1.771137180791542605e-05,-1.871672917013854370e-05,-1.780508311394563695e-05,-1.569254094663132519e-05,-1.347516046678419043e-05,-1.208351338635176058e-05,-1.183462416523097026e-05,-1.229623161929762338e-05,-1.252337943614652121e-05,-1.154504405300907430e-05,-8.858077178683978212e-06,-4.685495550770780102e-06,1.248942510101829412e-07,4.506845641567823422e-06,7.682199591942532319e-06,9.514898822236869709e-06,1.053691630062582110e-05,1.163382733765989358e-05,1.354639779401535910e-05,1.643580779394221493e-05,1.972996393794812880e-05,2.233255017252486010e-05,2.310199990382432508e-05,2.137903898741720001e-05,1.731953923138254258e-05,1.188203347754205207e-05,6.479182559994041119e-06,2.452144955165738421e-06,5.968271103755375926e-07,9.333697469912851772e-07,2.789650038702480397e-06,5.128426576082488884e-06,6.953348650509068565e-06,7.620484150116669923e-06,6.953176655944752066e-06,5.164488144828876414e-06,2.676257270070651343e-06,-5.232658213943471415e-08,-2.613538606472052852e-06,-4.655959766351661750e-06,-5.861691698174257004e-06,-5.962567378165724881e-06,-4.822138401195112163e-06,-2.548344989905549219e-06,4.408192835571657714e-07,3.469840687303325150e-06,5.791564371686972719e-06,6.845749127195963153e-06,6.477518035960194553e-06,5.007043538669636981e-06,3.104720257717568411e-06,1.517802287143496947e-06,7.679209014389928205e-07,9.550628356645603890e-07,1.752831814124053874e-06,2.587465891654167190e-06,2.906287928005010902e-06,2.404076247758092274e-06,1.105956286322577158e-06,-7.149167645441778649e-07,-2.720682784357674348e-06,-4.682116417544912574e-06,-6.546590336619559517e-06,-8.372357443582467690e-06,-1.018092129184440593e-05,-1.182761009264669253e-05,-1.298058736328713895e-05,-1.323634396005772871e-05,-1.231996693117698774e-05,-1.026548430366298172e-05,-7.474949751609069998e-06,-4.613513166092727734e-06,-2.380440456522898332e-06,-1.258930858019322145e-06,-1.357617795428105273e-06,-2.409388493172193583e-06,-3.914669234728726977e-06,-5.348552447147073615e-06,-6.329026026828735400e-06,-6.676356271025411434e-06,-6.360628687802228414e-06,-5.396978696444696498e-06,-3.771401526320240538e-06,-1.452489752138873333e-06,1.516562791012224415e-06,4.909382092859997425e-06,8.275205742982037990e-06,1.101802819963585887e-05,1.258264613524523699e-05,1.266879022964320608e-05,1.136758729096287536e-05,9.143506883832914898e-06,6.657165418792349449e-06,4.503472010139532648e-06,2.984372116590014174e-06,2.021666346520598894e-06,1.248816751560809399e-06,2.342663888202757516e-07,-1.274221919210497650e-06,-3.203111060273455879e-06,-5.173691792644902077e-06,-6.676552069649136657e-06,-7.312809691551552490e-06,-6.985225450665788484e-06,-5.949444355981807977e-06,-4.704187092135839493e-06,-3.774532220210758755e-06,-3.488608528431680134e-06,-3.845489560078418414e-06,-4.525821473507971806e-06,-5.031741762189927779e-06,-4.890112149425255338e-06,-3.834751910180251520e-06,-1.902388403424410895e-06,5.808969621421793619e-07,3.103102375374545501e-06,5.114409997612406784e-06,6.172287522776865182e-06,6.049993076897013364e-06,4.792990997377948593e-06,2.720016307433043660e-06,3.700010043658930276e-07,-1.601743152585044274e-06,-2.567638962991356643e-06,-2.087585687570703264e-06,-4.386625601928092435e-08,3.295706874788657771e-06,7.321094612917701357e-06,1.123259124039812351e-05,1.426410298192241047e-05,1.590547630252722573e-05,1.604415267527607855e-05,1.497064800449797696e-05,1.324177423830570768e-05,1.145096134938806096e-05,9.993355174461888895e-06,8.917716469907249895e-06,7.924562752078637579e-06,6.512853943267140896e-06,4.218388232200722888e-06,8.493923768022598982e-07,-3.376471273794949385e-06,-7.853481855444109747e-06,-1.176755928401195322e-05,-1.437278891844549156e-05,-1.526331390454857377e-05,-1.453617445985898675e-05,-1.277712203189696724e-05,-1.086538595007825594e-05,-9.662187791759939193e-06,-9.695650829601885960e-06,-1.096191586183508032e-05,-1.292318340314211459e-05,-1.471024353170577224e-05,-1.545676144500051646e-05,-1.463734427773882536e-05,-1.227567147405628589e-05,-8.938135834435220132e-06,-5.514659100303315068e-06,-2.876327017858223477e-06,-1.550996144657196181e-06,-1.549144712810106023e-06,-2.405437823915319859e-06,-3.406024716378032032e-06,-3.891089009352430235e-06,-3.494289343628689171e-06,-2.218610482427686775e-06,-3.330790515088909500e-07,1.835523233425987417e-06,4.092671491789218537e-06,6.441173684457117518e-06,8.988565526601696097e-06,1.175649203684684779e-05,1.451290684925198146e-05,1.674314598326294559e-05,1.780473430135150575e-05,1.720866416093941258e-05,1.489098525717891921e-05,1.132748570902819530e-05,7.411705056818440753e-06,4.131755882784496325e-06,2.186526586049826537e-06,1.721097295307164383e-06,2.310710477731892747e-06,3.204292270643726071e-06,3.710450208390390811e-06,3.536413600250419709e-06,2.912228252691016927e-06,2.439727866488397276e-06,2.745134216404892560e-06,4.114628586619305279e-06,6.301715268875838061e-06,8.607753056953260993e-06,1.019685040924693185e-05,1.048541744058017031e-05,9.407737682721809127e-06,7.422575248288833878e-06,5.259457597310984360e-06,3.537640245272204203e-06,2.455936527476254130e-06,1.713509346148211925e-06,7.001635391222673703e-07,-1.146838596342022805e-06,-4.009771412011669763e-06,-7.558874829852622328e-06,-1.109354486062783465e-05,-1.388331992605008949e-05,-1.552911743932192541e-05,-1.615250831290471802e-05,-1.630929551439904939e-05,-1.666767300222056716e-05,-1.761602422122742588e-05,-1.900592714092509401e-05,-2.017055519627012066e-05,-2.022032306885496246e-05,-1.847665057097753585e-05,-1.483259466092010795e-05,-9.862021718302664341e-06,-4.619923693990774321e-06,-2.246117699625539300e-07,2.585291628744612013e-06,3.718500265484696035e-06,3.710339909459847097e-06,3.437530600393677783e-06,3.710882007031869583e-06,4.933344804296989397e-06,6.966185823575553203e-06,9.239785227198949317e-06,1.103314523770525908e-05,1.178104822831537194e-05,1.127518536912597141e-05,9.692914027972512555e-06,7.474378172687135974e-06,5.130927007965551176e-06,3.079147169171631945e-06,1.558992253953972107e-06,6.387815000007733889e-07,2.675186086808897993e-07,3.263349227265561145e-07,6.536172583774281455e-07,1.051946171008563847e-06,1.304823664484749184e-06,1.224286458503504841e-06,7.227170262919544831e-07,-1.264097226257427864e-07,-1.082293724098276887e-06,-1.807700059156011157e-06,-1.999413214518422856e-06,-1.523871176765461958e-06,-4.924773108713970124e-07,7.655809064261648359e-07,1.827832305374493462e-06,2.347989141213217785e-06,2.195664086082433201e-06,1.505650106335287722e-06,6.188500717441680540e-07,-5.389413338012926108e-08,-1.828894886569252307e-07,3.756089391052483724e-07,1.553058174404465755e-06,3.113841380005875780e-06,4.737220371339314232e-06,6.096896423412008964e-06,6.915880837027951219e-06,6.997978575436496042e-06,6.251031141468411915e-06,4.712930925340424729e-06,2.574193613123442215e-06,1.749176197885652798e-07,-2.046558008176302024e-06,-3.656728999194006885e-06,-4.355234802176010129e-06,-4.079001865149183386e-06,-3.032746952983104399e-06,-1.623023805335345025e-06,-3.150648103426544153e-07,5.318783190315304431e-07,7.834422805457409374e-07,5.561180861165926275e-07,1.449168295645992491e-07,-1.101319332044592264e-07,4.080363168789098509e-08,6.727146455234846867e-07,1.674038577756627056e-06,2.795627219167304807e-06,3.727395227715004051e-06,4.171074484756939929e-06,3.895155568382217863e-06,2.776592128254708789e-06,8.389257551781094978e-07,-1.715261401686881643e-06,-4.498236198354418699e-06,-6.986388719794977676e-06,-8.639713169402112234e-06,-9.071438220673263531e-06,-8.209677494192505422e-06,-6.375829185872816947e-06,-4.224624131916605418e-06,-2.545289156134110785e-06,-1.988735796498498744e-06,-2.828671805167008447e-06,-4.859670662194620131e-06,-7.480085453866592027e-06,-9.926220599377762093e-06,-1.155577282600569023e-05,-1.205786049709180604e-05,-1.150516344745667574e-05,-1.024174146262160738e-05,-8.678084303825719370e-06,-7.103070773405772386e-06,-5.602406696502580723e-06,-4.107754775121245815e-06,-2.527305281799555822e-06,-8.676700737795168379e-07,7.297046617320526149e-07,2.056511954183820633e-06,2.961567788073966079e-06,3.446293086461857475e-06,3.664385341498150339e-06,3.819334091577022672e-06,4.021655573396640604e-06,4.200677942401048181e-06,4.140161113901046171e-06,3.634098992011240776e-06,2.679686809532260947e-06,1.586988382080666129e-06,9.167565641184832215e-07,1.247757216894333342e-06,2.876090416395973339e-06,5.603607951396670354e-06,8.744225693624972239e-06,1.137335790810145720e-05,1.271767131148944192e-05,1.249856885282357792e-05,1.105276562103230498e-05,9.158485016467105981e-06,7.645641930702432105e-06,6.984854327223957047e-06,7.068758875045141759e-06,7.304866548604726813e-06,6.977228141710903102e-06,5.688315630824452294e-06,3.641738737825569578e-06,1.601988338598188346e-06,5.340560681975130317e-07,1.098005367731273188e-06,3.259620937426009846e-06,6.229132872750082426e-06,8.777098209148594951e-06,9.782421244058414056e-06,8.743717930442320032e-06,5.998613192252449743e-06,2.541819789632395707e-06,-4.627155133356706661e-07,-2.224442580478684703e-06,-2.647652636055219561e-06,-2.275885650402104675e-06,-1.905274042695407973e-06,-2.088842445368941649e-06,-2.809376495408022248e-06,-3.502901847349270207e-06,-3.418830664147586646e-06,-2.112454907870981221e-06,2.145826174865389246e-07,2.733440973587066075e-06,4.379142647184357929e-06,4.416117000544307393e-06,2.871703375667357810e-06,5.862562013408719388e-07,-1.175775630198993597e-06,-1.373851913551304352e-06,2.312771097388179092e-07,2.880735427599578711e-06,5.126072216823626827e-06,5.509965588226343166e-06,3.288345408930425352e-06,-1.168705475459620602e-06,-6.505782903050630503e-06,-1.098550789703147178e-05,-1.327252850640459910e-05,-1.301388708925770649e-05,-1.093631152912920938e-05,-8.427048002480904031e-06,-6.824791687356499532e-06,-6.786954913409969681e-06,-8.048167836923983436e-06,-9.672008981211445013e-06,-1.063728181813175989e-05,-1.042938199472512897e-05,-9.315210491552041255e-06,-8.159836074246086353e-06,-7.896433897761201342e-06,-8.951069067575609145e-06,-1.094846321026998374e-05,-1.287107573351708932e-05,-1.359485866450289790e-05,-1.251557628395805156e-05,-9.923467670314363339e-06,-6.913025367013316985e-06,-4.860997859467106153e-06,-4.737995067234270885e-06,-6.612401190169966346e-06,-9.608312645095915471e-06,-1.234203534082849948e-05,-1.360969995977080323e-05,-1.296591581973190817e-05,-1.089137889193683898e-05,-8.466071998090867571e-06,-6.728454189436575799e-06,-6.069545029846787993e-06,-5.993729425831989863e-06,-5.383329426079804479e-06,-3.133898961133903747e-06,1.175201994915570640e-06,6.937073071730259584e-06,1.269766333654225565e-05,1.678634427009969703e-05,1.808659823736070394e-05,1.655935356523730752e-05,1.325380367307254936e-05,9.799571114871497151e-06,7.635995944887499876e-06,7.364422646247596566e-06,8.541912497257171300e-06,1.000646706504093212e-05,1.055348687755554221e-05,9.609424001708770897e-06,7.558081994081645731e-06,5.558947400715331437e-06,4.957652336317129013e-06,6.591970857139610728e-06,1.034161883528609305e-05,1.513931045171966370e-05,1.942644409077355422e-05,2.182113189829538628e-05,2.167586217562682976e-05,1.927507431936981207e-05,1.561291835333139151e-05,1.189585815017374840e-05,9.030622795457981592e-06,7.334861047558686530e-06,6.570060272894290488e-06,6.224875938778792652e-06,5.863066160126410235e-06,5.346286297068816039e-06,4.837542793227961519e-06,4.623659759543861768e-06,4.888643126939972827e-06,5.577580079069436395e-06,6.418557996002881116e-06,7.068619505955888851e-06,7.281547409615338098e-06,6.997391121466435206e-06,6.317535194349800519e-06,5.408595171011876815e-06,4.420174069948020772e-06,3.478934504987591359e-06,2.751385199140384088e-06,2.499870996572951949e-06,3.041220343996667661e-06,4.573665688557468786e-06,6.936320693770079556e-06,9.445226670916259445e-06,1.095256724916029173e-05,1.018332252216459856e-05,6.254993682080940766e-06,-8.404008544679887298e-07,-1.004031522619475849e-05,-1.944798978135606985e-05,-2.695418403126066209e-05,-3.100480356080173046e-05,-3.118313417923809680e-05,-2.833966802055048115e-05,-2.420059495396935617e-05,-2.062566036735828610e-05,-1.884978052540175610e-05,-1.904778456689508269e-05,-2.040348400261138390e-05,-2.162071904017161817e-05,-2.160624381438495088e-05,-1.998502224859819617e-05,-1.720938254517114939e-05,-1.423926603794627442e-05,-1.198864019267673610e-05,-1.084164527131150324e-05,-1.048905248946346001e-05,-1.015425090214245772e-05,-9.067594298841029682e-06,-6.920464926562501974e-06,-4.050984618925904153e-06,-1.266680161238467739e-06,5.902799314889159174e-07,1.091607169844186830e-06,4.391767194657687027e-07,-6.647710687597180904e-07,-1.414917934971771085e-06,-1.342360996525590320e-06,-5.500797347409236485e-07,3.863618945460687622e-07,7.956437325216534806e-07,3.508608751066681337e-07,-6.804653446883659441e-07,-1.529089911729988913e-06,-1.324543129487246858e-06,4.042520898024517943e-07,3.399775661615186216e-06,6.708192773299306223e-06,9.077637357151978049e-06,9.534487796533108275e-06,7.851753125216760014e-06,4.672776742903386987e-06,1.224957679297772345e-06,-1.236291159824512178e-06,-1.979327167538968993e-06,-1.075688975313687065e-06,7.199676986711730470e-07,2.414206546862463275e-06,3.308489326864556992e-06,3.350089073456950111e-06,3.129144431362806823e-06,3.534934090214871953e-06,5.256184861938261570e-06,8.383338776283609400e-06,1.231191424866669099e-05,1.598994107639387067e-05,1.838104221979503509e-05,1.891417103608978345e-05,1.770773436746736455e-05,1.547525835585549788e-05,1.317696046864888776e-05,1.159689705391533185e-05,1.104524762367449509e-05,1.130751139313242416e-05,1.183334652488149920e-05,1.204551676080950000e-05,1.160756253055612188e-05,1.053074983756789755e-05,9.096454902965638899e-06,7.665164354674828582e-06,6.489406478779860761e-06,5.627176185010041151e-06,4.983498637877622532e-06,4.432797837373872538e-06,3.934750644295995775e-06,3.569616954993470094e-06,3.473467518987945755e-06,3.715785746451496754e-06,4.196555791441597256e-06,4.629539837292699732e-06,4.630926577733563726e-06,3.875265668338053768e-06,2.244432712679466251e-06,-1.018792745896383718e-07,-2.767451353814826855e-06,-5.253513037523465027e-06,-7.126236940514671846e-06,-8.148848464994276345e-06,-8.331353422508041250e-06,-7.890463392044609273e-06,-7.149126625930000883e-06,-6.423188082318732083e-06,-5.937609753716266127e-06,-5.793466337247142042e-06,-5.982546775363867414e-06,-6.430111968731849030e-06,-7.042691328242726841e-06,-7.744069651682495339e-06,-8.492431564345509756e-06,-9.279423853023432810e-06,-1.011566188074175541e-05,-1.100825781421919242e-05,-1.193657322816660976e-05,-1.283350285827161469e-05,-1.358004132592578868e-05,-1.401875585503367209e-05,-1.398638706422979000e-05,-1.335871476209441587e-05,-1.209520876808807817e-05,-1.026957594579491606e-05,-8.075674238129826823e-06,-5.804551878941794344e-06,-3.794822284235373108e-06,-2.363537976540502328e-06,-1.728556216819865689e-06,-1.937499979423291277e-06,-2.822962130716604662e-06,-4.005797926591578118e-06,-4.963202985820269567e-06,-5.161944027599534382e-06,-4.231167484776805056e-06,-2.122694704952577357e-06,8.063211630733458733e-07,3.840791263528534900e-06,6.096666350422623402e-06,6.805863352579570827e-06,5.601710880582273908e-06,2.692449603758346362e-06,-1.159692649592742014e-06,-4.865662429810563770e-06,-7.370407541187832859e-06,-8.013679760435688640e-06,-6.749181147288560422e-06,-4.133204004306441484e-06,-1.087148280994057060e-06,1.468149553825421372e-06,2.956246340063976110e-06,3.329970623568642165e-06,3.031963437784292555e-06,2.762774856786038418e-06,3.166880146210698486e-06,4.572412181036976882e-06,6.884688330310103989e-06,9.657543364946665661e-06,1.228829754378130216e-05,1.423799119914702781e-05,1.518482145549919577e-05,1.506589776268489747e-05,1.402185139794017453e-05,1.229918715960149887e-05,1.016905224408536203e-05,7.892489048152433222e-06,5.722668444888351801e-06,3.909251413436207389e-06,2.673187795331835287e-06,2.147775222018213867e-06,2.314514828888409694e-06,2.978068897849698196e-06,3.811709879643871051e-06,4.468762863174290539e-06,4.716639089954800630e-06,4.530880065584872122e-06,4.099667145000994035e-06,3.729502979921941514e-06,3.690315739308292969e-06,4.068967650394626394e-06,4.698587983649128282e-06,5.198274620599075596e-06,5.109781000429346053e-06,4.077330454336700310e-06,2.000861513196755398e-06,-8.940418977589862842e-07,-4.093579854184752337e-06,-6.927786696640536476e-06,-8.757173584164116534e-06,-9.161957044331114645e-06,-8.083391324140098245e-06,-5.876959013148632356e-06,-3.253405904444126776e-06,-1.106589864697353326e-06,-2.577396754557881802e-07,-1.179632593885387305e-06,-3.789172091440712675e-06,-7.396422641037312117e-06,-1.086097579001980312e-05,-1.293635044291286598e-05,-1.270278292426748713e-05,-9.933486531545955307e-06,-5.241110954551021427e-06,7.961440994776773224e-08,4.480655246635687012e-06,6.711561449369222994e-06,6.279241322935352784e-06,3.627115855601445897e-06,-4.769723356130350021e-08,-3.271025213684836707e-06,-4.868398645410417857e-06,-4.404138440527572355e-06,-2.304394651025771070e-06,3.766452287705099546e-07,2.434183906879463070e-06,3.019910511375467042e-06,1.961777278071770326e-06,-2.271461070197306322e-07,-2.630454036511184995e-06,-4.353883230016723274e-06,-4.895050015882474914e-06,-4.299322621162531506e-06,-3.053718870058446684e-06,-1.793886512761238123e-06,-9.777194394496458247e-07,-6.803987942943237765e-07,-5.957508843893797768e-07,-2.264774023476064921e-07,8.389448634353344148e-07,2.695388409460693858e-06,5.037472107958815233e-06,7.252461281542811814e-06,8.642879226466176974e-06,8.684725238025685755e-06,7.223274814799235150e-06,4.541517158065545354e-06,1.286446224021308857e-06,-1.715597921358859814e-06,-3.694723195928007109e-06,-4.156104109311542406e-06,-3.021047805289716233e-06,-6.500743909073046223e-07,2.262965174469797359e-06,4.900373147611499998e-06,6.572089729636361082e-06,6.924366121670081374e-06,6.025259552366835105e-06,4.285945523298950941e-06,2.242569886238082068e-06,2.898926180449172353e-07,-1.507951811812793551e-06,-3.426729659178722113e-06,-5.886741742515568536e-06,-9.131268274751202219e-06,-1.293579676949622527e-05,-1.651410363169518634e-05,-1.871174603218443808e-05,-1.844428559621921849e-05,-1.520708674968410675e-05,-9.422390112669519734e-06,-2.436371850219330115e-06,3.877757262839880320e-06,7.776094450453607273e-06,8.295522427486095863e-06,5.620876385907495045e-06,1.001918873858884476e-06,-3.751245708024068837e-06,-6.979126419875414513e-06,-7.784318857479140553e-06,-6.286764111841597998e-06,-3.432409843032900217e-06,-4.695680292482864656e-07,1.646852914868395689e-06,2.643946635027082691e-06,2.946397443634801228e-06,3.340779042698727908e-06,4.478937188274390626e-06,6.479442049217007007e-06,8.825078237008613630e-06,1.059879917619134521e-05,1.093088699667082688e-05,9.430438146032926337e-06,6.390761115076412061e-06,2.677260068972114476e-06,-6.359473463031934662e-07,-2.697959270045177030e-06,-3.178716209998257112e-06,-2.309633089191424309e-06,-6.785191684221219561e-07,1.092724542311739483e-06,2.616205601264798517e-06,3.827796365988427582e-06,4.880696596112668573e-06,5.930846375172891513e-06,6.952532396934721315e-06,7.694610525917203642e-06,7.801399901337044497e-06,7.026874389620768175e-06,5.417806532032731483e-06,3.357608112615472391e-06,1.436861239401537515e-06,2.081368253971553326e-07,-5.641470693387389325e-08,5.137069308092588707e-07,1.446675407663755448e-06,2.140982246066994899e-06,2.133239437362703722e-06,1.300689427756611302e-06,-8.822715621508565679e-08,-1.491433585317454386e-06,-2.322475352144970697e-06,-2.192149477605723380e-06,-1.065099700365813570e-06,7.253493288396455140e-07,2.602543771275021570e-06,3.959085189351578265e-06,4.376584716154693402e-06,3.774980006241485666e-06,2.440623286252114653e-06,9.228088132833243399e-07,-1.691155639008731077e-07,-4.019037003291728790e-07,2.946894249515013609e-07,1.564376990726562809e-06,2.722723838480624775e-06,2.999660187916134687e-06,1.848349001099295694e-06,-7.967036109239065868e-07,-4.426095534699349326e-06,-8.086794208137667813e-06,-1.070951755320438159e-05,-1.151425072434346466e-05,-1.032815386939367880e-05,-7.672339621730022810e-06,-4.564627417881989281e-06,-2.109095608541124890e-06,-1.044358453813550015e-06,-1.450573858515261329e-06,-2.751001519436687103e-06,-4.012017141224431657e-06,-4.405521921705091195e-06,-3.617188261778789142e-06,-2.004989357936436116e-06,-4.289114817594697710e-07,1.690500168464431742e-07,-7.677976217427352715e-07,-3.124986572086057421e-06,-6.154974673355647397e-06,-8.823026617572151642e-06,-1.029140382852946607e-05,-1.030132517328804255e-05,-9.260787840274200934e-06,-7.992556527094015460e-06,-7.268642506503709306e-06,-7.369081406473310138e-06,-7.896215840486571895e-06,-7.951764150796618831e-06,-6.602463260628186761e-06,-3.410718739263928812e-06,1.235316098177799210e-06,6.169457669333836481e-06,9.872640726636228324e-06,1.109372129278174188e-05,9.386792614316084063e-06,5.319859427868116423e-06,2.588980326035434039e-07,-4.175565564404521240e-06,-6.736499707325439905e-06,-6.988952115994893944e-06,-5.379800497658263331e-06,-2.931804275410116814e-06,-7.226411103275544376e-07,6.046393818764093446e-07,1.084264615873359374e-06,1.334365048584394434e-06,2.195988409573308332e-06,4.287411238322358849e-06,7.679417225994729048e-06,1.182593462769990763e-05,1.576039424407796408e-05,1.845292392087718512e-05,1.916792819949373150e-05,1.768312681168383776e-05,1.430927180265740550e-05,9.740552218596933406e-06,4.825796505950814761e-06,3.582217771556526023e-07,-3.056002590545682679e-06,-5.044346402431898401e-06,-5.463037857673035058e-06,-4.380972268759239520e-06,-2.070780561579891291e-06,1.005168404763014559e-06,4.242520685103854714e-06,6.995651552251497856e-06,8.720619164533442342e-06,9.117911200321448530e-06,8.219267290123110259e-06,6.377922997818507257e-06,4.158923730251101652e-06,2.167234720892622729e-06,8.757691157670723278e-07,5.118050460260151388e-07,1.031932573383980701e-06,2.178137646333634769e-06,3.579473907675985332e-06,4.856626044744637082e-06,5.699728399699528123e-06,5.911677185465976766e-06,5.425546965594417212e-06,4.307104767677738857e-06,2.743837872206028106e-06,1.010924889848575502e-06,-5.960771666159357483e-07,-1.857637291112426336e-06,-2.728333413854151590e-06,-3.391719467854470808e-06,-4.229867324528669253e-06,-5.693794184801711275e-06,-8.105965861486811558e-06,-1.146735476832637696e-05,-1.535672099387330801e-05,-1.898607617704543959e-05,-2.141841665614107086e-05,-2.188384136934676263e-05,-2.007867763644924204e-05,-1.632463453757115662e-05,-1.150928365886101903e-05,-6.810933172346395746e-06,-3.298335280984028573e-06,-1.552247130723624281e-06,-1.456208673823611366e-06,-2.244838711278519692e-06,-2.800764643921795147e-06,-2.093702117964116529e-06,4.036926343606944847e-07,4.484113688909030333e-06,9.251239812453496822e-06,1.343025182519029360e-05,1.582805478398550600e-05,1.576872678023941350e-05,1.333781406451315945e-05,9.342275441914763039e-06,5.003008689822650964e-06,1.500773827430087249e-06,-4.472779081392736046e-07,-8.170529697601730512e-07,-2.281976629000928723e-07,3.567677053203699074e-07,5.772578634902561178e-08,-1.547759539824546452e-06,-4.249214846941320182e-06,-7.292883319228747424e-06,-9.691006783663641617e-06,-1.061708846353212022e-05,-9.723184941658560322e-06,-7.254526365344638635e-06,-3.926799824920444056e-06,-6.319617094790630492e-07,1.894316518133520563e-06,3.304310274459432432e-06,3.684409604526864593e-06,3.419165002895183500e-06,2.956453723294331600e-06,2.592879435270094908e-06,2.376473789464518087e-06,2.157630468016732165e-06,1.743033423705677429e-06,1.058515839824608252e-06,2.279251833671493161e-07,-4.764412338190203725e-07,-7.862392191382438806e-07,-6.109072008368415691e-07,-1.377688089120728347e-07,2.019256885820916930e-07,-1.043841420675152252e-07,-1.428736812146595036e-06,-3.822051670054370647e-06,-6.958374403103113293e-06,-1.023137541037540960e-05,-1.296208879013257521e-05,-1.462847895826633078e-05,-1.502088965148739068e-05,-1.426426087155385197e-05,-1.270947561563425339e-05,-1.075308791445598876e-05,-8.671387738556603019e-06,-6.540974498879524453e-06,-4.272569176730976269e-06,-1.730385155091642638e-06,1.128741383626489465e-06,4.167901015131010925e-06,7.078443558761374725e-06,9.482099987240588993e-06,1.108154171059016556e-05,1.179222782378155663e-05,1.179644310969909677e-05,1.149348219059162385e-05,1.136312697797323198e-05,1.179489766934697460e-05,1.294926688459664449e-05,1.470451996132657893e-05,1.670980428616041975e-05,1.852413804051338767e-05,1.978809079019345233e-05,2.036172376466427334e-05,2.037413757466914038e-05,2.016264897982202153e-05,2.012159509801386210e-05,2.051666065351031692e-05,2.133667463391609068e-05,2.224406490122967704e-05,2.265050519621108232e-05,2.189803108622942536e-05,1.948542643653321105e-05,1.526076233482996652e-05,9.511282839821433072e-06,2.917564713041681252e-06,-3.613861798434125084e-06,-9.184630926576551471e-06,-1.313140751990898412e-05,-1.517910011617753309e-05,-1.548275885959958092e-05,-1.455724962847640624e-05,-1.312451882646825821e-05,-1.192422826785255164e-05,-1.153406214016638662e-05,-1.223660096495052553e-05,-1.395717774702290782e-05,-1.628517450379627439e-05,-1.857872114735225331e-05,-2.013664035113196772e-05,-2.040138536154556775e-05,-1.913831939448167296e-05,-1.653061326876586435e-05,-1.314511318298005471e-05,-9.764268472917052747e-06,-7.131347717837713890e-06,-5.698990891121980450e-06,-5.481827028680361399e-06,-6.080841513127700808e-06,-6.878714340124240065e-06,-7.329049840546798732e-06,-7.213952580031040604e-06,-6.750323365764850775e-06,-6.488203131003220855e-06,-7.039117752115222839e-06,-8.755267301435456804e-06,-1.151038140062147508e-05,-1.469211449314378243e-05,-1.741990485808245814e-05,-1.889535950493527602e-05,-1.872621918433482586e-05,-1.707366148260863842e-05,-1.455424607160767358e-05,-1.194409795276095312e-05,-9.827496464955576215e-06,-8.357881759652406437e-06,-7.242766593153078097e-06,-5.952509589954881550e-06,-4.041702512525804590e-06,-1.416827811281353973e-06,1.587196057464807863e-06,4.360361872986494776e-06,6.321253596772096534e-06,7.213715604667822295e-06,7.241943548973771167e-06,6.971860729261038044e-06,7.047046231692109061e-06,7.864365580510250647e-06,9.377784640124078890e-06,1.113566172294445086e-05,1.253812293448008286e-05,1.318651788239298448e-05,1.314466146246003786e-05,1.296915738302625585e-05,1.347651120167359525e-05,1.534463284902188866e-05,1.873238507370066476e-05,2.310080772701831258e-05,2.733273818017443549e-05,3.011433520316908528e-05,3.042442848420235873e-05,2.792922165833266942e-05,2.312105937305854048e-05,1.714970971802479879e-05,1.142198900266222285e-05,7.134497614796474472e-06,4.919151439834108050e-06,4.721447656263784155e-06,5.928776995392280836e-06,7.667803548521514206e-06,9.136320729473258701e-06,9.842615287744146903e-06,9.682608180218734269e-06,8.860766853812055435e-06,7.720581215075041586e-06,6.571999248935036870e-06,5.584357456413724026e-06,4.769578995749144921e-06,4.035455471204481894e-06,3.262789039515989672e-06,2.361288338425155902e-06,1.281985467620076479e-06,-6.010389190492494935e-09,-1.545372678006693519e-06,-3.395621870133227769e-06,-5.598680377467332364e-06,-8.116825285469850948e-06,-1.077750031252022732e-05,-1.326541222581684878e-05,-1.518643663832988472e-05,-1.619504342202261337e-05,-1.614119800299557446e-05,-1.517162660152968355e-05,-1.372737479147354287e-05,-1.241673153980421311e-05,-1.179732937004007242e-05,-1.215001038444244862e-05,-1.334488876507985035e-05,-1.487276311233630951e-05,-1.604833959719282081e-05,-1.631185204237253265e-05,-1.549963267112252442e-05,-1.395288983690990718e-05,-1.239560986977954440e-05,-1.161520056592393043e-05,-1.207803815137523753e-05,-1.365770149702088396e-05,-1.561812029036203388e-05,-1.688594129271074349e-05,-1.651161548800837364e-05,-1.412014741790246710e-05,-1.014103274194559714e-05,-5.694932692577488322e-06,-2.166601875684365627e-06,-6.403833357278172374e-07,-1.445507405190978019e-06,-4.016052894927566281e-06,-7.130790427851429561e-06,-9.425180557527683393e-06,-9.943628375886390424e-06,-8.484917724160913590e-06,-5.595543200084574596e-06,-2.235160156464929286e-06,7.072948244753003143e-07,2.804586051725227192e-06,4.204251322427775304e-06,5.426454807929356625e-06,6.971759842236389654e-06,8.958568859583154959e-06,1.098941530727259375e-05,1.232158519211945745e-05,1.225562797106146998e-05,1.053929224248747472e-05,7.574004366322421173e-06,4.310768505877491276e-06,1.879794074322249537e-06,1.131465556472937755e-06,2.307272316360896887e-06,4.988803622290597735e-06,8.329994088007766889e-06,1.143846654145061169e-05,1.370830007706179091e-05,1.494920039415376391e-05,1.527897457462600229e-05,1.487869840952266761e-05,1.378019371300098443e-05,1.182606128137876666e-05,8.831741294832340895e-06,4.850378456541279422e-06,3.684045521716261717e-07,-3.714039827267587539e-06,-6.350042936859678387e-06,-6.752207761684879509e-06,-4.741158454833785228e-06,-8.530609840888860091e-07,3.862972899186294900e-06,8.270118573956177543e-06,1.158765361198731050e-05,1.363635629170889749e-05,1.476911140563537842e-05,1.553414856316206127e-05,1.626002643845209171e-05,1.679536685183566014e-05,1.655666662784543246e-05,1.487312623619446928e-05,1.145278446336673724e-05,6.716134127296493483e-06,1.795771138013738601e-06,-1.839011536545423376e-06,-2.984018326669583698e-06,-1.255877234118091764e-06,2.664645326715100115e-06,7.232072237618193181e-06,1.060709533744925439e-05,1.135706813725328911e-05,8.986064426895527013e-06,4.074827599804924602e-06,-2.010701532920140067e-06,-7.693368203798428358e-06,-1.177901290117488976e-05,-1.382060426606613918e-05,-1.412614469042724031e-05,-1.345510179957232449e-05,-1.258254241506052859e-05,-1.194820268754791800e-05,-1.154018249070590442e-05,-1.103199807970708438e-05,-1.006651596542957476e-05,-8.520969689487704502e-06,-6.616171092071144019e-06,-4.826908356422880915e-06,-3.656071737682297211e-06,-3.398249255937311813e-06,-4.011885826069002387e-06,-5.153091961364769453e-06,-6.338461909547161431e-06,-7.144594108290160850e-06,-7.346152860704657467e-06,-6.939282665514372513e-06,-6.063692049864732890e-06,-4.887047924683403715e-06,-3.524180314215717292e-06,-2.030658013764869843e-06,-4.582952211575528361e-07,1.079351322563897803e-06,2.388144439583856003e-06,3.246612810913184588e-06,3.509119455058559147e-06,3.201257496684681013e-06,2.547312669313397801e-06,1.902288429306713636e-06,1.611115881639173210e-06,1.857965409459114968e-06,2.577122390321289733e-06,3.468874775354756055e-06,4.113826124366064565e-06,4.132769524935083334e-06,3.319960392345275911e-06,1.694014872489749955e-06,-5.469983636262322157e-07,-3.133773874377907409e-06,-5.838200667149442285e-06,-8.535447518623828170e-06,-1.119213690384021401e-05,-1.379688839078943345e-05,-1.627755417782666511e-05,-1.845277723028632800e-05,-2.004482559933156525e-05,-2.074879203193769753e-05,-2.032727844255561350e-05,-1.869166295248843941e-05,-1.594222220311496162e-05,-1.236079193403201367e-05,-8.368244988509624061e-06,-4.465542195869207129e-06,-1.170902491806560779e-06,1.045606204959340250e-06,1.834643658332483676e-06,1.046338462627128812e-06,-1.200439697969168832e-06,-4.487585516431117329e-06,-8.136399478479405982e-06,-1.132821396314356124e-05,-1.328823251523125312e-05,-1.348187811029963626e-05,-1.175733423984719756e-05,-8.379379243754102384e-06,-3.936479685862610966e-06,8.488479628062073883e-07,5.338021165917401885e-06,9.143241599773323079e-06,1.218566580588819325e-05,1.463305490416600874e-05,1.675437641068684951e-05,1.876006857969969899e-05,2.069674863235732826e-05,2.243549696917293456e-05,2.374837790333744810e-05,2.442946284915596065e-05,2.440114988188627263e-05,2.375911957556901434e-05,2.274150098065011688e-05,2.164289632972691229e-05,2.071522785929134190e-05,2.009664384098965953e-05,1.979035130077751211e-05,1.968949660209197536e-05,1.962603451456936226e-05,1.941896159284839363e-05,1.890862131342205981e-05,1.797932224299157654e-05,1.658086429698551692e-05,1.475481895946434560e-05,1.265695503112003912e-05,1.055398810305632666e-05,8.772750809277927458e-06,7.597965257034026585e-06,7.144778565517284543e-06,7.258413263264254137e-06,7.498419657834114543e-06,7.240218023704844483e-06,5.878084273813906878e-06,3.061982051094968780e-06,-1.128248945707617087e-06,-6.155274740941097248e-06,-1.117284314293022513e-05,-1.530483187416754374e-05,-1.794646872433465221e-05,-1.896106735663788970e-05,-1.868461733483155532e-05,-1.773334136125965765e-05,-1.669979404643719814e-05,-1.587839550076480095e-05,-1.515240643343966168e-05,-1.410132903684178883e-05,-1.228193561800237965e-05,-9.547135660850087147e-06,-6.239358903122924417e-06,-3.146547709499309004e-06,-1.219101215670716016e-06,-1.164879671372984933e-06,-3.108905901695517511e-06,-6.487389245934583735e-06,-1.024487415213999696e-05,-1.326255056595650943e-05,-1.483104787718009773e-05,-1.494949808906264225e-05,-1.430416765308397534e-05,-1.392541027330869862e-05,-1.467460226680893132e-05,-1.679970102213815527e-05,-1.977418682703844946e-05,-2.250612007532409476e-05,-2.382930594695281215e-05,-2.304958770635381711e-05,-2.028461775592240604e-05,-1.642583137369808444e-05,-1.272779384870048021e-05,-1.021053829410176435e-05,-9.157981348329355975e-06,-8.960037215238746166e-06,-8.390101172246078269e-06,-6.203990977801144096e-06,-1.788074865691593576e-06,4.449813952506040296e-06,1.114328475316677884e-05,1.647539441042832222e-05,1.891686521060749108e-05,1.786933611558834230e-05,1.392676377157048620e-05,8.638271165323726950e-06,3.879175696174935163e-06,1.110117057683681276e-06,8.477297476147150670e-07,2.566139014997297596e-06,5.047889611553872400e-06,7.000922776939333065e-06,7.648258841588998112e-06,7.026580970821428825e-06,5.879345522739312740e-06,5.224162873875935612e-06,5.819965997535806334e-06,7.791104446675579151e-06,1.057465077983447485e-05,1.319431159881838541e-05,1.471129151061592592e-05,1.463134040274116549e-05,1.308588454190406037e-05,1.072642736042119608e-05,8.410056906386077950e-06,6.841415890535643399e-06,6.335382694734961649e-06,6.784862433584355781e-06,7.807960108113812600e-06,8.967469837869037030e-06,9.941233980498232210e-06,1.057346988101514492e-05,1.081821619799176909e-05,1.064749373783445425e-05,1.000502089252386606e-05,8.841364851449197071e-06,7.200054861619201784e-06,5.280121728491775156e-06,3.407988289948116165e-06,1.907795181846478524e-06,9.304862265070482530e-07,3.433455320457827719e-07,-2.364423339392616640e-07,-1.253909870325581242e-06,-2.954346081774364303e-06,-5.183772136252052403e-06,-7.373966547450551146e-06,-8.749652647811937111e-06,-8.680674910341794310e-06,-7.016563893959323336e-06,-4.232953349458025477e-06,-1.298832979430010937e-06,6.949246846787053479e-07,9.863091005228894921e-07,-5.331140480826843459e-07,-3.271993358874795316e-06,-6.196174918180290044e-06,-8.272545451144964408e-06,-8.897949754880262718e-06,-8.122655932796303281e-06,-6.578717609774587105e-06,-5.162895739354133513e-06,-4.632850645113681715e-06,-5.302851366987224159e-06,-6.962684550298299086e-06,-9.027470359353317045e-06,-1.081794656715067387e-05,-1.182365622357002617e-05,-1.183347888751637801e-05,-1.090466607942748848e-05,-9.231445899020994546e-06,-7.017918459160437689e-06,-4.436893650328434775e-06,-1.684992449298994364e-06,9.296933312747628985e-07,2.961800418334592618e-06,3.926550450734880977e-06,3.504632251873106391e-06,1.758643371993659938e-06,-7.657913980752524907e-07,-3.142001047026376855e-06,-4.360965596750552902e-06,-3.717998776423447891e-06,-1.121971330566174598e-06,2.817274396749780845e-06,6.975653801768194927e-06,1.010805511913619631e-05,1.128962490690097858e-05,1.022776032896802802e-05,7.327343040857311251e-06,3.499715487404505337e-06,-1.898115189575848332e-07,-2.886755849892986893e-06,-4.189669811777980026e-06,-4.202509626530491629e-06,-3.412945442948847004e-06,-2.471667501578158581e-06,-1.962749515855683282e-06,-2.231277245014000678e-06,-3.295370533493004914e-06,-4.840388084494067369e-06,-6.284522728403274079e-06,-6.909625312061255948e-06,-6.051031852452575728e-06,-3.322291793469446542e-06,1.181433388304271830e-06,6.783239172870752330e-06,1.230321017830878890e-05,1.634045654055214772e-05,1.769944104483293294e-05,1.582194640464263232e-05,1.105333607857186870e-05,4.612662590729485881e-06,-1.756622047929496134e-06,-6.347224788922742981e-06,-8.055272683296197143e-06,-6.735817084574976642e-06,-3.208177203182122715e-06,1.085785609143554128e-06,4.626780167898221748e-06,6.345970224565857269e-06,5.934776694933790158e-06,3.839873177991183419e-06,9.842690051685180012e-07,-1.637388048495834068e-06,-3.309970237291184515e-06,-3.767548831883328870e-06,-3.154427511572377625e-06,-1.846963899789483277e-06,-2.523551987921410986e-07,1.318077032410479407e-06,2.667899179932737852e-06,3.662512537537817359e-06,4.174405735864924350e-06,4.082461824068642586e-06,3.331682888067636408e-06,2.009370280970075874e-06,3.747521545815383802e-07,-1.196978229309340294e-06,-2.343238657137162384e-06,-2.854388792680973558e-06,-2.751148466919383175e-06,-2.254576084312760608e-06,-1.661951994315104577e-06,-1.194470388268084557e-06,-8.991373086224222746e-07,-6.572075929736433493e-07,-2.910823534141458495e-07,2.951145342216983633e-07,1.026391821097811245e-06,1.675705626183362281e-06,1.984916366641828325e-06,1.820779802204284864e-06,1.273815530851526449e-06,6.348050622549979839e-07,2.494944394128326368e-07,3.216019427827939402e-07,7.690663407476776254e-07,1.218065151656514419e-06,1.152500905446181782e-06,1.572583655070790713e-07,-1.857361247959607570e-06,-4.558462719067019398e-06,-7.271659674272337419e-06,-9.209703527662932749e-06,-9.752201141616780803e-06,-8.661332178623719515e-06,-6.152920973591684434e-06,-2.809283473549567277e-06,6.147721934319725685e-07,3.408599209032172275e-06,5.070455802255124167e-06,5.385181329294621830e-06,4.422775629322923511e-06,2.489399854652415630e-06,5.879115703252273717e-08,-2.307612289624207954e-06,-4.059000195318393315e-06,-4.774938931578689198e-06,-4.286146980376520636e-06,-2.750260187283444596e-06,-6.312711520990511435e-07,1.440560652820573980e-06,2.897322493543475765e-06,3.465728605755265418e-06,3.296928660560163143e-06,2.918258144749960296e-06,3.006664503418579576e-06,4.070547883208473848e-06,6.181467026402257271e-06,8.887475202322368535e-06,1.136397290802307862e-05,1.274812291643617335e-05,1.251127382202193739e-05,1.069718805298371538e-05,7.909204576818452460e-06,5.043910972302257452e-06,2.889248222642932335e-06,1.772954564507009719e-06,1.428202462184444364e-06,1.143870950514996287e-06,1.328871451657226717e-07,-2.053150119203755145e-06,-5.260628114032073960e-06,-8.752287198787896049e-06,-1.150809805774239052e-05,-1.267739491105137405e-05,-1.197796507056698443e-05,-9.857861120101613973e-06,-7.340007018446823295e-06,-5.610868015615836629e-06,-5.528830847296167709e-06,-7.264507774958887145e-06,-1.022832004867489199e-05,-1.331637953803832251e-05,-1.536894943441143344e-05,-1.564600029389823937e-05,-1.411939883016418470e-05,-1.146168279636358863e-05,-8.741411095141131759e-06,-6.958771944752955598e-06,-6.620445391278023507e-06,-7.533192063936488777e-06,-8.900801684996979956e-06,-9.679679081865846899e-06,-9.039111380209891142e-06,-6.728848611604896829e-06,-3.196953906191673316e-06,5.922785685588833505e-07,3.562402192413637833e-06,4.977965189754909072e-06,4.752723433665999160e-06,3.481303488706530482e-06,2.182198246253298250e-06,1.864999108038478250e-06,3.110493620097254051e-06,5.844801334581976328e-06,9.400816939861170339e-06,1.283094658000859255e-05,1.532298435206298163e-05,1.652749017542794326e-05,1.665055472276087123e-05,1.627926231225486185e-05,1.603496373396907202e-05,1.623058811197148818e-05,1.670336112312314730e-05,1.690549017670314334e-05,1.620582777149725320e-05,1.424909348410388282e-05,1.118912094147068244e-05,7.674548245447969841e-06,4.589081631304318394e-06,2.672040198897174247e-06,2.205693242910102763e-06,2.922443022777518395e-06,4.173484782812320692e-06,5.267711176593039394e-06,5.803599668183863610e-06,5.822558416775853260e-06,5.707580831620238839e-06,5.887170173022703289e-06,6.510331285731457883e-06,7.277563648052313447e-06,7.533220624258423394e-06,6.585957759202233250e-06,4.097927894541273474e-06,3.367861722083667409e-07,-3.855459933908557189e-06,-7.383896354382054052e-06,-9.371231685374582332e-06,-9.554235688003070293e-06,-8.410876972232340416e-06,-6.949159037312563473e-06,-6.251471653639484221e-06,-6.986978918640991495e-06,-9.120106083199695088e-06,-1.194797994224186526e-05,-1.444123946986706340e-05,-1.571933692128504691e-05,-1.543297550512973566e-05,-1.387908047901737163e-05,-1.180861939594708877e-05,-1.003608304604420670e-05,-9.048682399468391081e-06,-8.802523296536648539e-06,-8.792357740365757613e-06,-8.344749520041809521e-06,-6.980176179645684516e-06,-4.666282552272003381e-06,-1.847958400622689711e-06,7.469270816308475651e-07,2.422869231441460025e-06,2.803357280984351133e-06,1.966721963083737993e-06,3.896367272355744467e-07,-1.254688954431956507e-06,-2.342750024832790742e-06,-2.491137448759250329e-06,-1.635373746732504665e-06,6.721839660360326862e-10,2.003039895770911060e-06,3.885349280261136792e-06,5.196847882684840323e-06,5.615190889810330506e-06,5.026190359084099905e-06,3.580629183267563470e-06,1.699335147298397101e-06,-6.591089649286596971e-09,-9.093995772442424578e-07,-5.940239012594525817e-07,9.409373609992435627e-07,3.208971286439385134e-06,5.351260689096200847e-06,6.428177577198926540e-06,5.786811925883401335e-06,3.353411428810670989e-06,-2.859418601959128995e-07,-4.072015974518000316e-06,-6.867041788814882999e-06,-7.901044454545267228e-06,-7.081984796222513469e-06,-5.033247521152287474e-06,-2.836061203797068825e-06,-1.580836156588163418e-06,-1.913623408464179541e-06,-3.765540846497545386e-06,-6.374407401061312021e-06,-8.584979894677597647e-06,-9.301232125451396087e-06,-7.908253841717637555e-06,-4.502436581558940003e-06,1.474778374293872952e-07,4.878265132936436100e-06,8.532324735583443994e-06,1.032938391532149552e-05,1.008429755524626792e-05,8.212559410751766177e-06,5.544026023144307991e-06,3.026632120340995564e-06,1.427649466330446582e-06,1.127643714686050290e-06,2.061550192753665395e-06,3.808507797907892533e-06,5.784097208552809550e-06,7.458881126521028812e-06,8.523569541150172543e-06,8.944738008591248383e-06,8.898868614246830812e-06,8.622012259797574157e-06,8.248686708914001030e-06,7.720089107632650154e-06,6.811962029140844183e-06,5.275863323591242344e-06,3.028001463565853977e-06,2.863987608808764915e-07,-2.429535765286651010e-06,-4.463192630820254473e-06,-5.293019633229132090e-06,-4.792463916005072284e-06,-3.345398943537841208e-06,-1.738888653813349001e-06,-8.555777401784513626e-07,-1.289147630577459688e-06,-3.057060439967603518e-06,-5.554589598521620572e-06,-7.790481429298045131e-06,-8.812857574658588853e-06,-8.137268296153218287e-06,-5.977280457329454394e-06,-3.162490988764141590e-06,-7.730304835318189394e-07,3.444748038411088179e-07,-4.616735466923412023e-08,-1.479674172531048266e-06,-3.028351686879731341e-06,-3.757118448946202715e-06,-3.175470746992882596e-06,-1.468348025809651079e-06,6.045842495144785337e-07,2.089742738923559307e-06,2.312337934966396872e-06,1.209010157764163570e-06,-6.408808438972596116e-07,-2.296835716053830786e-06,-2.909233835392191554e-06,-2.117793741738600797e-06,-2.031428442230127879e-07,2.075721790810300877e-06,3.868254784789020689e-06,4.644905382929420908e-06,4.430114916071534104e-06,3.747098644997586106e-06,3.314538362522061365e-06,3.659599864764415057e-06,4.848693950760202883e-06,6.470184197691658798e-06,7.868679731389406455e-06,8.499516736783005981e-06,8.212362811702487005e-06,7.314352209670135595e-06,6.382584757643156530e-06,5.929709030040230775e-06,6.104301387644046792e-06,6.589278059512547987e-06,6.756729582368013779e-06,6.001501617719840246e-06,4.079841784935643019e-06,1.273769865351018332e-06,-1.710218833698906339e-06,-4.063214307528928697e-06,-5.257443781738754341e-06,-5.298515985393176635e-06,-4.718196073284884747e-06,-4.309377012361712529e-06,-4.733845311117890931e-06,-6.196260279825175141e-06,-8.343341132250788603e-06,-1.043398710653291246e-05,-1.169190234408657170e-05,-1.166481644929818732e-05,-1.041636098112617883e-05,-8.464902274574357411e-06,-6.511577796193108237e-06,-5.102057120998735829e-06,-4.392553515250278040e-06,-4.129834881074350481e-06,-3.841265376504905904e-06,-3.123977842459937573e-06,-1.876512580715728919e-06,-3.530100659152132564e-07,9.823896783125148647e-07,1.717298489799871824e-06,1.726152214859361266e-06,1.252848958441382970e-06,7.976545384174687077e-07,8.683529426994843556e-07,1.725437676789676440e-06,3.251943391527917209e-06,5.011524945084882406e-06,6.460098322325320624e-06,7.198696773456445138e-06,7.138072882038293504e-06,6.496289041878471754e-06,5.640678347594983433e-06,4.866702576284201104e-06,4.235833180578785064e-06,3.558264092409371091e-06,2.524897838623424034e-06,9.110674941739216788e-07,-1.264076704050719998e-06,-3.713430046682133243e-06,-6.009198966660451763e-06,-7.793968124392749094e-06,-8.960516763691036524e-06,-9.699986318970717556e-06,-1.038735588044515976e-05,-1.136057365849760821e-05,-1.270863319088201634e-05,-1.418265864388647310e-05,-1.528251240171635037e-05,-1.548112516658195305e-05,-1.447649760036376422e-05,-1.234480436091830113e-05,-9.516193710955658881e-06,-6.583355961557857762e-06,-4.036724386640194258e-06,-2.056818460768670954e-06,-4.654808084885453396e-07,1.141477129274855352e-06,3.147364372128743573e-06,5.676116822448476834e-06,8.479706776545571710e-06,1.100707864155554430e-05,1.262339990611021974e-05,1.287918577994891116e-05,1.170925708276387784e-05,9.477905421829512493e-06,6.858292895960189142e-06,4.605117621299912805e-06,3.317573968341069908e-06,3.281172706450027667e-06,4.432081091183352570e-06,6.432179088754828716e-06,8.803973676098108989e-06,1.106633721307745399e-05,1.283130077608245414e-05,1.385223788166567027e-05,1.403613478215467280e-05,1.343740540615906919e-05,1.224097297211603588e-05,1.073013957117405813e-05,9.231973836767999096e-06,8.043099806342744737e-06,7.354871542474882229e-06,7.206417564217481556e-06,7.487617559531184481e-06,7.992535144865516616e-06,8.498548061374672097e-06,8.832779255385182491e-06,8.895150571334980706e-06,8.633668082004011623e-06,7.997668590406964054e-06,6.910147752022801834e-06,5.289780925057908993e-06,3.120711207978402815e-06,5.316684902384598625e-07,-2.171826053080414835e-06,-4.563460688065388538e-06,-6.237828702955460737e-06,-6.984237810498376101e-06,-6.909312411964398982e-06,-6.436625411987339173e-06,-6.163628086090428578e-06,-6.625485196397291918e-06,-8.067235997322555710e-06,-1.033133254076143557e-05,-1.292028811094640437e-05,-1.521402326581446829e-05,-1.674661752522261957e-05,-1.741490391579707391e-05,-1.751922997411716880e-05,-1.761304136305236949e-05,-1.822696399666346438e-05,-1.959238408877252423e-05,-2.149097310304911446e-05,-2.329988854852078705e-05,-2.421481725698934267e-05,-2.355568833122311247e-05,-2.102745975968323296e-05,-1.683301413142840146e-05,-1.160208990637284513e-05,-6.176511184868678858e-06,-1.343828239382808283e-06,2.380304485938056342e-06,4.853350598143088142e-06,6.276239700155271046e-06,7.066376083338923686e-06,7.691585764695346077e-06,8.521202340703230743e-06,9.730778158037306548e-06,1.127341613545649582e-05,1.291330058190761018e-05,1.430741376502441347e-05,1.511552095336847335e-05,1.511226299680736655e-05,1.426964912353231715e-05,1.277956979810125043e-05,1.100041520352228977e-05,9.339221320614284099e-06,8.111043536763360801e-06,7.434391965735137244e-06,7.212326671800352371e-06,7.212234469235186058e-06,7.208241936232341508e-06,7.113667405629511917e-06,7.029107579673119965e-06,7.170709181946629588e-06,7.706758111889493691e-06,8.586737778537582080e-06,9.463337376846820917e-06,9.770520097334611304e-06,8.943721900007358018e-06,6.688942576630296586e-06,3.168574316069234398e-06,-1.001518145085211228e-06,-4.964424511533396909e-06,-7.961149869641125434e-06,-9.642728901173788859e-06,-1.020395245347375850e-05,-1.026539866276033618e-05,-1.055010925888708609e-05,-1.150415024908203277e-05,-1.304393059790247770e-05,-1.455786368072662081e-05,-1.517022806978674210e-05,-1.414849498292327687e-05,-1.126428340106881477e-05,-6.938184145707425290e-06,-2.100667676878301291e-06,2.164812135693105126e-06,5.030220424558160940e-06,6.198380140601459651e-06,5.931707567059595038e-06,4.842746928644473704e-06,3.566763978564460084e-06,2.483194249891594501e-06,1.614099075715417858e-06,7.278572162671784048e-07,-4.308323421770317117e-07,-1.922594881844424493e-06,-3.527595568097372710e-06,-4.833142291273313535e-06,-5.437947852065217728e-06,-5.154388797561792972e-06,-4.095794902834881583e-06,-2.603641534754839809e-06,-1.060449833137496396e-06,3.025161095089200054e-07,1.492723267754955736e-06,2.690372656463869992e-06,4.069617358983198192e-06,5.615087646763208985e-06,7.049163770217322254e-06,7.927148254279943338e-06,7.863869252930388672e-06,6.776567281603069513e-06,5.008725438742599032e-06,3.251285225614492527e-06,2.277209488387839542e-06,2.602682933815244127e-06,4.233249375808643337e-06,6.621284206274515880e-06,8.866125166579508321e-06,1.007534129775412455e-05,9.729521492639235661e-06,7.890266114486472386e-06,5.162744301674358726e-06,2.435533813521242013e-06,5.185597668560120830e-07,-1.604764114325447025e-07,3.240893189230972470e-07,1.494901344622848397e-06,2.723938836922096727e-06,3.509211425963835028e-06,3.647896444510324287e-06,3.239194207405034741e-06,2.538593888304719671e-06,1.756780000332357662e-06,9.172814460684154036e-07,-1.505976921038800453e-07,-1.682157675308451977e-06,-3.783876416514561816e-06,-6.285523418001772240e-06,-8.727858787144988757e-06,-1.051013188632251395e-05,-1.114085807216632665e-05,-1.047860848183566967e-05,-8.844773295465092037e-06,-6.941531983983356998e-06,-5.593766170961958819e-06,-5.415355853495114169e-06,-6.540921179332458087e-06,-8.543754378505092248e-06,-1.058612693791089664e-05,-1.175016932365099602e-05,-1.141803005677993731e-05,-9.544023127880956777e-06,-6.701686693187464107e-06,-3.879564615316390686e-06,-2.103433717714496292e-06,-2.035706059734284716e-06,-3.713491322874076346e-06,-6.530267456851971651e-06,-9.466016510740847675e-06,-1.146949796384011477e-05,-1.183686787176117953e-05,-1.043763405692957176e-05,-7.707579066683800157e-06,-4.427711915655398624e-06,-1.394876820715981240e-06,8.732905491342544968e-07,2.282336924050417360e-06,3.111277435846092910e-06,3.813284231509099894e-06,4.770993645882984694e-06,6.119387823289139563e-06,7.706750299202745673e-06,9.194157712415542414e-06,1.023089602138966695e-05,1.061559427969314798e-05,1.037019520057201384e-05,9.703472716736734918e-06,8.895779096337395249e-06,8.170162164951082163e-06,7.613137596003627431e-06,7.176084245067900828e-06,6.744747400144931553e-06,6.232363163773666477e-06,5.645815287533147403e-06,5.093749204644831160e-06,4.737685146412981590e-06,4.714353791789038195e-06,5.067243621630776228e-06,5.715968735918719649e-06,6.471727593969481565e-06,7.087848983408632887e-06,7.324828497452385983e-06,7.010507019392704161e-06,6.082956507590414917e-06,4.609648462843935897e-06,2.778713191645480041e-06,8.590745310840865497e-07,-8.688927739856751884e-07,-2.199224495344428235e-06,-3.075794900541201513e-06,-3.622955184395866285e-06,-4.105422575285183236e-06,-4.817682758326886085e-06,-5.938141778358768942e-06,-7.409471185639707166e-06,-8.906904207026814440e-06,-9.924457636049671360e-06,-9.955896979863186705e-06,-8.697409557095441753e-06,-6.179430712795645253e-06,-2.760504619519976588e-06,1.021200817635413370e-06,4.671745069232194178e-06,7.930352515432468905e-06,1.082369599364980598e-05,1.355000200960353538e-05,1.624666217585760003e-05,1.876449029704457377e-05,2.058280586640100191e-05,2.094045419430125166e-05,1.915241859532665022e-05,1.497966367100917247e-05,8.873677857077331450e-06,1.955357488150032723e-06,-4.301074314804389912e-06,-8.572814327077974770e-06,-1.017892078275757808e-05,-9.344161119147424740e-06,-7.111229275208809916e-06,-4.924189605677961459e-06,-4.049101750430420331e-06,-5.071202770569058258e-06,-7.677702027273854257e-06,-1.081391656477779338e-05,-1.314184395413356788e-05,-1.360424442636417941e-05,-1.185814432101202211e-05,-8.403987972045546143e-06,-4.370118911917645405e-06,-1.056752278554797145e-06,5.629307550194997685e-07,1.811766991833231307e-07,-1.790982947842240604e-06,-4.455297979788718871e-06,-6.827537016407992774e-06,-8.234277420863507656e-06,-8.547772653316976178e-06,-8.179832770788775809e-06,-7.858202590809044229e-06,-8.292203506664841035e-06,-9.867578585696935224e-06,-1.248612530802306776e-05,-1.559972525234667071e-05,-1.841066487728036975e-05,-2.015112956445664748e-05,-2.033396185641029531e-05,-1.888728020695833813e-05,-1.613536072354238617e-05,-1.264661744431708375e-05,-9.015406530998047784e-06,-5.663020859586590005e-06,-2.730285146915950135e-06,-9.595326692124054862e-08,2.494034371908191294e-06,5.243933929497808501e-06,8.150540502036158883e-06,1.094005802781993549e-05,1.313316351265412171e-05,1.422126049973084255e-05,1.389002316299229227e-05,1.220151915483579685e-05,9.654590746786574233e-06,7.083894697924613315e-06,5.417599167860449594e-06,5.370481316387572697e-06,7.180905252391868073e-06,1.049285198610738181e-05,1.443782914202086762e-05,1.790102713705077865e-05,1.988656797177291446e-05,1.985445875405928670e-05,1.790471599551564356e-05,1.473408821269681261e-05,1.137225296717755897e-05,8.788578803246452169e-06,7.515474454629034785e-06,7.436519799977704939e-06,7.831905347319916244e-06,7.677320771877485712e-06,6.090203515504569783e-06,2.749765595421737434e-06,-1.885094994092348837e-06,-6.666351720366160081e-06,-1.014332364963395807e-05,-1.110954270916788016e-05,-9.098641808832947265e-06,-4.624807167537131986e-06,9.438471206083901027e-07,5.845595104013947683e-06,8.547252760380604986e-06,8.284205173755728987e-06,5.302814596974964864e-06,7.104520185820691039e-07,-3.998199254354045526e-06,-7.534376976707071487e-06,-9.276467003116745582e-06,-9.410667497011666714e-06,-8.708416888779221802e-06,-8.061001985480708442e-06,-7.997788653943311928e-06,-8.415121681685318574e-06,-8.638646058898755923e-06,-7.782137488436842031e-06,-5.226196263770807323e-06,-9.857025205678201578e-07,4.209907322545652069e-06,9.162653230187950176e-06,1.266516153318874985e-05,1.396425064165438066e-05,1.302468475503025164e-05,1.048754861952381644e-05,7.360270614987170301e-06,4.592546424533671756e-06,2.730633550553357837e-06,1.788973146429456863e-06,1.365155055842359216e-06,9.107512443904108117e-07,1.115568034670176351e-08,-1.454276096766584189e-06,-3.322164927132389631e-06,-5.283276847820408441e-06,-7.050038402227411000e-06,-8.458578371116068286e-06,-9.466307148575566079e-06,-1.007662002823264398e-05,-1.026514877759483354e-05,-9.973319114385067492e-06,-9.182487569151376514e-06,-8.019374484547271391e-06,-6.810584116547610233e-06,-6.023104766499009673e-06,-6.090578259113897753e-06,-7.197052990051341237e-06,-9.128860376810323606e-06,-1.128565153039692254e-05,-1.286952994972022057e-05,-1.318210971337251529e-05,-1.189981093793820350e-05,-9.200635640758944225e-06,-5.682204347810234645e-06,-2.109050180203850728e-06,8.918690979526935427e-07,3.045568088616775061e-06,4.458243379810141127e-06,5.459162062203649582e-06,6.345650582811148994e-06,7.167762179967046007e-06,7.666625315521865503e-06,7.401237945327544540e-06,6.002379037014785376e-06,3.426666834962808291e-06,8.012816936402677441e-08,-3.260037240750584384e-06,-5.703408961943737956e-06,-6.578399922968453339e-06,-5.697042377324885130e-06,-3.437960868420574180e-06,-6.088454206073818212e-07,1.859404481026612706e-06,3.267170192856319930e-06,3.411560750540743509e-06,2.661246752113083776e-06,1.812614530467042530e-06,1.780773838209453384e-06,3.238821550735483630e-06,6.336928324983301161e-06,1.060461746837877907e-05,1.507566113213580857e-05,1.859693723317088005e-05,2.021630829875991828e-05,1.951288681492258808e-05,1.674857903231935873e-05,1.278005495566629561e-05,8.756586880639005038e-06,5.711119284904679799e-06,4.197316514260951377e-06,4.113042467412383329e-06,4.781141467441109795e-06,5.256193805748624703e-06,4.732222040807192429e-06,2.882025926087756344e-06,-1.406476949534311363e-08,-3.202441647064360125e-06,-5.791262888185396863e-06,-7.135756370980135977e-06,-7.102267810885214307e-06,-6.096773462693686411e-06,-4.853220331413085819e-06,-4.087831921562518098e-06,-4.184846535791624366e-06,-5.058807972790686909e-06,-6.248899780396323382e-06,-7.186276461252799708e-06,-7.492510973148933529e-06,-7.156817836787772547e-06,-6.505919153604707155e-06,-5.989036829009608998e-06,-5.896069629350949486e-06,-6.161087133177963307e-06,-6.358963396636609856e-06,-5.903394907565978458e-06,-4.350739976351054366e-06,-1.658783627063168444e-06,1.729823017486005376e-06,5.024402764903154796e-06,7.382091381525022344e-06,8.227432407524596009e-06,7.454245804017171324e-06,5.430019031976506803e-06,2.818929170025232222e-06,3.202796387057856674e-07,-1.554240235291498373e-06,-2.577416422659634688e-06,-2.765673288089087251e-06,-2.260111996074362367e-06,-1.218801859228083687e-06,2.148464091170872089e-07,1.863693175589802975e-06,3.444107193642689137e-06,4.546909206338010378e-06,4.721518276586683225e-06,3.648850017005325053e-06,1.325708149534555597e-06,-1.841122904407409412e-06,-5.102006476135233692e-06,-7.590224500997823572e-06,-8.624192251805510017e-06,-7.959490811583351170e-06,-5.879292999872756801e-06,-3.081163819069952189e-06,-4.089765214139902443e-07,1.452958786707109138e-06,2.193206525804612138e-06,1.910954027884641414e-06,9.791330484180275932e-07,-1.866638160172674324e-07,-1.335591168714043599e-06,-2.467903329050203877e-06,-3.768729782496139651e-06,-5.435132937674311287e-06,-7.493429146991721175e-06,-9.705253098340741843e-06,-1.161424611660873432e-05,-1.271492893029340007e-05,-1.266569533763669354e-05,-1.144658972668251291e-05,-9.387965924485024830e-06,-7.054637351512151528e-06,-5.033787479328500539e-06,-3.715148645059772547e-06,-3.152454226058958647e-06,-3.058143507480127447e-06,-2.927015813671599473e-06,-2.233980306196659076e-06,-6.266122483479375495e-07,1.957519039634595419e-06,5.282955932170185740e-06,8.906985595155894682e-06,1.232270502951832076e-05,1.509612546132594009e-05,1.695157457019992806e-05,1.778871602353286063e-05,1.764549777450467795e-05,1.664053506064496380e-05,1.492869396134279880e-05,1.268707372938753190e-05,1.012507135723588429e-05,7.494548575564478543e-06,5.073905260238209224e-06,3.114786399079677975e-06,1.764896362837681247e-06,1.001822254106923435e-06,6.181748150543797060e-07,2.820632130886590256e-07,-3.360260616373352541e-07,-1.414023659468004646e-06,-2.870529784491299359e-06,-4.354286284524670606e-06,-5.350764276652069770e-06,-5.375602718580113966e-06,-4.182227226295954832e-06,-1.896978386248391517e-06,9.813896517118804560e-07,3.727668305269162526e-06,5.630518485848875832e-06,6.234524546820980839e-06,5.488517324642597948e-06,3.742884002933153726e-06,1.601405050878931290e-06,-3.071471140758581075e-07,-1.542235077548562155e-06,-1.966271107439712626e-06,-1.725091887791482528e-06,-1.118889517322717201e-06,-4.337714351247197946e-07,1.850745520875371203e-07,7.643331686963997510e-07,1.432973464024180427e-06,2.295723828034646965e-06,3.318029528598756792e-06,4.282462706987535493e-06,4.840930891667916853e-06,4.642145957387489349e-06,3.480218197423285646e-06,1.401628871535502771e-06,-1.274229265290167206e-06,-4.031008424659315295e-06,-6.301698430850846049e-06,-7.635129986116441725e-06,-7.827884048311147170e-06,-6.980478572989925821e-06,-5.462043840613953374e-06,-3.795892402084212138e-06,-2.501521798140463665e-06,-1.941065032149190171e-06,-2.217041908974085869e-06,-3.153250941176532434e-06,-4.364911959915983328e-06,-5.394657622320383439e-06,-5.867502717527977395e-06,-5.610171569751467914e-06,-4.693177092388706524e-06,-3.384516341925383749e-06,-2.039827613969462711e-06,-9.791405251333530723e-07,-4.022157108283272967e-07,-3.709583900842044096e-07,-8.498227197502296136e-07,-1.763501874088991773e-06,-3.023975251713049152e-06,-4.502296750741762354e-06,-5.963063910938062179e-06,-7.016918546465597748e-06,-7.153810908934706983e-06,-5.886408100529639785e-06,-2.970933473239377427e-06,1.386856860674552698e-06,6.454413326042586956e-06,1.110106860943511517e-05,1.412389577657738374e-05,1.466389561886007079e-05,1.254467816833084084e-05,8.378322313257164123e-06,3.371871085495401509e-06,-1.102959421678104232e-06,-4.004479271011874798e-06,-4.972061642504644219e-06,-4.385436951014083059e-06,-3.115101961480318352e-06,-2.087545106098201887e-06,-1.871605490556266879e-06,-2.475662701224428134e-06,-3.437217480347654278e-06,-4.140478421915265652e-06,-4.186993576955200208e-06,-3.624606947835114656e-06,-2.920079105447587577e-06,-2.698133213948849420e-06,-3.392379600046051089e-06,-4.997427099563039682e-06,-7.054176932572428163e-06,-8.873218247815202120e-06,-9.872997024005088513e-06,-9.849205425114796849e-06,-9.032153091520205164e-06,-7.907689428719365482e-06,-6.909394715129370588e-06,-6.162065170679064107e-06,-5.427805660452827766e-06,-4.290418867718594350e-06,-2.474098795395353610e-06,-1.068492711439981651e-07,2.241756025725349793e-06,3.800569263003037537e-06,4.010320471579532949e-06,2.896601488781029845e-06,1.188894933279673869e-06,8.904059789062014135e-08,7.695999325677025255e-07,3.828789668855920740e-06,8.965553251190030263e-06,1.504214309213355294e-05,2.051736751180633031e-05,2.405342694212369865e-05,2.501486068129778542e-05,2.363334933954230172e-05,2.077937065051293911e-05,1.747572969007163882e-05,1.440983133619838172e-05,1.168991882625161959e-05,8.953456232877280032e-06,5.746371206460360394e-06,1.949462666757405874e-06,-1.993253781608216232e-06,-5.180341233624731847e-06,-6.647925991108756769e-06,-5.851960343355911253e-06,-2.985405480789223595e-06,1.040113625572604842e-06,4.948021184149109641e-06,7.615854319390819516e-06,8.508393920585484104e-06,7.821300765315900195e-06,6.281175169424370414e-06,4.719961178981958637e-06,3.647422231280798912e-06,3.033286216869862825e-06,2.391699850371198207e-06,1.100931895239362926e-06,-1.224642057045754268e-06,-4.507422672032949908e-06,-8.232064600011644844e-06,-1.169109454916700037e-05,-1.430446368716523844e-05,-1.583878331531495524e-05,-1.641996324211331668e-05,-1.635479264191796897e-05,-1.588304848150421183e-05,-1.501396334032518797e-05,-1.354431096070022098e-05,-1.124478746826139624e-05,-8.100652709765964780e-06,-4.458479290674952073e-06,-9.815986628491899882e-07,1.577054511354099538e-06,2.674367025194543026e-06,2.197629059091563408e-06,4.968947896542408426e-07,-1.780409350315289344e-06,-3.960212983153993963e-06,-5.577290548824778815e-06,-6.465229544053751835e-06,-6.679670625845257812e-06,-6.329320590794358565e-06,-5.436877079144081107e-06,-3.925251165426816637e-06,-1.740035730089843174e-06,9.729818820482459039e-07,3.761604651112772852e-06,5.928512924862207488e-06,6.765385007378993867e-06,5.863260134336188076e-06,3.346988099496844984e-06,-9.442296308336078322e-08,-3.416046384654590561e-06,-5.582812177900575339e-06,-5.934611833498333140e-06,-4.393792852010134837e-06,-1.436241434958462317e-06,2.139558376548162892e-06,5.521881514736319901e-06,8.128942151446976234e-06,9.694780151495284318e-06,1.020083502608997313e-05,9.736930023609866332e-06,8.399104578033006398e-06,6.289018546105819392e-06,3.599610590265537523e-06,7.044165505307163110e-07,-1.844674809112059800e-06,-3.455078616174805261e-06,-3.723962009725523090e-06,-2.648313140124332509e-06,-6.909500720619396809e-07,1.360143830973637769e-06,2.698022480605932283e-06,2.835646343224738255e-06,1.815916065363740714e-06,1.851219217667758471e-07,-1.265893035851245308e-06,-1.874060981259310666e-06,-1.412920103998036719e-06,-1.899409309592246357e-07,1.112949616434578466e-06,1.775632040701565376e-06,1.387545494824687285e-06,3.852258311525052848e-08,-1.736093703771038332e-06,-3.223284540712497380e-06,-3.877580648018819423e-06,-3.574028373529944797e-06,-2.648526828446386411e-06,-1.711206738569900609e-06,-1.328132876827247818e-06,-1.727134926706162484e-06,-2.668319760330222607e-06,-3.539414375658253969e-06,-3.631087196762251710e-06,-2.467150269274565501e-06,-4.363290078177684631e-08,3.125606982683034986e-06,6.174420595694948159e-06,8.192086895249121168e-06,8.551213583325372678e-06,7.132140319402284015e-06,4.365050337953755379e-06,1.080742568505413468e-06,-1.771786328066343518e-06,-3.440417236038865655e-06,-3.610456782165139791e-06,-2.491382580071195979e-06,-7.225290405914093726e-07,8.693077137504541537e-07,1.576728004701715786e-06,1.074607457189333780e-06,-4.580847604963915273e-07,-2.407148541565475814e-06,-3.962116177577348100e-06,-4.436569984538387241e-06,-3.543190680026124915e-06,-1.509003921282733465e-06,1.021457491638727157e-06,3.257769735880652505e-06,4.594143923105665632e-06,4.852745177075721372e-06,4.329462769787649747e-06,3.620845378839631351e-06,3.313538897664944666e-06,3.684702803415084430e-06,4.559122680950081498e-06,5.394635879218040903e-06,5.556205698640158252e-06,4.644758934186118854e-06,2.717352960829045839e-06,2.867837441344835866e-07,-1.902858973181140921e-06,-3.216636734877581502e-06,-3.418788694878760741e-06,-2.770777316335157058e-06,-1.891694785590594848e-06,-1.453645389124543224e-06,-1.865026234151039966e-06,-3.096217763458110416e-06,-4.725209590576214008e-06,-6.166159548980219291e-06,-6.952191384996625096e-06,-6.922705134208835132e-06,-6.225003553855297640e-06,-5.146810014799785991e-06,-3.891525568861516711e-06,-2.439245289405561220e-06,-5.857345082970424760e-07,1.854239412215649927e-06,4.795609083931456193e-06,7.741779511149928262e-06,9.865381180533000928e-06,1.030926601015186948e-05,8.582672928879210092e-06,4.860329772372973885e-06,2.057791353337256667e-08,-4.626396595252023548e-06,-7.821399501523606943e-06,-8.843548695620456973e-06,-7.782789817566555836e-06,-5.470024127644189835e-06,-3.091657646464418711e-06,-1.659714292067406599e-06,-1.574578469091286078e-06,-2.474064049172339954e-06,-3.430922407272379236e-06,-3.403264587729204377e-06,-1.731591114441593666e-06,1.538724076894376444e-06,5.646356566754132962e-06,9.409969142941954621e-06,1.169441404866175416e-05,1.184501444765665264e-05,9.913535735988105189e-06,6.598518830480941416e-06,2.946194561550719985e-06,-4.886877554005600804e-08,-1.778279472163583717e-06,-2.168994709567579497e-06,-1.614775400323047249e-06,-7.471112859448530505e-07,-1.568540135837902252e-07,-1.796373343380790691e-07,-8.153390082566384847e-07,-1.788931977181487175e-06,-2.705406092576149311e-06,-3.224665124046442317e-06,-3.188140945228957875e-06,-2.658480164218224148e-06,-1.871296078576143918e-06,-1.128739426887513463e-06,-6.797397067008484704e-07,-6.298324621547365146e-07,-9.086756599741983052e-07,-1.302281916225930210e-06,-1.536204818372301380e-06,-1.380634281546685771e-06,-7.420591469126698360e-07,2.896579576610925542e-07,1.456187083732972098e-06,2.405284182016042042e-06,2.802796735045791652e-06,2.446446448468912277e-06,1.343522970952904048e-06,-2.749758543041381777e-07,-2.011289838525136605e-06,-3.413461516039916177e-06,-4.109564913188262067e-06,-3.921730210022397430e-06,-2.923383068842169947e-06,-1.420127663365680896e-06,1.415479203568641316e-07,1.310159376660869280e-06,1.766435255791667300e-06,1.416317191055444759e-06,4.075310357551898987e-07,-9.364745414620036678e-07,-2.240756094236262451e-06,-3.212911688121202180e-06,-3.732305854876972269e-06,-3.856520082014145502e-06,-3.742535283490915668e-06,-3.520731572056088602e-06,-3.186803559642265718e-06,-2.574797618749128157e-06,-1.440104529965067203e-06,3.733826875707496780e-07,2.758007507070107985e-06,5.254539071588886321e-06,7.121145261452129311e-06,7.562591398509136841e-06,6.044580520369410728e-06,2.564180069750610066e-06,-2.252304349822075139e-06,-7.291268917788639108e-06,-1.130105188421213564e-05,-1.332127013082530963e-05,-1.302032541144374324e-05,-1.079884444012359408e-05,-7.611610475739581827e-06,-4.579886832349765805e-06,-2.556144327381722112e-06,-1.822379103970391668e-06,-2.042097430065654473e-06,-2.472690530792413522e-06,-2.331666605977772840e-06,-1.148696061328749700e-06,1.047999787504187398e-06,3.778742295215939755e-06,6.352079826454485703e-06,8.174047101617018266e-06,8.984508382175984047e-06,8.925199469188916499e-06,8.429756761429722171e-06,8.006297472107208160e-06,8.020944142752941113e-06,8.573590289794045307e-06,9.501006361296442747e-06,1.048009473493348155e-05,1.116696548609438100e-05,1.130896478861227969e-05,1.079777987398686149e-05,9.668905143418172118e-06,8.073775167771008262e-06,6.247522730952188678e-06,4.476640540838537779e-06,3.055216257226596122e-06,2.220205878088295009e-06,2.075488140594740837e-06,2.536693532200499091e-06,3.334766886118891426e-06,4.095667196293454174e-06,4.474002060119058232e-06,4.282333367245499877e-06,3.549964925264132009e-06,2.475703713680413191e-06,1.295766060656078544e-06,1.396953298492259786e-07,-1.038552239680439316e-06,-2.404207679530675252e-06,-4.082508696643405037e-06,-5.988166010616459413e-06,-7.757563040007636670e-06,-8.853846227561756399e-06,-8.821185380262909116e-06,-7.569080003179892509e-06,-5.526459250432128822e-06,-3.550207496114537060e-06,-2.590244206077661324e-06,-3.247232823289840875e-06,-5.437242154450562692e-06,-8.350539984266912064e-06,-1.076162837705771125e-05,-1.157302505927871571e-05,-1.034405730377531086e-05,-7.540867324281096916e-06,-4.362633208238967191e-06,-2.200754031822676906e-06,-1.974804044663642248e-06,-3.665059870750281644e-06,-6.281330384965594268e-06,-8.303993758771795292e-06,-8.402334083435520704e-06,-6.091922116758417457e-06,-2.011389131881138713e-06,2.325062508063316912e-06,5.193103295635183312e-06,5.433345504419585428e-06,2.973373008792734438e-06,-1.145279340680405563e-06,-5.240782595591543609e-06,-7.734877003360565788e-06,-7.815793408158349848e-06,-5.719961764059331351e-06,-2.525216552768022868e-06,4.155602489191553640e-07,2.109042332151717028e-06,2.320680431642450695e-06,1.571108872456414891e-06,7.713833252778142142e-07,7.122265182189972856e-07,1.675679550857670665e-06,3.351493985020209894e-06,5.068564326470674644e-06,6.188106518597726822e-06,6.434515793260997090e-06,5.992670924839622477e-06,5.340695228841871565e-06,4.934277505451727282e-06,4.932828804209231011e-06,5.122737057241554476e-06,5.073531033221365309e-06,4.428531570216896334e-06,3.157343569443262722e-06,1.622250803860962257e-06,4.173261270435525531e-07,6.640645459527026912e-08,7.432333034159739987e-07,2.163116050414546052e-06,3.700876898578618642e-06,4.668919040615806426e-06,4.608846544481007237e-06,3.452174883774979037e-06,1.485152441420673350e-06,-8.382065923180083144e-07,-3.114300467005408816e-06,-5.116059262740359156e-06,-6.772355523563887906e-06,-8.042528484625260306e-06,-8.793688105884712915e-06,-8.784343496877078191e-06,-7.786405273917064432e-06,-5.781732975353676837e-06,-3.107612068927290433e-06,-4.377456245974105050e-07,1.430932079725750045e-06,1.904697544092756395e-06,8.767357867649186231e-07,-1.182270188036875743e-06,-3.388883773991728380e-06,-4.802552259019503056e-06,-4.809166720086161068e-06,-3.352458340834663041e-06,-9.080379744192672596e-07,1.776626522672922920e-06,4.038031525184612559e-06,5.568387027478872165e-06,6.475679104053760447e-06,7.120963362010281246e-06,7.839319609466856542e-06,8.706826178118610128e-06,9.482126405671293293e-06,9.748603891763154625e-06,9.169677136162174329e-06,7.707857210380419363e-06,5.681059763517577323e-06,3.623083240215836557e-06,2.026188474553435747e-06,1.110167558688954183e-06,7.472206435138041969e-07,5.839156312630056199e-07,2.896307816398810420e-07,-2.123365200389561139e-07,-6.680515264507282871e-07,-6.236129633975892833e-07,2.997851819945580838e-07,2.133966100001072004e-06,4.448870949092332786e-06,6.471503925174002958e-06,7.395269053672571714e-06,6.735811021886932448e-06,4.561704230063941859e-06,1.487654385814397173e-06,-1.566850620543923270e-06,-3.738874796765538585e-06,-4.537041971651079317e-06,-3.975659707478136078e-06,-2.488445137197685962e-06,-6.889685756611711814e-07,8.915237828953998385e-07,1.966509268143252213e-06,2.503505530538392975e-06,2.614487709178975000e-06,2.418464862450745645e-06,1.965240114061128545e-06,1.255385943123519024e-06,3.218903697196674561e-07,-7.026970817149868222e-07,-1.598466581422429550e-06,-2.158185283276474538e-06,-2.318102514538276626e-06,-2.230051198642183792e-06,-2.209542011081361975e-06,-2.564967678759460612e-06,-3.390278898135057148e-06,-4.440885993476558127e-06,-5.183217014959746644e-06,-5.022211587180305955e-06,-3.611502486984334425e-06,-1.092791424899955100e-06,1.870013165679018556e-06,4.303660327347248522e-06,5.304712694397791975e-06,4.414511757240555685e-06,1.811170905814800312e-06,-1.778448435877383019e-06,-5.409903168404043319e-06,-8.338763860788656580e-06,-1.032341573333613774e-05,-1.166713818532002555e-05,-1.298282282456525158e-05,-1.480296557057015971e-05,-1.723658221291451915e-05,-1.985261900310568927e-05,-2.185602162964983864e-05,-2.247394970737144352e-05,-2.136023620564180957e-05,-1.881173138310981681e-05,-1.567922167110203708e-05,-1.300503687132752776e-05,-1.155561892616053667e-05,-1.147260062226725668e-05,-1.221228812323964188e-05,-1.280632032569836557e-05,-1.232213587065253474e-05,-1.030550650033119763e-05,-6.995384748336789744e-06,-3.209581753909774296e-06,4.401515127303477658e-08,2.046696524667679988e-06,2.713376533587242898e-06,2.641942634978773601e-06,2.846109612267611889e-06,4.296591341933581407e-06,7.480576273368409159e-06,1.217580418756916845e-05,1.753257367769449479e-05,2.241560446331475738e-05,2.584453555739572847e-05,2.733762452073551662e-05,2.701954913600461609e-05,2.547007551999472597e-05,2.340871033441177450e-05,2.137632285640518129e-05,1.956087332819426956e-05,1.783259172218672629e-05,1.594725165471810939e-05,1.379678070662772921e-05,1.157050003068050279e-05,9.741688379185927681e-06,8.884532974140110887e-06,9.410495438668321398e-06,1.135084494644639400e-05,1.428791560575011522e-05,1.746613447154515776e-05,2.003131561920038680e-05,2.129263209336114808e-05,2.089982543206370802e-05,1.887614438420222621e-05,1.551913287654946988e-05,1.124069784573543585e-05,6.436731463341808314e-06,1.447882991951581340e-06,-3.386485846207422915e-06,-7.638045026129143761e-06,-1.074732282688703069e-05,-1.209495904785318200e-05,-1.119390312339805137e-05,-7.940490245940624704e-06,-2.814775407548073911e-06,3.080049461870897577e-06,8.198358543956841665e-06,1.092809337000548783e-05,1.005412956546423547e-05,5.154100616312209601e-06,-3.217476016953728112e-06,-1.363376122133238384e-05,-2.416639372420839984e-05,-3.290589827270288826e-05,-3.846225754536781625e-05,-4.028505721706567813e-05,-3.870957266741474162e-05,-3.473418971083954982e-05,-2.962748331727092606e-05,-2.451505046060646585e-05,-2.008878297692892994e-05,-1.652069814916555515e-05,-1.357689535960666890e-05,-1.085130417108450400e-05,-8.004062459824999535e-06,-4.906938067043067920e-06,-1.655948978318378192e-06,1.520436473340644403e-06,4.383475692360116015e-06,6.760294923813480912e-06,8.537037939693131554e-06,9.590420186041994906e-06,9.723506742665414103e-06,8.676029983569969793e-06,6.239001954587442757e-06,2.437306722211773033e-06,-2.312203752062199029e-06,-7.172297542745677520e-06,-1.104748311644525373e-05,-1.291153945056841895e-05,-1.218688408597024567e-05,-9.016188343621543382e-06,-4.291333557802491262e-06,6.038731127785104498e-07,4.259832416973701773e-06,5.742282344046221283e-06,4.928739378682387783e-06,2.540877204999783899e-06,-1.438911188348634718e-07,-1.786517205786491067e-06,-1.488074267026646734e-06,8.968278866854858430e-07,4.746697471277827281e-06,8.944771766237984671e-06,1.230825432695373631e-05,1.399777478667821659e-05,1.375799454376986955e-05,1.192645964905749292e-05,9.247050118783389062e-06,6.591222367557528123e-06,4.700568806688109310e-06,4.024647813036842635e-06,4.668640228471536778e-06,6.420744639362475078e-06,8.818885494148559061e-06,1.123557686433799366e-05,1.298544858272405187e-05,1.346693207959075188e-05,1.232824589299366791e-05,9.611076197781305019e-06,5.801349112419137425e-06,1.730482427066956139e-06,-1.673104490124999513e-06,-3.706663550744768263e-06,-4.159786826416581638e-06,-3.397495204184970868e-06,-2.201485739721242682e-06,-1.420812160229157646e-06,-1.580789847411504153e-06,-2.632229755011561594e-06,-3.968454153343974382e-06,-4.715040371857405477e-06,-4.163915267247508601e-06,-2.146050499188121557e-06,8.420976283140365403e-07,3.829617692230003276e-06,5.797443122203206705e-06,6.139908342018111524e-06,4.939385495566991246e-06,2.918918336205051999e-06,1.093039770032591934e-06,2.842570513930870022e-07,7.387169857569901770e-07,2.025966962212427783e-06,3.268280669363105004e-06,3.583917439034411932e-06,2.525766493660212977e-06,3.024179461216479515e-07,-2.321414542870583790e-06,-4.390032484719805205e-06,-5.204888404220584952e-06,-4.638331949696588758e-06,-3.167812925071966630e-06,-1.625625700799589359e-06,-7.961875484780681851e-07,-1.059533204757825490e-06,-2.246896586183786813e-06,-3.763176669636625509e-06,-4.900445977385156828e-06,-5.181343389188383944e-06,-4.569565752674169310e-06,-3.461132564214144071e-06,-2.480920970388389469e-06,-2.197065900940035546e-06,-2.890510185334164341e-06,-4.473128301454199035e-06,-6.565194014320083523e-06,-8.667590910069970095e-06,-1.033301730653252865e-05,-1.126296869437666257e-05,-1.131337422245055361e-05,-1.044571053106748394e-05,-8.682106670185995846e-06,-6.104126855742129015e-06,-2.891865427270500662e-06,6.378368385506883763e-07,4.043381173768917352e-06,6.843127911736825377e-06,8.649999997595224526e-06,9.296946841462887267e-06,8.889822508050835434e-06,7.755839753797616227e-06,6.306949291664974962e-06,4.880525456942971415e-06,3.631187396429416140e-06,2.521219159481130212e-06,1.406953801135692620e-06,1.710006134780756751e-07,-1.170460591669092858e-06,-2.440484957905894254e-06,-3.367106014690784088e-06,-3.708302056170726240e-06,-3.374765768910366220e-06,-2.492148710495397930e-06,-1.374232899331853664e-06,-4.185714261400330286e-07,3.256730196423596614e-08,-1.871517072076577005e-07,-1.007500352001296908e-06,-2.138164646088100316e-06,-3.153685272728519823e-06,-3.619870530553287736e-06,-3.226373647845841542e-06,-1.890160264901491856e-06,1.993227000886820611e-07,2.610776875456267561e-06,4.777026768651110703e-06,6.153064916655061196e-06,6.381301436503804947e-06,5.408718110470711702e-06,3.510189909907004576e-06,1.203080375389702529e-06,-9.195352205966713018e-07,-2.374448157222344635e-06,-2.920294923136771387e-06,-2.586894133414764038e-06,-1.600545925533949675e-06,-2.528765722287677480e-07,1.214694013342376413e-06,2.653172033658785324e-06,3.964126589770872485e-06,5.016980816807720737e-06,5.598157094322347318e-06,5.449705180086396771e-06,4.399989744332036359e-06,2.523023406321865549e-06,2.253352040667704141e-07,-1.822493386380101651e-06,-2.919768939574102059e-06,-2.651403294751163664e-06,-1.137006237816597303e-06,9.296287875373003027e-07,2.510277398188297847e-06,2.653141441795170323e-06,9.458509763054966825e-07,-2.222818618087884444e-06,-5.738039354274006034e-06,-8.170020104801995145e-06,-8.361241863748093161e-06,-5.935442145196828277e-06,-1.494356065259531969e-06,3.599570517693614006e-06,7.770274895172067170e-06,9.867652534907654633e-06,9.615987794188103472e-06,7.672690766206364328e-06,5.277239379158816847e-06,3.658660421109195793e-06,3.479218965885216504e-06,4.570397349105704545e-06,6.075343109106124420e-06,6.917791057551355905e-06,6.363708473457855486e-06,4.401357545901649163e-06,1.756299685008142785e-06,-4.644936375558753344e-07,-1.326184058053707061e-06,-5.485863717513978805e-07,1.318318990923337068e-06,3.117455453633235360e-06,3.610303454750184905e-06,2.066124028352964057e-06,-1.356902938051731423e-06,-5.618478945723470150e-06,-9.197419678404343714e-06,-1.071785595714349809e-05,-9.530913806406740972e-06,-6.001399405407455992e-06,-1.376784243593254051e-06,2.705144016958855429e-06,4.861336971836077328e-06,4.491618349198313999e-06,1.974321627854957879e-06,-1.542538495923184638e-06,-4.655803250218087370e-06,-6.302906867808381842e-06,-6.185156705421950789e-06,-4.842780428111076700e-06,-3.356787516404359361e-06,-2.812651581566208697e-06,-3.762900222446473359e-06,-5.927135367632109815e-06,-8.267786781512550723e-06,-9.419367406499862629e-06,-8.295207566438242487e-06,-4.613909076035618037e-06,8.856964101549665277e-07,6.646313598986036762e-06,1.084188052669087416e-05,1.205765396038392747e-05,9.824027459016896677e-06,4.785198681602476034e-06,-1.564437513696745615e-06,-7.462002486712232524e-06,-1.152959280931136187e-05,-1.322814178636208646e-05,-1.293363873868943215e-05,-1.162738141713205718e-05,-1.036151883914927777e-05,-9.753987227740982364e-06,-9.741775530709215197e-06,-9.691749587654234998e-06,-8.796138200882759974e-06,-6.546805540410109555e-06,-3.050880382918139744e-06,9.665319577072735350e-07,4.470884011883851313e-06,6.584153033244962547e-06,6.979930758478990200e-06,6.017544596050830420e-06,4.555465156452358017e-06,3.541143415374544745e-06,3.580145982679144211e-06,4.690890616614084596e-06,6.353010759383633665e-06,7.808730306939082468e-06,8.453230302053007145e-06,8.113300472389116681e-06,7.079982128191151139e-06,5.894024908470188792e-06,5.012849120415651755e-06,4.547047581989521209e-06,4.213232437318427201e-06,3.530651710386477294e-06,2.154505371769856365e-06,1.602218259132491564e-07,-1.887769905708275129e-06,-3.140585433721482379e-06,-2.857582654527916608e-06,-7.982156896569437082e-07,2.586289247796427997e-06,6.270254638510208506e-06,9.040964323567617734e-06,9.985187962895565266e-06,8.852980785347161380e-06,6.132825387873374660e-06,2.807768310539535912e-06,-8.855590766119297478e-08,-1.906385948736811652e-06,-2.605781591273396750e-06,-2.680120198506037570e-06,-2.830235554877927663e-06,-3.559700973705164267e-06,-4.893903713134072693e-06,-6.359208641668596495e-06,-7.228055193537913222e-06,-6.905416142862582240e-06,-5.264014147291028331e-06,-2.760992580419821389e-06,-2.733392505100085070e-07,1.277556749440823447e-06,1.342778761114177516e-06,1.449647473487773008e-08,-1.977562745956799298e-06,-3.545627124151468671e-06,-3.683620004311263340e-06,-1.884221655423521121e-06,1.637634170985070379e-06,6.003084645754272099e-06,9.982230856210762152e-06,1.243488899062040274e-05,1.270808487073131204e-05,1.084388585911040239e-05,7.530688538428366889e-06,3.830983170790429946e-06,7.994819229176409719e-07,-8.616986977764498820e-07,-9.882151596528590676e-07,7.529058290358122558e-08,1.687843022878876048e-06,3.210185494429009788e-06,4.262330802765221816e-06,4.837243783950285563e-06,5.230171833943228063e-06,5.821576948781805594e-06,6.814542103152731567e-06,8.049117281319095150e-06,8.986113427295935451e-06,8.881779477057103801e-06,7.090864171966254421e-06,3.374288369291341728e-06,-1.922928499897009991e-06,-7.910095545770916148e-06,-1.340395101777820177e-05,-1.730305048706995904e-05,-1.893580782676189538e-05,-1.824374382430469222e-05,-1.573213057028627706e-05,-1.222162197060470771e-05,-8.520315523935427675e-06,-5.165486223959360134e-06,-2.343156414240443789e-06,-9.622159316747182203e-10,1.929306749488761855e-06,3.338795530614215986e-06,3.900373656104300360e-06,3.217696776263447018e-06,1.094397883040409721e-06,-2.224465149472777943e-06,-5.990074593486909367e-06,-9.139901448922820059e-06,-1.068812726672557331e-05,-1.015302708498328118e-05,-7.818581400183671748e-06,-4.686024084752099421e-06,-2.105568113826732596e-06,-1.228384604088656203e-06,-2.512249219123721218e-06,-5.503167647626895171e-06,-9.000123804519086329e-06,-1.154117300484431867e-05,-1.200393507940428993e-05,-1.006026329530914119e-05,-6.289438424860440549e-06,-1.907502107147045417e-06,1.758550342756235095e-06,3.813067080038507368e-06,4.112848092233511948e-06,3.238435841385783360e-06,2.150780697876316551e-06,1.709441403093602058e-06,2.281954488665242733e-06,3.618586237651006561e-06,5.032996175765091957e-06,5.783681506893393426e-06,5.462506610831194120e-06,4.204007725126630442e-06,2.623981681222461906e-06,1.528560576779875089e-06,1.540694312372925775e-06,2.821382660280489445e-06,5.008464004262220081e-06,7.387570245031585606e-06,9.202639188227511411e-06,9.957394700403969062e-06,9.576587623708740022e-06,8.372072218051822829e-06,6.852794282284032240e-06,5.483631060598255893e-06,4.507691663277334671e-06,3.901767025964838910e-06,3.462708949291133338e-06,2.961177400669180052e-06,2.276611775288452394e-06,1.449520839139755088e-06,6.377057368700751036e-07,1.342738181378780479e-08,-3.360466890178994489e-07,-4.510875927569176394e-07,-4.668617609533533878e-07,-5.266008051276703370e-07,-6.881605071487034387e-07,-8.715213809021163348e-07,-8.732672761048624165e-07,-4.431348928521068161e-07,6.077990681819875007e-07,2.308334742680194582e-06,4.473318579340714520e-06,6.714100318619786187e-06,8.513161381948218298e-06,9.345753298108823562e-06,8.819284235054056882e-06,6.794832322782942917e-06,3.455632734240987596e-06,-7.034194531897325836e-07,-4.972333404401299080e-06,-8.589929173169849974e-06,-1.093136162694478350e-05,-1.166203896692071508e-05,-1.080728426976760525e-05,-8.714627912364984795e-06,-5.924912881777099626e-06,-3.003001209104115942e-06,-3.926368548919519221e-07,1.654414886484686220e-06,3.061312459935283835e-06,3.848543498494272213e-06,4.048373665288156943e-06,3.660807042764615463e-06,2.671395782148037329e-06,1.112404254555459757e-06,-8.779814363374244672e-07,-3.043331067104013827e-06,-5.060983755484662044e-06,-6.636976332345970877e-06,-7.595011709600214467e-06,-7.911438661654339439e-06,-7.678164691737605134e-06,-7.017906152679014272e-06,-6.006066427878270943e-06,-4.651539846228489015e-06,-2.953364579143413594e-06,-1.000014447675129891e-06,9.573326434063637013e-07,2.523179608255097922e-06,3.288319116951360112e-06,3.027092976873322870e-06,1.864440373204689867e-06,3.114127518840691261e-07,-8.803527679093741986e-07,-1.007402307162042365e-06,2.714366416487957835e-07,2.742963019695174801e-06,5.674604306355597991e-06,8.082349427204535945e-06,9.126633582894344028e-06,8.463588579982593714e-06,6.391077986053135302e-06,3.718855530569655836e-06,1.419159859138842757e-06,2.171058719197571254e-07,3.083466955373779315e-07,1.329665172470679510e-06,2.585859057389525586e-06,3.413427069426099126e-06,3.498792823493798372e-06,2.996927871253199366e-06,2.400452841067936768e-06,2.236511473955280903e-06,2.754418301240790762e-06,3.768191132069844430e-06,4.734907506860887115e-06,5.025847987689288227e-06,4.246857638882481925e-06,2.439196785254945021e-06,5.521156291827173777e-08,-2.278424053232930647e-06,-4.084968619776009708e-06,-5.277066946751662123e-06,-6.181691869597998145e-06,-7.332166407405931732e-06,-9.131850867623933301e-06,-1.156522227544654841e-05,-1.411386176845450591e-05,-1.593514727267891434e-05,-1.622963099254963649e-05,-1.462521966028307579e-05,-1.139178867676610481e-05,-7.376749136047515556e-06,-3.683081412172919933e-06,-1.232698440466996077e-06,-4.111854358886803681e-07,-9.503220531594261970e-07,-2.092919311811165514e-06,-2.955148216205077134e-06,-2.916129891466255244e-06,-1.861364044781853436e-06,-1.832121962988503325e-07,1.441944793690378521e-06,2.380794277820087588e-06,2.318141921677000623e-06,1.361647515125895042e-06,-5.236531018531511123e-08,-1.385625719877488582e-06,-2.235712881357187939e-06,-2.471124794894243905e-06,-2.211154618335981144e-06,-1.679329182199046536e-06,-1.019759576837207647e-06,-1.783837820230097503e-07,1.086663467688133213e-06,3.068046663649750152e-06,5.910790394264826443e-06,9.447947793839171464e-06,1.315249411567375351e-05,1.623900071348492998e-05,1.788744039727408879e-05,1.751278143169274118e-05,1.498525715114542075e-05,1.072173494241973542e-05,5.610629715005302869e-06,7.862049871797983840e-07,-2.683696925262754695e-06,-4.103134410108982473e-06,-3.351347402102128247e-06,-9.155191813134451529e-07,2.264643241393545416e-06,5.097168937877828905e-06,6.687316686029981663e-06,6.617089386567034313e-06,5.053675819127378563e-06,2.644345835627773563e-06,2.359682894409182115e-07,-1.471074426374401233e-06,-2.193893909561778620e-06,-2.149620375896858428e-06,-1.914405153724622070e-06,-2.121801974034949342e-06,-3.137335572053688216e-06,-4.860113200134848369e-06,-6.746635400410993518e-06,-8.049528354640055273e-06,-8.161739840544986744e-06,-6.904132034917716626e-06,-4.618681335282428824e-06,-2.021203105559275057e-06,1.165814883820182651e-07,1.302482080309640545e-06,1.515031188272870131e-06,1.160575834149260714e-06,8.239745547257342177e-07,9.449672050565590333e-07,1.589940695942413663e-06,2.439229782111901644e-06,2.997168431102775394e-06,2.913036653572002804e-06,2.237652830749771937e-06,1.467269337409042758e-06,1.332476855205371136e-06,2.422656090874142522e-06,4.828548006948075814e-06,7.988275660943031889e-06,1.083147793447336116e-05,1.217514146944419772e-05,1.120228969323009827e-05,7.811345166747931586e-06,2.681143516938005908e-06,-2.973982227499520142e-06,-7.846227718152654299e-06,-1.097955464287521657e-05,-1.203662320436598937e-05,-1.130065038137148024e-05,-9.451554617623345389e-06,-7.249847682240850841e-06,-5.280754122903994780e-06,-3.853209138969984565e-06,-3.051697213953524779e-06,-2.858680291076844969e-06,-3.243648067332333946e-06,-4.158164307368722407e-06,-5.453897698294574667e-06,-6.803258090173767916e-06,-7.710903863891998834e-06,-7.652705265796064807e-06,-6.296682538001711187e-06,-3.697073480135875177e-06,-3.480260347391420594e-07,2.955073147416184118e-06,5.401370980007181827e-06,6.471519057655632079e-06,6.121428825582141408e-06,4.755035261450656371e-06,3.002421613330143574e-06,1.417045939407770170e-06,2.446995716069496041e-07,-6.238765829893946625e-07,-1.503668782997003247e-06,-2.660613723920254186e-06,-4.096619510034158008e-06,-5.494769510266410534e-06,-6.355479039692303168e-06,-6.249109202094322355e-06,-5.046939427230230219e-06,-3.004729483047727888e-06,-6.539509646161587705e-07,1.439734843242868097e-06,2.920582521745113765e-06,3.761097722682341232e-06,4.198743601795352300e-06,4.537419013988158167e-06,4.934783126452672775e-06,5.301730953130099540e-06,5.373153846536980921e-06,4.907355967088880708e-06,3.892849551689435784e-06,2.631178028450346057e-06,1.630466889350850952e-06,1.351379718911342446e-06,1.935999582783373065e-06,3.070356589238131707e-06,4.069085807364107707e-06,4.157249805186237048e-06,2.819606586043610376e-06,4.790827150938969781e-08,-3.635609676739297898e-06,-7.389732282999984813e-06,-1.039594880379186566e-05,-1.216449278336045395e-05,-1.266356395136117439e-05,-1.222587890910527577e-05,-1.130081798707078358e-05,-1.019311333562009976e-05,-8.924122731694835746e-06,-7.275909335230178409e-06,-4.975996369532640727e-06,-1.908412597962998188e-06,1.768124983485651161e-06,5.653038459753155211e-06,9.257354699192676888e-06,1.218322165125679706e-05,1.423032031445653608e-05,1.538416658838099579e-05,1.571854457274238356e-05,1.529619724373141595e-05,1.414633688339399870e-05,1.233826898267983502e-05,1.009514653386928985e-05,7.849834333159903438e-06,6.166811737780426184e-06,5.532221717810498779e-06,6.104664699812684204e-06,7.566323974992173547e-06,9.182686832230766360e-06,1.007828375722921302e-05,9.616366851311363470e-06,7.699032291345380894e-06,4.826401620748776721e-06,1.865711014791476395e-06,-3.704250290027257877e-07,-1.530621442754358510e-06,-1.905687030956841438e-06,-2.279759909168506526e-06,-3.514211391921638005e-06,-6.068852694326301823e-06,-9.706177711570670302e-06,-1.353928558632051063e-05,-1.641290486011270225e-05,-1.743619319780279138e-05,-1.640428813096835150e-05,-1.389693485595689545e-05,-1.100247469810063050e-05,-8.803007593012609092e-06,-7.875750089762297197e-06,-8.055572775559739307e-06,-8.570135783095468454e-06,-8.471121566148385532e-06,-7.139111262259228881e-06,-4.608973158377322345e-06,-1.559987466172753800e-06,1.012820716833636317e-06,2.272440192795210777e-06,1.921880177375460650e-06,3.161313722546476572e-07,-1.730164240477813248e-06,-3.322449299126726664e-06,-3.855920440327137076e-06,-3.203709845002344540e-06,-1.662609910039587700e-06,2.750662851080372634e-07,2.176806924826944483e-06,3.816234312075772118e-06,5.158674976886650492e-06,6.237290088457145400e-06,7.030860007515584058e-06,7.438064715407326284e-06,7.365434492965560809e-06,6.858860957846555459e-06,6.168754069219131932e-06,5.674181474992131549e-06,5.682392681529101706e-06,6.211527636269854992e-06,6.896929285848409606e-06,7.108499267342086737e-06,6.251542313079250792e-06,4.109603549702228922e-06,1.042712223535281162e-06,-2.088649490478560018e-06,-4.267640898457576872e-06,-4.781772976007194610e-06,-3.573966302485474763e-06,-1.299065847313795076e-06,9.569470170765517488e-07,2.166104109106097524e-06,1.816222835698348391e-06,1.089633917333531550e-07,-2.198739089724552868e-06,-4.221891676926065416e-06,-5.414044950933129574e-06,-5.822541509934321663e-06,-5.993997096024494677e-06,-6.580488321776555805e-06,-7.862941656541254102e-06,-9.461883118433469907e-06,-1.041531345299085420e-05,-9.613057058061818367e-06,-6.384388980799616534e-06,-9.422008903536181556e-07,5.556143001601245660e-06,1.138947328833756513e-05,1.493706411402163888e-05,1.532651136988728711e-05,1.276891136379016874e-05,8.432311788378826718e-06,3.921618652838113022e-06,6.129155824421573127e-07,-8.538704655471807443e-07,-7.105349416149831103e-07,2.022570326450767803e-07,9.351669288986947067e-07,9.088920308112949197e-07,1.462700302579378661e-07,-8.279648574108092326e-07,-1.336565021983812570e-06,-9.515371350584939174e-07,2.558498439264397625e-07,1.728400209634513078e-06,2.673944397242774402e-06,2.418024721294071385e-06,6.900333065784876833e-07,-2.274232245489479318e-06,-5.832463011167843212e-06,-9.167085362264525765e-06,-1.153732437382365215e-05,-1.246156047246878786e-05,-1.179470323922582017e-05,-9.717281801544879843e-06,-6.673610435899213344e-06,-3.283691734575518953e-06,-2.291204610209154480e-07,1.895042680939911898e-06,2.749563489426394601e-06,2.390712898949771931e-06,1.305131215703176949e-06,2.821797204726231488e-07,1.305527539324143135e-07,1.330774547295953869e-06,3.773601884613900913e-06,6.725164353216630553e-06,9.073560165393738247e-06,9.781587084883201915e-06,8.358818434786392243e-06,5.134201744075625096e-06,1.183559473927493704e-06,-2.081802232538844844e-06,-3.498225883221019483e-06,-2.646727327778920621e-06,-3.452050458862408228e-08,3.128940399646724402e-06,5.464742847596614070e-06,6.024761016692598874e-06,4.685950474553001793e-06,2.162547875281908837e-06,-3.597088512217584110e-07,-1.786825979020817838e-06,-1.608832040406437248e-06,-9.406910694339524767e-08,1.893198163109018373e-06,3.349026692845155376e-06,3.630311192706043615e-06,2.757090302655645864e-06,1.377493642064399873e-06,4.222214892067450522e-07,6.227318741898347876e-07,2.126764680237911547e-06,4.392242771892429143e-06,6.405788833231917811e-06,7.121767985543612572e-06,5.921793845508129355e-06,2.893282509476700693e-06,-1.186826761811165334e-06,-5.145897723519130863e-06,-7.855490035193402995e-06,-8.635834277036859600e-06,-7.472004409405297640e-06,-4.975492647047062163e-06,-2.127501407582643558e-06,8.345208212682055692e-08,9.922028365610281646e-07,4.460605921166676070e-07,-1.196029759592081241e-06,-3.234242743841094432e-06,-4.896210254225221775e-06,-5.607498951637606803e-06,-5.176752709991363560e-06,-3.840835121044340862e-06,-2.162113621295581235e-06,-8.178029729514570866e-07,-3.565059265617130215e-07,-1.008184424025390209e-06,-2.615039836035290817e-06,-4.706234402484492684e-06,-6.684022029900462993e-06,-8.044529923415620468e-06,-8.543028641520849256e-06,-8.238976925253168259e-06,-7.410745199626775791e-06,-6.389149301699880837e-06,-5.394363571966195727e-06,-4.454531622723843883e-06,-3.439147832781511248e-06,-2.179122717296772131e-06,-6.005166365624108250e-07,1.205566187013106565e-06,3.015825974433818492e-06,4.588761119684814385e-06,5.789937711460904017e-06,6.650857054952543176e-06,7.322345244954749682e-06,7.947551720963154525e-06,8.532386532301972003e-06,8.900041133756949664e-06,8.772375091116093939e-06,7.946184859546605254e-06,6.468534623663767954e-06,4.701500370642750701e-06,3.216275046605049532e-06,2.547480873515211319e-06,2.922777408135052195e-06,4.111799616560798117e-06,5.490248802760507863e-06,6.308973655821520219e-06,6.047216293795046315e-06,4.673871030533140742e-06,2.675054788959188070e-06,8.187823561536033372e-07,-2.365525412374312396e-07,-2.946167867762949643e-07,2.521706299524411876e-07,6.014505932609045801e-07,-4.949554723378822688e-08,-2.061924528326510175e-06,-5.107377662931715146e-06,-8.251261692379464454e-06,-1.034470681781874447e-05,-1.054531465777487229e-05,-8.717144255399254975e-06,-5.513335731747617035e-06,-2.096757134395276524e-06,3.700621956658044658e-07,1.222606229013201848e-06,5.447672830656849346e-07,-9.391836814738564178e-07,-2.265660036609166242e-06,-2.719869011603696820e-06,-2.169747332697832666e-06,-1.089727344816802558e-06,-2.780626660360937937e-07,-4.232954551615973848e-07,-1.743457073896832495e-06,-3.874724363736831322e-06,-6.052865248632199382e-06,-7.482152774322446932e-06,-7.698568931474647964e-06,-6.748678994352216735e-06,-5.109714233254870344e-06,-3.411910647375377555e-06,-2.119611145531865630e-06,-1.336224860141041134e-06,-8.208022722628618794e-07,-1.865040725794771662e-07,8.421961425575424359e-07,2.258388148515857935e-06,3.775469087715047309e-06,4.991227275749599285e-06,5.613563962477593870e-06,5.620192862193578939e-06,5.267434274958867751e-06,4.949430372626589290e-06,4.989604986797361803e-06,5.477898850206187679e-06,6.236278331007829307e-06,6.922226082806340573e-06,7.207585680880660971e-06,6.937092659680234147e-06,6.191457032934952342e-06,5.237543156554742729e-06,4.407460098931286083e-06,3.976236799834013539e-06,4.092612302758195652e-06,4.774253350625781742e-06,5.937931696756575048e-06,7.423089538119395307e-06,8.989299901804775338e-06,1.030614860580559812e-05,1.097824733306861629e-05,1.063701120587391763e-05,9.086621659138607906e-06,6.440580908460252713e-06,3.162942353108219084e-06,-4.299544167299549681e-08,-2.483048582160378946e-06,-3.761365665716689362e-06,-3.972276870391128706e-06,-3.683997481132375872e-06,-3.695239403368175681e-06,-4.659884425922111187e-06,-6.752080478192456714e-06,-9.539531126242546547e-06,-1.214157312845811509e-05,-1.361186001308398900e-05,-1.337091539178944550e-05,-1.148161018735058027e-05,-8.630973654925892105e-06,-5.822599878033842077e-06,-3.925752579919357487e-06,-3.298255966967088406e-06,-3.663490051445439556e-06,-4.295107385816064332e-06,-4.410464387761315801e-06,-3.572638021452367331e-06,-1.902084191494145368e-06,-3.999900409931964889e-10,1.363346973921130933e-06,1.635513149154836352e-06,7.340764712116979680e-07,-9.437406622000367548e-07,-2.750192997866398507e-06,-4.117892616036221137e-06,-4.812838627159821927e-06,-4.981801664645713117e-06,-4.985404196646617462e-06,-5.127745547974260043e-06,-5.447736665047220256e-06,-5.697388469449734966e-06,-5.521133437200574458e-06,-4.730138296575512131e-06,-3.504025868143783059e-06,-2.385332644790940832e-06,-2.043691960603148942e-06,-2.917785876806957541e-06,-4.922036586073843483e-06,-7.386503897168889452e-06,-9.288172181565508900e-06,-9.684298350244746696e-06,-8.149314840698035294e-06,-5.003399280655695998e-06,-1.212693080663682439e-06,2.005458036691414289e-06,3.698813255597941277e-06,3.586188195819944116e-06,2.171929369959466017e-06,5.220028742929280131e-07,-1.929463122555037096e-07,8.163845920867379109e-07,3.648678230023219202e-06,7.695411965993502877e-06,1.189903953094594771e-05,1.515478986976369394e-05,1.668157417771775995e-05,1.622549005289636905e-05,1.405072106172545921e-05,1.076757173244754044e-05,7.101524942945284276e-06,3.702747973983633096e-06,1.046584313304013486e-06,-5.834067935770153288e-07,-1.073923544095646182e-06,-4.637842984832969502e-07,1.058890029820690302e-06,3.164379510797359692e-06,5.424537696476854834e-06,7.403170611984033668e-06,8.770283691212200325e-06,9.390220204791013071e-06,9.335940435703034046e-06,8.815584957901066336e-06,8.045451593964287232e-06,7.137302148663942543e-06,6.065149488593985785e-06,4.734955600012566861e-06,3.120576764266784696e-06,1.384168634488416939e-06,-1.030327580148769715e-07,-8.770833658587397302e-07,-5.979399145439292730e-07,7.345032273507231758e-07,2.682864354133505358e-06,4.467197019835523958e-06,5.238332286807819461e-06,4.424809226699338968e-06,2.000953436479228005e-06,-1.453586126146158510e-06,-4.945743358175898971e-06,-7.442766665932832951e-06,-8.272578411323746936e-06,-7.378609927402920101e-06,-5.318680797875318881e-06,-3.010657797179645037e-06,-1.340143107627151323e-06,-8.049823298861027427e-07,-1.350414789949446207e-06,-2.457684123685153406e-06,-3.431343863018647063e-06,-3.741892973758642455e-06,-3.261785700400957928e-06,-2.291251983466184461e-06,-1.375708593576898847e-06,-1.016784896357948926e-06,-1.425613880359639719e-06,-2.438704995015080211e-06,-3.629418449227315098e-06,-4.546858562882326127e-06,-4.950367169637192272e-06,-4.913784016632421806e-06,-4.745708653465916495e-06,-4.772637723562942747e-06,-5.108407745707555963e-06,-5.544842292163090624e-06,-5.636908946746877473e-06,-4.951096921624185427e-06,-3.351882160497480365e-06,-1.168522927421115731e-06,8.660566592891758483e-07,1.901663640261227891e-06,1.361408292425643384e-06,-7.499696025819577687e-07,-3.781584935990450891e-06,-6.669055906280651822e-06,-8.375506342838456771e-06,-8.345106227553890704e-06,-6.756465770659376766e-06,-4.449102718359524202e-06,-2.547083769349195290e-06,-1.948432235671833492e-06,-2.916330154055867162e-06,-4.963636777803796261e-06,-7.085002908866600991e-06,-8.226028714829009220e-06,-7.766328870808435759e-06,-5.788297101422457354e-06,-3.008730591722737846e-06,-4.147918979131970430e-07,1.211771753689941063e-06,1.647755697903465287e-06,1.290370488909545305e-06,9.075612202014793202e-07,1.212366453341556501e-06,2.482091422461998805e-06,4.415429853820321640e-06,6.295523935620826249e-06,7.369051519380409582e-06,7.241727020248526056e-06,6.084778526521186984e-06,4.546996495206620489e-06,3.420362648478813253e-06,3.234441964177489905e-06,3.990129789648691380e-06,5.169365581434673152e-06,6.013201497917779796e-06,5.921460691611452542e-06,4.765317246275463605e-06,2.951047795420836508e-06,1.203749476328259698e-06,1.855314802341073232e-07,1.477870733564368097e-07,7.980384809039335069e-07,1.449499654724907384e-06,1.375213323198368262e-06,1.845722668822043811e-07,-1.968591831210934284e-06,-4.447592963014395728e-06,-6.425905925593275390e-06,-7.257292789599447708e-06,-6.735639043976318766e-06,-5.121950551322480824e-06,-2.942110020157074735e-06,-6.785224871799416534e-07,1.471087727578874426e-06,3.638373323490429613e-06,6.115423486762862221e-06,9.074154901029855442e-06,1.233808006897023875e-05,1.534313547083024457e-05,1.732309683290908546e-05,1.763468548993141362e-05,1.606159689166646875e-05,1.294461311104495408e-05,9.071283898264912633e-06,5.377254946161501231e-06,2.600651217699274725e-06,1.046678297328211730e-06,5.571785519601157120e-07,6.751233815094558099e-07,9.026500472446402788e-07,9.186568295722725920e-07,6.599582849433037578e-07,2.525700580889827068e-07,-1.407154395626910318e-07,-4.558128747338488574e-07,-7.700345398865099450e-07,-1.240539949018237668e-06,-1.990772072665031379e-06,-3.023155333491336481e-06,-4.212272400608916034e-06,-5.376561043379898236e-06,-6.374838254683474696e-06,-7.159318102709034364e-06,-7.748234705656041198e-06,-8.138624984143762127e-06,-8.226198216607028276e-06,-7.803049563363302581e-06,-6.659168933826179399e-06,-4.744646051440677931e-06,-2.297948895718583016e-06,1.534838299324963365e-07,1.954546443391416575e-06,2.590061353215055608e-06,1.932316867921385921e-06,3.338431663301903044e-07,-1.503370389847147855e-06,-2.839750341960522730e-06,-3.248760010270979517e-06,-2.830660380090201087e-06,-2.170521395089859622e-06,-2.044943948054643651e-06,-3.011543478029997509e-06,-5.083712845703094133e-06,-7.661479970435427678e-06,-9.768569411852772499e-06,-1.049381145861304948e-05,-9.427993157305107028e-06,-6.881049201605918161e-06,-3.765512746262060621e-06,-1.192644588448469625e-06,3.111386179127570176e-08,-2.318000987257962042e-07,-1.399938201885548713e-06,-2.461139466913668443e-06,-2.461891054444345056e-06,-9.655420444859018848e-07,1.735235226354730211e-06,4.746524193818378019e-06,6.974472330052694017e-06,7.607191230091628148e-06,6.454868859355745824e-06,4.001901307378766391e-06,1.165588661509062100e-06,-1.109370168602398517e-06,-2.226492733845181745e-06,-2.120168464825191355e-06,-1.186943698438259645e-06,-2.893340575931842903e-08,8.481981069013373910e-07,1.238078413966524302e-06,1.259983792306772968e-06,1.227018660163160140e-06,1.447374452418180351e-06,2.066525594729848395e-06,3.017843357537016537e-06,4.081103641089738649e-06,4.993197021863394233e-06,5.541329914722782196e-06,5.597714819208656686e-06,5.102690630694949422e-06,4.037754228899544006e-06,2.429636506820146501e-06,3.936257195313281971e-07,-1.817282603752257634e-06,-3.811087172988734651e-06,-5.138913551294811267e-06,-5.447228550486421939e-06,-4.635651490332199056e-06,-2.935635138863833515e-06,-8.532397600954413022e-07,1.015066866801574711e-06,2.215388766456271778e-06,2.606769024907804221e-06,2.382647814118537472e-06,1.931135213532768655e-06,1.606932118128278544e-06,1.537262085377528390e-06,1.568517960953463303e-06,1.384691151095862570e-06,7.322007575718276529e-07,-3.784500410427469410e-07,-1.617690910078991587e-06,-2.474990533506784349e-06,-2.527475364826946768e-06,-1.695063872493694532e-06,-3.321918590834194367e-07,9.152414051756590654e-07,1.433428722575840435e-06,9.837919555754370685e-07,-1.225014497977206019e-07,-1.133486004184411226e-06,-1.221479924157208989e-06,6.295830250314026794e-08,2.478549335867482009e-06,5.100224255190904599e-06,6.675092743317034568e-06,6.183409163942566670e-06,3.348588267632347269e-06,-1.150486795129606306e-06,-5.881176922903774464e-06,-9.198268236286730881e-06,-9.891100733181557337e-06,-7.653697830029746157e-06,-3.178827219350487530e-06,2.148037606147629221e-06,6.799171994981534899e-06,9.646180381874710545e-06,1.026723317607640724e-05,8.926779893272406255e-06,6.298745340676087380e-06,3.115261658791290652e-06,-7.193555645952386455e-08,-2.925253488537221348e-06,-5.193478022413576985e-06,-6.563070334857401543e-06,-6.633407593782274528e-06,-5.071868214188725491e-06,-1.875916782355603918e-06,2.421942718482423175e-06,6.766964030820096381e-06,9.870505086228743586e-06,1.068194223031716920e-05,8.837105279819762555e-06,4.862421944250494117e-06,1.575441300500614268e-08,-4.185344405470317174e-06,-6.545161977038861088e-06,-6.622750277645958635e-06,-4.828689068666622317e-06,-2.160149023303986923e-06,2.804748187839066820e-07,1.744761600985264325e-06,2.065780530225617472e-06,1.576402833257981527e-06,8.032321120069714103e-07,1.275644596830236127e-07,-3.978299571722855079e-07,-9.920453888260577561e-07,-1.909987054462821528e-06,-3.189598532020230213e-06,-4.548543757047267788e-06,-5.501760212604487261e-06,-5.634546542181820350e-06,-4.867099292377013444e-06,-3.544011071936598531e-06,-2.279512608423441451e-06,-1.631942660933439362e-06,-1.787229425994222209e-06,-2.437727573720473032e-06,-2.941295422089621403e-06,-2.689126164643827044e-06,-1.486002570310984597e-06,2.744374140593157095e-07,1.757059792587460678e-06,2.101690388170902873e-06,9.034979017064564144e-07,-1.496315992687920310e-06,-4.077949564268183513e-06,-5.558928251093209553e-06,-4.969607197891458541e-06,-2.113011994644689508e-06,2.313211754483707279e-06,6.989363522919345815e-06,1.050512733155330114e-05,1.189473828341349086e-05,1.093385943321905982e-05,8.090675478887346294e-06,4.204233320763582494e-06,9.173582582726472904e-08,-3.703385713695523036e-06,-6.918724549073099302e-06,-9.391104497552606279e-06,-1.085803192211579408e-05,-1.091969917000333476e-05,-9.228554079596655945e-06,-5.812379063896665267e-06,-1.321975932393358656e-06,2.999697931589290628e-06,5.696003656873044374e-06,5.696057214952729521e-06,2.858488858062840801e-06,-1.831586799311540029e-06,-6.561276482434085113e-06,-9.397315336413663309e-06,-9.103367129456085350e-06,-5.692475037169216959e-06,-4.463867269760636441e-07,4.623407111087575294e-06,7.635401730281928049e-06,7.628571297210240000e-06,4.927553344136615617e-06,9.302186823159256184e-07,-2.562165744283989864e-06,-4.144725460521430861e-06,-3.368210080343550987e-06,-8.230017740343700301e-07,2.246723538640771173e-06,4.572482394464501997e-06,5.414522183507244938e-06,4.789196349799467833e-06,3.309076526078261589e-06,1.773850052983314562e-06,7.579032365704744297e-07,4.080560733974119353e-07,5.216455676761474670e-07,8.083149390820014045e-07,1.143073845825898631e-06,1.643048679031654109e-06,2.524771489052079580e-06,3.845490306669273823e-06,5.312583602433447286e-06,6.311226116820382009e-06,6.170690512691104716e-06,4.539235616494789333e-06,1.655292886166469590e-06,-1.659513903449697506e-06,-4.317542973396982835e-06,-5.453124306299250188e-06,-4.836551620715075208e-06,-2.991674963099094389e-06,-9.387067293850396437e-07,3.232187651922111766e-07,3.385995555690322357e-07,-5.442344641458041128e-07,-1.317152896269987181e-06,-8.013419803388458792e-07,1.751740690157395136e-06,6.239181578194747487e-06,1.167019372779484332e-05,1.653281574557370406e-05,1.939026153291607745e-05,1.943160068821030427e-05,1.673631495422344136e-05,1.216005595910124993e-05,6.930302521957676300e-06,2.163925048490651840e-06,-1.472427293382013220e-06,-3.837778267592384309e-06,-5.153721951137588642e-06,-5.742092665079503797e-06,-5.827151498948713229e-06,-5.497855198335324908e-06,-4.812577169711592345e-06,-3.939298248759687036e-06,-3.209183733399782064e-06,-3.025078350208664955e-06,-3.666871788783611924e-06,-5.110519733781753742e-06,-6.980687309675500677e-06,-8.685389302336553549e-06,-9.675933523940771254e-06,-9.698536508369598865e-06,-8.901371732966340472e-06,-7.736416932718828755e-06,-6.708075729105067379e-06,-6.106788794269608395e-06,-5.875985163585189453e-06,-5.687144483274277572e-06,-5.180049183097126476e-06,-4.228920493229662800e-06,-3.075099561540235493e-06,-2.236949098203964409e-06,-2.231538261987717418e-06,-3.253302760589609154e-06,-4.990402545371473842e-06,-6.697308526908816412e-06,-7.511944036939514645e-06,-6.874543993133785274e-06,-4.842516165965607282e-06,-2.135824004314331587e-06,1.273694867112943788e-07,8.966929029630172843e-07,-3.488267554912289380e-07,-3.349323893916726835e-06,-7.132026984943222979e-06,-1.036386857567887153e-05,-1.183280532474695840e-05,-1.085837251418680815e-05,-7.480157357129625874e-06,-2.381468763761595555e-06,3.382569029114159513e-06,8.719910355322274561e-06,1.277330377404323393e-05,1.506218805618484911e-05,1.549986616376655698e-05,1.433525905403654239e-05,1.206862063083134128e-05,9.359649245636430856e-06,6.915630352139777695e-06,5.344007105667206834e-06,4.983356411737758041e-06,5.768458567280313764e-06,7.205491510763661819e-06,8.508177716974813979e-06,8.877738745634989240e-06,7.830485803279005973e-06,5.431586205081961924e-06,2.314452572973597816e-06,-5.482058576463529117e-07,-2.240342096018204633e-06,-2.296893868077985660e-06,-9.157746592692932278e-07,1.117976651949531594e-06,2.770949877606429001e-06,3.214074274859841700e-06,2.183825116997584378e-06,8.677984034404949899e-08,-2.198462411446030945e-06,-3.727008798760060875e-06,-3.911185733232506889e-06,-2.768262192494218206e-06,-8.863280989509571720e-07,8.632589871220507180e-07,1.722870327996104913e-06,1.368752817184704400e-06,1.556196598634904140e-08,-1.723969870575914962e-06,-3.138420878788581768e-06,-3.725345595624964677e-06,-3.368883090171653252e-06,-2.326008539138846913e-06,-1.057933162868992786e-06,-1.117581708838252777e-08,5.400125178002984349e-07,5.289762768448356975e-07,2.468271730814553629e-08,-8.751416783808338338e-07,-2.104449253926111484e-06,-3.602663712892495230e-06,-5.226103383444458432e-06,-6.670249784068259275e-06,-7.479943557236544626e-06,-7.179411824943620051e-06,-5.483413485001979926e-06,-2.493217253721775325e-06,1.230471383160073312e-06,4.781170372785522847e-06,7.188591773412239709e-06,7.769397992159478533e-06,6.405585979605690589e-06,3.628612947825912110e-06,4.611024561126817806e-07,-1.934832918764593208e-06,-2.674168631057388157e-06,-1.473448819064892365e-06,1.240128148729123665e-06,4.476797348930580228e-06,7.034825327897989647e-06,7.924909644736529844e-06,6.715052396672809271e-06,3.674644057590007557e-06,-3.285934991149839218e-07,-4.135930403964031845e-06,-6.695087489214324220e-06,-7.405078871020915526e-06,-6.288672450199010646e-06,-3.938010166077607762e-06,-1.262505903423644701e-06,8.604789076630692417e-07,1.898673643163104797e-06,1.825794443486774181e-06,1.076089539435435727e-06,3.201572186804100748e-07,1.593851039003309575e-07,8.659283005261564318e-07,2.272548595095962946e-06,3.851563347071292035e-06,4.942453916584139987e-06,5.027577502858342388e-06,3.940348554752766590e-06,1.925290054939315639e-06,-4.630815450253426246e-07,-2.567341398584509486e-06,-3.846965134808155532e-06,-4.024831599445265685e-06,-3.119343723084860668e-06,-1.378260308443333882e-06,8.300673528375900622e-07,3.108668958760429157e-06,5.077544619569301276e-06,6.385425132752181345e-06,6.727359874512503302e-06,5.902145945800248679e-06,3.907888962251849870e-06,1.030343378635030684e-06,-2.143548078553708842e-06,-4.836048110904270540e-06,-6.306312628150666560e-06,-6.121996378979629381e-06,-4.360260373285336315e-06,-1.635221632927140180e-06,1.085280249705289863e-06,2.817877345900615016e-06,2.925298792974272154e-06,1.350123880293401852e-06,-1.380970373732587560e-06,-4.385408819277843208e-06,-6.785982059714165823e-06,-8.048226395746144133e-06,-8.151515039054160804e-06,-7.530635199614383326e-06,-6.829841835313954089e-06,-6.592263876079995706e-06,-7.027054464005399003e-06,-7.949051493354745824e-06,-8.898136796762023504e-06,-9.363038468387932796e-06,-8.996395021718784114e-06,-7.728559725886663412e-06,-5.750086946782661924e-06,-3.400402899159385888e-06,-1.037066739116578982e-06,1.049341200931462872e-06,2.653679171470969840e-06,3.635237247280784704e-06,3.906325889344599661e-06,3.462566785095965656e-06,2.443871785925281476e-06,1.175718584401447342e-06,1.334896602508366548e-07,-1.921437824653337291e-07,5.095130177495638600e-07,2.201976230439330378e-06,4.458296601390488969e-06,6.589923362982694635e-06,7.912873690951415504e-06,8.039757436275389739e-06,7.059011341469776376e-06,5.504993307906698995e-06,4.118683956269483409e-06,3.502932264132048725e-06,3.835091444906750268e-06,4.780246627911733810e-06,5.655468256856103338e-06,5.772937381225588802e-06,4.797930787569828947e-06,2.943959702336590389e-06,9.015000739459745673e-07,-4.754094624239415789e-07,-5.807759334784841015e-07,6.297463919952356769e-07,2.577490266109732634e-06,4.288720266923996634e-06,4.812641053252922386e-06,3.640202630436927027e-06,9.336181535981775676e-07,-2.535475995084131515e-06,-5.707310739842231612e-06,-7.666738539701001021e-06,-7.994906505754523061e-06,-6.892271665071729377e-06,-5.034980535694125163e-06,-3.246809798778137990e-06,-2.143608016671710645e-06,-1.905308713126099432e-06,-2.259051763601434618e-06,-2.654884366867637893e-06,-2.533088723342531448e-06,-1.555615715093101332e-06,2.906374473503069568e-07,2.738274644495352523e-06,5.380854854491655553e-06,7.826695224440992032e-06,9.794333672234670202e-06,1.112639835309260289e-05,1.174924634130024053e-05,1.163099917277645908e-05,1.077904876552940514e-05,9.280339581348471273e-06,7.349070528897342786e-06,5.331798953689548604e-06,3.639397945310712756e-06,2.618553176910901546e-06,2.417478709409492038e-06,2.915695979311275941e-06,3.764439375428135040e-06,4.531972630835488742e-06,4.893052358082438303e-06,4.773449199137170386e-06,4.375870109970972283e-06,4.067780118862412019e-06,4.179047271697009208e-06,4.804515351240863779e-06,5.708874220987886653e-06,6.385614912512202723e-06,6.249416955409326585e-06,4.877051915706966333e-06,2.187635846993605050e-06,-1.518588989097040680e-06,-5.676233915398871481e-06,-9.665324806792683089e-06,-1.301358041353547835e-05,-1.549733752767063592e-05,-1.710553944593577977e-05,-1.790681672896146702e-05,-1.791350313961773705e-05,-1.703850223783129843e-05,-1.518743448562743384e-05,-1.244525761030900890e-05,-9.247358918330558864e-06,-6.410035623662523531e-06,-4.949316548943623167e-06,-5.720139832339667994e-06,-9.011955249210509760e-06,-1.428790867913156017e-05,-2.021985834238982068e-05,-2.505704617886565707e-05,-2.721869670986460781e-05,-2.588713693241823566e-05,-2.135492411501527349e-05,-1.496523284572067418e-05,-8.647887345441252469e-06,-4.224486226907072091e-06,-2.758331129221731279e-06,-4.209967320482262831e-06,-7.530745694611258477e-06,-1.114054702303334970e-05,-1.357459706485661539e-05,-1.402025271878195800e-05,-1.252538039090306649e-05,-9.815611005363126087e-06,-6.835123066552460750e-06,-4.242826930347308413e-06,-2.101080794419042114e-06,1.104924487460994341e-07,3.184084123906516936e-06,7.741917682275280545e-06,1.388136774587697808e-05,2.106970177043962229e-05,2.832224260266206787e-05,3.456192319085960447e-05,3.898214312690986735e-05,4.125170632401510659e-05,4.149503696825142588e-05,4.009912460163404070e-05,3.747816452963629636e-05,3.392910466184784608e-05,2.964089269098979420e-05,2.482055336786245396e-05,1.982767732677358845e-05,1.520514075035106564e-05,1.155856990606993407e-05,9.332243678096877309e-06,8.599703418500186848e-06,8.991883628270289642e-06,9.819453738697715722e-06,1.034427340325916538e-05,1.007303531117455891e-05,8.930019363787673818e-06,7.225874523813718023e-06,5.444449199631287916e-06,3.963820928513990351e-06,2.860012484515973200e-06,1.894642538150683110e-06,6.862236893221697767e-07,-1.036025227046722593e-06,-3.242135366898281000e-06,-5.585815299754920304e-06,-7.576647479998181298e-06,-8.847128712486591984e-06,-9.365155095407492284e-06,-9.468026305875959807e-06,-9.689310245380194472e-06,-1.046433573825024546e-05,-1.187143104349076710e-05,-1.355403395696157223e-05,-1.487739338044955784e-05,-1.524962497518599757e-05,-1.444582327647114850e-05,-1.276515063003076936e-05,-1.093108827852890546e-05,-9.774290588927613639e-06,-9.849372513725595331e-06,-1.117337804645406029e-05,-1.321517396132892831e-05,-1.514104561214280238e-05,-1.619544271006301259e-05,-1.603117663764099280e-05,-1.483240112408104148e-05,-1.318025885408617869e-05,-1.173979719313208982e-05,-1.093212243959770424e-05,-1.075581563220170095e-05,-1.083890309710127063e-05,-1.068177306926385540e-05,-9.955110633651307049e-06,-8.693506390847267109e-06,-7.284531519342933967e-06,-6.262039195194083538e-06,-6.014191423980576020e-06,-6.559636365836336128e-06,-7.509192539666587158e-06,-8.235584910129196322e-06,-8.169197019507356590e-06,-7.075554248471410803e-06,-5.179632800611775375e-06,-3.076277004176461633e-06,-1.467245107301816419e-06,-8.449202466987683171e-07,-1.264631756701456710e-06,-2.304793721199060292e-06,-3.229530376155407916e-06,-3.281890713244817463e-06,-1.984437906044880968e-06,6.733610774463076205e-07,4.230636054236253069e-06,7.928663980127545577e-06,1.099034128484551918e-05,1.289765292270228041e-05,1.356468662757924073e-05,1.334496226975770438e-05,1.287248405115031770e-05,1.279540295352830244e-05,1.350062198433348967e-05,1.493425699199517038e-05,1.659281419819933292e-05,1.770043024593743878e-05,1.751652684456742260e-05,1.566092344171276813e-05,1.232433292406459928e-05,8.264759356898628687e-06,4.568647786822786728e-06,2.252646455827563362e-06,1.857660077609870645e-06,3.205170940668388056e-06,5.431558393309892047e-06,7.305901089803165786e-06,7.714850102753984762e-06,6.118810513270882928e-06,2.786025325673450011e-06,-1.300681304130278580e-06,-4.831349162092605316e-06,-6.689562078473679620e-06,-6.386634449628826143e-06,-4.227938231612041531e-06,-1.148956269415150122e-06,1.696105955728766451e-06,3.405422722767046022e-06,3.655356057158082527e-06,2.751723683202204015e-06,1.407669607379857281e-06,3.714104353737094059e-07,8.461251248307578853e-08,5.220582878581716794e-07,1.265743974252083431e-06,1.752858781775325744e-06,1.562708879812157218e-06,6.047222919223158363e-07,-8.672574033328284686e-07,-2.397618367434677778e-06,-3.539838433674962808e-06,-4.027827302246737246e-06,-3.836861074349171219e-06,-3.129685018649884277e-06,-2.140866855818017680e-06,-1.071910125967959657e-06,-4.621160513920707923e-08,8.735958891389775700e-07,1.642387355816572285e-06,2.208559189241490782e-06,2.530884295294603649e-06,2.620385989691222755e-06
0.000000000000000000e+00,0.000000000000000000e+00,0.000000000000000000e+00,0.000000000000000000e+00,0.000000000000000000e+00,0.000000000000000000e+00,0.000000000000000000e+00,0.000000000000000000e+00,0.000000000000000000e+00,0.000000000000000000e+00,0.000000000000000000e+00,0.000000000000000000e+00,0.000000000000000000e+00,0.000000000000000000e+00,0.000000000000000000e+00,0.000000000000000000e+00,0.000000000000000000e+00,0.000000000000000000e+00,0.000000000000000000e+00,0.000000000000000000e+00,0.000000000000000000e+00,0.000000000000000000e+00,0.000000000000000000e+00,0.000000000000000000e+00,0.000000000000000000e+00,0.000000000000000000e+00,0.000000000000000000e+00,0.000000000000000000e+00,0.000000000000000000e+00,0.000000000000000000e+00,0.000000000000000000e+00,0.000000000000000000e+00,0.000000000000000000e+00,0.000000000000000000e+00,0.000000000000000000e+00,0.000000000000000000e+00,0.000000000000000000e+00,0.000000000000000000e+00,0.000000000000000000e+00,0.000000000000000000e+00,0.000000000000000000e+00,0.000000000000000000e+00,0.000000000000000000e+00,0.000000000000000000e+00,0.000000000000000000e+00,0.000000000000000000e+00,0.000000000000000000e+00,0.000000000000000000e+00,0.000000000000000000e+00,0.000000000000000000e+00,0.000000000000000000e+00,0.000000000000000000e+00,0.000000000000000000e+00,0.000000000000000000e+00,0.000000000000000000e+00,0.000000000000000000e+00,0.000000000000000000e+00,0.000000000000000000e+00,0.000000000000000000e+00,0.000000000000000000e+00,0.000000000000000000e+00,0.000000000000000000e+00,0.000000000000000000e+00,0.000000000000000000e+00,0.000000000000000000e+00,0.000000000000000000e+00,0.000000000000000000e+00,0.000000000000000000e+00,0.000000000000000000e+00,0.000000000000000000e+00,0.000000000000000000e+00,0.000000000000000000e+00,0.000000000000000000e+00,0.000000000000000000e+00,0.000000000000000000e+00,0.000000000000000000e+00,0.000000000000000000e+00,0.000000000000000000e+00,0.000000000000000000e+00,0.000000000000000000e+00,0.000000000000000000e+00,0.000000000000000000e+00,0.000000000000000000e+00,0.000000000000000000e+00,0.000000000000000000e+00,0.000000000000000000e+00,0.000000000000000000e+00,0.000000000000000000e+00,0.000000000000000000e+00,0.000000000000000000e+00,0.000000000000000000e+00,0.000000000000000000e+00,0.000000000000000000e+00,0.000000000000000000e+00,0.000000000000000000e+00,0.000000000000000000e+00,0.000000000000000000e+00,0.000000000000000000e+00,0.000000000000000000e+00,0.000000000000000000e+00,0.000000000000000000e+00,0.000000000000000000e+00,0.000000000000000000e+00,0.000000000000000000e+00,0.000000000000000000e+00,0.000000000000000000e+00,0.000000000000000000e+00,0.000000000000000000e+00,0.000000000000000000e+00,0.000000000000000000e+00,0.000000000000000000e+00,0.000000000000000000e+00,0.000000000000000000e+00,0.000000000000000000e+00,0.000000000000000000e+00,0.000000000000000000e+00,0.000000000000000000e+00,0.000000000000000000e+00,0.000000000000000000e+00,0.000000000000000000e+00,0.000000000000000000e+00,0.000000000000000000e+00,0.000000000000000000e+00,0.000000000000000000e+00,0.000000000000000000e+00,0.000000000000000000e+00,0.000000000000000000e+00,0.000000000000000000e+00,0.000000000000000000e+00,0.000000000000000000e+00,0.000000000000000000e+00,0.000000000000000000e+00,0.000000000000000000e+00,0.000000000000000000e+00,0.000000000000000000e+00,0.000000000000000000e+00,0.000000000000000000e+00,0.000000000000000000e+00,0.000000000000000000e+00,0.000000000000000000e+00,0.000000000000000000e+00,0.000000000000000000e+00,0.000000000000000000e+00,0.000000000000000000e+00,0.000000000000000000e+00,0.000000000000000000e+00,0.000000000000000000e+00,0.000000000000000000e+00,0.000000000000000000e+00,0.000000000000000000e+00,0.000000000000000000e+00,0.000000000000000000e+00,0.000000000000000000e+00,0.000000000000000000e+00,0.000000000000000000e+00,0.000000000000000000e+00,0.000000000000000000e+00,0.000000000000000000e+00,0.000000000000000000e+00,0.000000000000000000e+00,0.000000000000000000e+00,0.000000000000000000e+00,0.000000000000000000e+00,0.000000000000000000e+00,0.000000000000000000e+00,0.000000000000000000e+00,0.000000000000000000e+00,0.000000000000000000e+00,0.000000000000000000e+00,0.000000000000000000e+00,0.000000000000000000e+00,0.000000000000000000e+00,0.000000000000000000e+00,0.000000000000000000e+00,0.000000000000000000e+00,0.000000000000000000e+00,0.000000000000000000e+00,0.000000000000000000e+00,0.000000000000000000e+00,0.000000000000000000e+00,0.000000000000000000e+00,0.000000000000000000e+00,0.000000000000000000e+00,0.000000000000000000e+00,0.000000000000000000e+00,0.000000000000000000e+00,0.000000000000000000e+00,0.000000000000000000e+00,0.000000000000000000e+00,0.000000000000000000e+00,0.000000000000000000e+00,0.000000000000000000e+00,0.000000000000000000e+00,0.000000000000000000e+00,0.000000000000000000e+00,0.000000000000000000e+00,0.000000000000000000e+00,0.000000000000000000e+00,0.000000000000000000e+00,0.000000000000000000e+00,0.000000000000000000e+00,0.000000000000000000e+00,0.000000000000000000e+00,0.000000000000000000e+00,0.000000000000000000e+00,0.000000000000000000e+00,0.000000000000000000e+00,0.000000000000000000e+00,0.000000000000000000e+00,0.000000000000000000e+00,0.000000000000000000e+00,0.000000000000000000e+00,0.000000000000000000e+00,0.000000000000000000e+00,0.000000000000000000e+00,0.000000000000000000e+00,0.000000000000000000e+00,0.000000000000000000e+00,0.000000000000000000e+00,0.000000000000000000e+00,0.000000000000000000e+00,0.000000000000000000e+00,0.000000000000000000e+00,0.000000000000000000e+00,0.000000000000000000e+00,0.000000000000000000e+00,0.000000000000000000e+00,0.000000000000000000e+00,0.000000000000000000e+00,0.000000000000000000e+00,0.000000000000000000e+00,0.000000000000000000e+00,0.000000000000000000e+00,0.000000000000000000e+00,0.000000000000000000e+00,0.000000000000000000e+00,0.000000000000000000e+00,0.000000000000000000e+00,0.000000000000000000e+00,0.000000000000000000e+00,0.000000000000000000e+00,0.000000000000000000e+00,0.000000000000000000e+00,0.000000000000000000e+00,0.000000000000000000e+00,0.000000000000000000e+00,0.000000000000000000e+00,0.000000000000000000e+00,0.000000000000000000e+00,0.000000000000000000e+00,0.000000000000000000e+00,0.000000000000000000e+00,0.000000000000000000e+00,0.000000000000000000e+00,0.000000000000000000e+00,0.000000000000000000e+00,0.000000000000000000e+00,0.000000000000000000e+00,0.000000000000000000e+00,0.000000000000000000e+00,0.000000000000000000e+00,0.000000000000000000e+00,0.000000000000000000e+00,0.000000000000000000e+00,0.000000000000000000e+00,0.000000000000000000e+00,0.000000000000000000e+00,0.000000000000000000e+00,0.000000000000000000e+00,0.000000000000000000e+00,0.000000000000000000e+00,0.000000000000000000e+00,0.000000000000000000e+00,0.000000000000000000e+00,0.000000000000000000e+00,0.000000000000000000e+00,0.000000000000000000e+00,0.000000000000000000e+00,0.000000000000000000e+00,0.000000000000000000e+00,0.000000000000000000e+00,0.000000000000000000e+00,0.000000000000000000e+00,0.000000000000000000e+00,0.000000000000000000e+00,0.000000000000000000e+00,0.000000000000000000e+00,0.000000000000000000e+00,0.000000000000000000e+00,0.000000000000000000e+00,0.000000000000000000e+00,0.000000000000000000e+00,0.000000000000000000e+00,0.000000000000000000e+00,0.000000000000000000e+00,0.000000000000000000e+00,0.000000000000000000e+00,0.000000000000000000e+00,0.000000000000000000e+00,0.000000000000000000e+00,0.000000000000000000e+00,0.000000000000000000e+00,0.000000000000000000e+00,0.000000000000000000e+00,0.000000000000000000e+00,0.000000000000000000e+00,0.000000000000000000e+00,0.000000000000000000e+00,0.000000000000000000e+00,0.000000000000000000e+00,0.000000000000000000e+00,0.000000000000000000e+00,0.000000000000000000e+00,0.000000000000000000e+00,0.000000000000000000e+00,0.000000000000000000e+00,0.000000000000000000e+00,0.000000000000000000e+00,0.000000000000000000e+00,0.000000000000000000e+00,0.000000000000000000e+00,0.000000000000000000e+00,0.000000000000000000e+00,0.000000000000000000e+00,0.000000000000000000e+00,0.000000000000000000e+00,0.000000000000000000e+00,0.000000000000000000e+00,0.000000000000000000e+00,0.000000000000000000e+00,0.000000000000000000e+00,0.000000000000000000e+00,0.000000000000000000e+00,0.000000000000000000e+00,0.000000000000000000e+00,0.000000000000000000e+00,0.000000000000000000e+00,0.000000000000000000e+00,0.000000000000000000e+00,0.000000000000000000e+00,0.000000000000000000e+00,0.000000000000000000e+00,0.000000000000000000e+00,0.000000000000000000e+00,0.000000000000000000e+00,0.000000000000000000e+00,0.000000000000000000e+00,0.000000000000000000e+00,0.000000000000000000e+00,0.000000000000000000e+00,0.000000000000000000e+00,0.000000000000000000e+00,0.000000000000000000e+00,0.000000000000000000e+00,0.000000000000000000e+00,0.000000000000000000e+00,0.000000000000000000e+00,0.000000000000000000e+00,0.000000000000000000e+00,0.000000000000000000e+00,0.000000000000000000e+00,0.000000000000000000e+00,0.000000000000000000e+00,0.000000000000000000e+00,0.000000000000000000e+00,0.000000000000000000e+00,0.000000000000000000e+00,0.000000000000000000e+00,0.000000000000000000e+00,0.000000000000000000e+00,0.000000000000000000e+00,0.000000000000000000e+00,0.000000000000000000e+00,0.000000000000000000e+00,0.000000000000000000e+00,0.000000000000000000e+00,0.000000000000000000e+00,0.000000000000000000e+00,0.000000000000000000e+00,0.000000000000000000e+00,0.000000000000000000e+00,0.000000000000000000e+00,0.000000000000000000e+00,0.000000000000000000e+00,0.000000000000000000e+00,0.000000000000000000e+00,0.000000000000000000e+00,0.000000000000000000e+00,0.000000000000000000e+00,0.000000000000000000e+00,0.000000000000000000e+00,0.000000000000000000e+00,0.000000000000000000e+00,0.000000000000000000e+00,0.000000000000000000e+00,0.000000000000000000e+00,0.000000000000000000e+00,0.000000000000000000e+00,0.000000000000000000e+00,0.000000000000000000e+00,0.000000000000000000e+00,0.000000000000000000e+00,0.000000000000000000e+00,0.000000000000000000e+00,0.000000000000000000e+00,0.000000000000000000e+00,0.000000000000000000e+00,0.000000000000000000e+00,0.000000000000000000e+00,0.000000000000000000e+00,0.000000000000000000e+00,0.000000000000000000e+00,0.000000000000000000e+00,0.000000000000000000e+00,0.000000000000000000e+00,0.000000000000000000e+00,0.000000000000000000e+00,0.000000000000000000e+00,0.000000000000000000e+00,0.000000000000000000e+00,0.000000000000000000e+00,0.000000000000000000e+00,0.000000000000000000e+00,0.000000000000000000e+00,0.000000000000000000e+00,0.000000000000000000e+00,0.000000000000000000e+00,0.000000000000000000e+00,0.000000000000000000e+00,0.000000000000000000e+00,0.000000000000000000e+00,0.000000000000000000e+00,0.000000000000000000e+00,0.000000000000000000e+00,0.000000000000000000e+00,0.000000000000000000e+00,0.000000000000000000e+00,0.000000000000000000e+00,0.000000000000000000e+00,0.000000000000000000e+00,0.000000000000000000e+00,0.000000000000000000e+00,0.000000000000000000e+00,0.000000000000000000e+00,0.000000000000000000e+00,0.000000000000000000e+00,0.000000000000000000e+00,0.000000000000000000e+00,0.000000000000000000e+00,0.000000000000000000e+00,0.000000000000000000e+00,0.000000000000000000e+00,0.000000000000000000e+00,0.000000000000000000e+00,0.000000000000000000e+00,0.000000000000000000e+00,0.000000000000000000e+00,0.000000000000000000e+00,0.000000000000000000e+00,0.000000000000000000e+00,0.000000000000000000e+00,0.000000000000000000e+00,0.000000000000000000e+00,0.000000000000000000e+00,0.000000000000000000e+00,0.000000000000000000e+00,0.000000000000000000e+00,0.000000000000000000e+00,0.000000000000000000e+00,0.000000000000000000e+00,0.000000000000000000e+00,0.000000000000000000e+00,0.000000000000000000e+00,0.000000000000000000e+00,0.000000000000000000e+00,0.000000000000000000e+00,0.000000000000000000e+00,0.000000000000000000e+00,0.000000000000000000e+00,0.000000000000000000e+00,0.000000000000000000e+00,0.000000000000000000e+00,0.000000000000000000e+00,0.000000000000000000e+00,0.000000000000000000e+00,0.000000000000000000e+00,0.000000000000000000e+00,0.000000000000000000e+00,0.000000000000000000e+00,0.000000000000000000e+00,0.000000000000000000e+00,0.000000000000000000e+00,0.000000000000000000e+00,0.000000000000000000e+00,0.000000000000000000e+00,0.000000000000000000e+00,0.000000000000000000e+00,0.000000000000000000e+00,0.000000000000000000e+00,0.000000000000000000e+00,0.000000000000000000e+00,0.000000000000000000e+00,0.000000000000000000e+00,0.000000000000000000e+00,0.000000000000000000e+00,0.000000000000000000e+00,0.000000000000000000e+00,0.000000000000000000e+00,0.000000000000000000e+00,0.000000000000000000e+00,0.000000000000000000e+00,0.000000000000000000e+00,0.000000000000000000e+00,0.000000000000000000e+00,0.000000000000000000e+00,0.000000000000000000e+00,0.000000000000000000e+00,0.000000000000000000e+00,0.000000000000000000e+00,0.000000000000000000e+00,0.000000000000000000e+00,0.000000000000000000e+00,0.000000000000000000e+00,0.000000000000000000e+00,0.000000000000000000e+00,0.000000000000000000e+00,0.000000000000000000e+00,0.000000000000000000e+00,0.000000000000000000e+00,0.000000000000000000e+00,0.000000000000000000e+00,0.000000000000000000e+00,0.000000000000000000e+00,0.000000000000000000e+00,0.000000000000000000e+00,0.000000000000000000e+00,0.000000000000000000e+00,0.000000000000000000e+00,0.000000000000000000e+00,0.000000000000000000e+00,0.000000000000000000e+00,0.000000000000000000e+00,0.000000000000000000e+00,0.000000000000000000e+00,0.000000000000000000e+00,0.000000000000000000e+00,0.000000000000000000e+00,0.000000000000000000e+00,0.000000000000000000e+00,0.000000000000000000e+00,0.000000000000000000e+00,0.000000000000000000e+00,0.000000000000000000e+00,0.000000000000000000e+00,0.000000000000000000e+00,0.000000000000000000e+00,0.000000000000000000e+00,0.000000000000000000e+00,0.000000000000000000e+00,0.000000000000000000e+00,0.000000000000000000e+00,0.000000000000000000e+00,0.000000000000000000e+00,0.000000000000000000e+00,0.000000000000000000e+00,0.000000000000000000e+00,0.000000000000000000e+00,0.000000000000000000e+00,0.000000000000000000e+00,0.000000000000000000e+00,0.000000000000000000e+00,0.000000000000000000e+00,0.000000000000000000e+00,0.000000000000000000e+00,0.000000000000000000e+00,0.000000000000000000e+00,0.000000000000000000e+00,0.000000000000000000e+00,0.000000000000000000e+00,0.000000000000000000e+00,0.000000000000000000e+00,0.000000000000000000e+00,0.000000000000000000e+00,0.000000000000000000e+00,0.000000000000000000e+00,0.000000000000000000e+00,0.000000000000000000e+00,0.000000000000000000e+00,0.000000000000000000e+00,0.000000000000000000e+00,0.000000000000000000e+00,0.000000000000000000e+00,0.000000000000000000e+00,0.000000000000000000e+00,0.000000000000000000e+00,0.000000000000000000e+00,0.000000000000000000e+00,0.000000000000000000e+00,0.000000000000000000e+00,0.000000000000000000e+00,0.000000000000000000e+00,0.000000000000000000e+00,0.000000000000000000e+00,0.000000000000000000e+00,0.000000000000000000e+00,0.000000000000000000e+00,0.000000000000000000e+00,0.000000000000000000e+00,0.000000000000000000e+00,0.000000000000000000e+00,0.000000000000000000e+00,0.000000000000000000e+00,0.000000000000000000e+00,0.000000000000000000e+00,0.000000000000000000e+00,0.000000000000000000e+00,0.000000000000000000e+00,0.000000000000000000e+00,0.000000000000000000e+00,0.000000000000000000e+00,0.000000000000000000e+00,0.000000000000000000e+00,0.000000000000000000e+00,0.000000000000000000e+00,0.000000000000000000e+00,0.000000000000000000e+00,0.000000000000000000e+00,0.000000000000000000e+00,0.000000000000000000e+00,0.000000000000000000e+00,0.000000000000000000e+00,0.000000000000000000e+00,0.000000000000000000e+00,0.000000000000000000e+00,0.000000000000000000e+00,0.000000000000000000e+00,0.000000000000000000e+00,0.000000000000000000e+00,0.000000000000000000e+00,0.000000000000000000e+00,0.000000000000000000e+00,0.000000000000000000e+00,0.000000000000000000e+00,0.000000000000000000e+00,0.000000000000000000e+00,0.000000000000000000e+00,0.000000000000000000e+00,0.000000000000000000e+00,0.000000000000000000e+00,0.000000000000000000e+00,0.000000000000000000e+00,0.000000000000000000e+00,0.000000000000000000e+00,0.000000000000000000e+00,0.000000000000000000e+00,0.000000000000000000e+00,0.000000000000000000e+00,0.000000000000000000e+00,0.000000000000000000e+00,0.000000000000000000e+00,0.000000000000000000e+00,0.000000000000000000e+00,0.000000000000000000e+00,0.000000000000000000e+00,0.000000000000000000e+00,0.000000000000000000e+00,0.000000000000000000e+00,0.000000000000000000e+00,0.000000000000000000e+00,0.000000000000000000e+00,0.000000000000000000e+00,0.000000000000000000e+00,0.000000000000000000e+00,0.000000000000000000e+00,0.000000000000000000e+00,0.000000000000000000e+00,0.000000000000000000e+00,0.000000000000000000e+00,0.000000000000000000e+00,0.000000000000000000e+00,0.000000000000000000e+00,0.000000000000000000e+00,0.000000000000000000e+00,0.000000000000000000e+00,0.000000000000000000e+00,0.000000000000000000e+00,0.000000000000000000e+00,0.000000000000000000e+00,0.000000000000000000e+00,0.000000000000000000e+00,0.000000000000000000e+00,0.000000000000000000e+00,0.000000000000000000e+00,0.000000000000000000e+00,0.000000000000000000e+00,0.000000000000000000e+00,0.000000000000000000e+00,0.000000000000000000e+00,0.000000000000000000e+00,0.000000000000000000e+00,0.000000000000000000e+00,0.000000000000000000e+00,0.000000000000000000e+00,0.000000000000000000e+00,0.000000000000000000e+00,0.000000000000000000e+00,0.000000000000000000e+00,0.000000000000000000e+00,0.000000000000000000e+00,0.000000000000000000e+00,0.000000000000000000e+00,0.000000000000000000e+00,0.000000000000000000e+00,0.000000000000000000e+00,0.000000000000000000e+00,0.000000000000000000e+00,0.000000000000000000e+00,0.000000000000000000e+00,0.000000000000000000e+00,0.000000000000000000e+00,0.000000000000000000e+00,0.000000000000000000e+00,0.000000000000000000e+00,0.000000000000000000e+00,0.000000000000000000e+00,0.000000000000000000e+00,0.000000000000000000e+00,0.000000000000000000e+00,0.000000000000000000e+00,0.000000000000000000e+00,0.000000000000000000e+00,0.000000000000000000e+00,0.000000000000000000e+00,0.000000000000000000e+00,0.000000000000000000e+00,0.000000000000000000e+00,0.000000000000000000e+00,0.000000000000000000e+00,0.000000000000000000e+00,0.000000000000000000e+00,0.000000000000000000e+00,0.000000000000000000e+00,0.000000000000000000e+00,0.000000000000000000e+00,0.000000000000000000e+00,0.000000000000000000e+00,0.000000000000000000e+00,0.000000000000000000e+00,0.000000000000000000e+00,0.000000000000000000e+00,0.000000000000000000e+00,0.000000000000000000e+00,0.000000000000000000e+00,0.000000000000000000e+00,0.000000000000000000e+00,0.000000000000000000e+00,0.000000000000000000e+00,0.000000000000000000e+00,0.000000000000000000e+00,0.000000000000000000e+00,0.000000000000000000e+00,0.000000000000000000e+00,0.000000000000000000e+00,0.000000000000000000e+00,0.000000000000000000e+00,0.000000000000000000e+00,0.000000000000000000e+00,0.000000000000000000e+00,0.000000000000000000e+00,0.000000000000000000e+00,0.000000000000000000e+00,0.000000000000000000e+00,0.000000000000000000e+00,0.000000000000000000e+00,0.000000000000000000e+00,0.000000000000000000e+00,0.000000000000000000e+00,0.000000000000000000e+00,0.000000000000000000e+00,0.000000000000000000e+00,0.000000000000000000e+00,0.000000000000000000e+00,0.000000000000000000e+00,0.000000000000000000e+00,0.000000000000000000e+00,0.000000000000000000e+00,0.000000000000000000e+00,0.000000000000000000e+00,0.000000000000000000e+00,0.000000000000000000e+00,0.000000000000000000e+00,0.000000000000000000e+00,0.000000000000000000e+00,0.000000000000000000e+00,0.000000000000000000e+00,0.000000000000000000e+00,0.000000000000000000e+00,0.000000000000000000e+00,0.000000000000000000e+00,0.000000000000000000e+00,0.000000000000000000e+00,0.000000000000000000e+00,0.000000000000000000e+00,0.000000000000000000e+00,0.000000000000000000e+00,0.000000000000000000e+00,0.000000000000000000e+00,0.000000000000000000e+00,0.000000000000000000e+00,0.000000000000000000e+00,0.000000000000000000e+00,0.000000000000000000e+00,0.000000000000000000e+00,0.000000000000000000e+00,0.000000000000000000e+00,0.000000000000000000e+00,0.000000000000000000e+00,0.000000000000000000e+00,0.000000000000000000e+00,0.000000000000000000e+00,0.000000000000000000e+00,0.000000000000000000e+00,0.000000000000000000e+00,0.000000000000000000e+00,0.000000000000000000e+00,0.000000000000000000e+00,0.000000000000000000e+00,0.000000000000000000e+00,0.000000000000000000e+00,0.000000000000000000e+00,0.000000000000000000e+00,0.000000000000000000e+00,0.000000000000000000e+00,0.000000000000000000e+00,0.000000000000000000e+00,0.000000000000000000e+00,0.000000000000000000e+00,0.000000000000000000e+00,0.000000000000000000e+00,0.000000000000000000e+00,0.000000000000000000e+00,0.000000000000000000e+00,0.000000000000000000e+00,0.000000000000000000e+00,0.000000000000000000e+00,0.000000000000000000e+00,0.000000000000000000e+00,0.000000000000000000e+00,0.000000000000000000e+00,0.000000000000000000e+00,0.000000000000000000e+00,0.000000000000000000e+00,0.000000000000000000e+00,0.000000000000000000e+00,0.000000000000000000e+00,0.000000000000000000e+00,0.000000000000000000e+00,0.000000000000000000e+00,0.000000000000000000e+00,0.000000000000000000e+00,0.000000000000000000e+00,0.000000000000000000e+00,0.000000000000000000e+00,0.000000000000000000e+00,0.000000000000000000e+00,0.000000000000000000e+00,0.000000000000000000e+00,0.000000000000000000e+00,0.000000000000000000e+00,0.000000000000000000e+00,0.000000000000000000e+00,0.000000000000000000e+00,0.000000000000000000e+00,0.000000000000000000e+00,0.000000000000000000e+00,0.000000000000000000e+00,0.000000000000000000e+00,0.000000000000000000e+00,0.000000000000000000e+00,0.000000000000000000e+00,0.000000000000000000e+00,0.000000000000000000e+00,0.000000000000000000e+00,0.000000000000000000e+00,0.000000000000000000e+00,0.000000000000000000e+00,0.000000000000000000e+00,0.000000000000000000e+00,0.000000000000000000e+00,0.000000000000000000e+00,0.000000000000000000e+00,0.000000000000000000e+00,0.000000000000000000e+00,0.000000000000000000e+00,0.000000000000000000e+00,0.000000000000000000e+00,0.000000000000000000e+00,0.000000000000000000e+00,0.000000000000000000e+00,0.000000000000000000e+00,0.000000000000000000e+00,0.000000000000000000e+00,0.000000000000000000e+00,0.000000000000000000e+00,0.000000000000000000e+00,0.000000000000000000e+00,0.000000000000000000e+00,0.000000000000000000e+00,0.000000000000000000e+00,0.000000000000000000e+00,0.000000000000000000e+00,0.000000000000000000e+00,0.000000000000000000e+00,0.000000000000000000e+00,0.000000000000000000e+00,0.000000000000000000e+00,0.000000000000000000e+00,0.000000000000000000e+00,0.000000000000000000e+00,0.000000000000000000e+00,0.000000000000000000e+00,0.000000000000000000e+00,0.000000000000000000e+00,0.000000000000000000e+00,0.000000000000000000e+00,0.000000000000000000e+00,0.000000000000000000e+00,0.000000000000000000e+00,0.000000000000000000e+00,0.000000000000000000e+00,0.000000000000000000e+00,0.000000000000000000e+00,0.000000000000000000e+00,0.000000000000000000e+00,0.000000000000000000e+00,0.000000000000000000e+00,0.000000000000000000e+00,0.000000000000000000e+00,0.000000000000000000e+00,0.000000000000000000e+00,0.000000000000000000e+00,0.000000000000000000e+00,0.000000000000000000e+00,0.000000000000000000e+00,0.000000000000000000e+00,0.000000000000000000e+00,0.000000000000000000e+00,0.000000000000000000e+00,0.000000000000000000e+00,0.000000000000000000e+00,0.000000000000000000e+00,0.000000000000000000e+00,0.000000000000000000e+00,0.000000000000000000e+00,0.000000000000000000e+00,0.000000000000000000e+00,0.000000000000000000e+00,0.000000000000000000e+00,0.000000000000000000e+00,0.000000000000000000e+00,0.000000000000000000e+00,0.000000000000000000e+00,0.000000000000000000e+00,0.000000000000000000e+00,0.000000000000000000e+00,0.000000000000000000e+00,0.000000000000000000e+00,0.000000000000000000e+00,0.000000000000000000e+00,0.000000000000000000e+00,0.000000000000000000e+00,0.000000000000000000e+00,0.000000000000000000e+00,0.000000000000000000e+00,0.000000000000000000e+00,0.000000000000000000e+00,0.000000000000000000e+00,0.000000000000000000e+00,0.000000000000000000e+00,0.000000000000000000e+00,0.000000000000000000e+00,0.000000000000000000e+00,0.000000000000000000e+00,0.000000000000000000e+00,0.000000000000000000e+00,0.000000000000000000e+00,0.000000000000000000e+00,0.000000000000000000e+00,0.000000000000000000e+00,0.000000000000000000e+00,0.000000000000000000e+00,0.000000000000000000e+00,0.000000000000000000e+00,0.000000000000000000e+00,0.000000000000000000e+00,0.000000000000000000e+00,0.000000000000000000e+00,0.000000000000000000e+00,0.000000000000000000e+00,0.000000000000000000e+00,3.302400000000000000e+04,0.000000000000000000e+00,0.000000000000000000e+00,0.000000000000000000e+00,0.000000000000000000e+00,0.000000000000000000e+00,0.000000000000000000e+00,0.000000000000000000e+00,0.000000000000000000e+00,0.000000000000000000e+00,0.000000000000000000e+00,0.000000000000000000e+00,0.000000000000000000e+00,0.000000000000000000e+00,0.000000000000000000e+00,0.000000000000000000e+00,0.000000000000000000e+00,0.000000000000000000e+00,0.000000000000000000e+00,0.000000000000000000e+00,0.000000000000000000e+00,0.000000000000000000e+00,0.000000000000000000e+00,0.000000000000000000e+00,0.000000000000000000e+00,0.000000000000000000e+00,0.000000000000000000e+00,0.000000000000000000e+00,0.000000000000000000e+00,0.000000000000000000e+00,0.000000000000000000e+00,0.000000000000000000e+00,0.000000000000000000e+00,0.000000000000000000e+00,0.000000000000000000e+00,0.000000000000000000e+00,0.000000000000000000e+00,0.000000000000000000e+00,0.000000000000000000e+00,0.000000000000000000e+00,0.000000000000000000e+00,0.000000000000000000e+00,0.000000000000000000e+00,0.000000000000000000e+00,0.000000000000000000e+00,0.000000000000000000e+00,0.000000000000000000e+00,0.000000000000000000e+00,0.000000000000000000e+00,0.000000000000000000e+00,0.000000000000000000e+00,0.000000000000000000e+00,0.000000000000000000e+00,0.000000000000000000e+00,0.000000000000000000e+00,0.000000000000000000e+00,0.000000000000000000e+00,0.000000000000000000e+00,0.000000000000000000e+00,0.000000000000000000e+00,0.000000000000000000e+00,0.000000000000000000e+00,0.000000000000000000e+00,0.000000000000000000e+00,0.000000000000000000e+00,0.000000000000000000e+00,0.000000000000000000e+00,0.000000000000000000e+00,0.000000000000000000e+00,0.000000000000000000e+00,0.000000000000000000e+00,0.000000000000000000e+00,0.000000000000000000e+00,0.000000000000000000e+00,0.000000000000000000e+00,0.000000000000000000e+00,0.000000000000000000e+00,0.000000000000000000e+00,0.000000000000000000e+00,0.000000000000000000e+00,0.000000000000000000e+00,0.000000000000000000e+00,0.000000000000000000e+00,0.000000000000000000e+00,0.000000000000000000e+00,0.000000000000000000e+00,0.000000000000000000e+00,0.000000000000000000e+00,0.000000000000000000e+00,0.000000000000000000e+00,0.000000000000000000e+00,0.000000000000000000e+00,0.000000000000000000e+00,0.000000000000000000e+00,0.000000000000000000e+00,0.000000000000000000e+00,0.000000000000000000e+00,0.000000000000000000e+00,0.000000000000000000e+00,0.000000000000000000e+00,0.000000000000000000e+00,0.000000000000000000e+00,0.000000000000000000e+00,0.000000000000000000e+00,0.000000000000000000e+00,0.000000000000000000e+00,0.000000000000000000e+00,0.000000000000000000e+00,0.000000000000000000e+00,0.000000000000000000e+00,0.000000000000000000e+00,0.000000000000000000e+00,0.000000000000000000e+00,0.000000000000000000e+00,0.000000000000000000e+00,0.000000000000000000e+00,0.000000000000000000e+00,0.000000000000000000e+00,0.000000000000000000e+00,0.000000000000000000e+00,0.000000000000000000e+00,0.000000000000000000e+00,0.000000000000000000e+00,0.000000000000000000e+00,0.000000000000000000e+00,0.000000000000000000e+00,0.000000000000000000e+00,0.000000000000000000e+00,0.000000000000000000e+00,0.000000000000000000e+00,0.000000000000000000e+00,0.000000000000000000e+00,0.000000000000000000e+00,0.000000000000000000e+00,0.000000000000000000e+00,0.000000000000000000e+00,0.000000000000000000e+00,0.000000000000000000e+00,0.000000000000000000e+00,0.000000000000000000e+00,0.000000000000000000e+00,0.000000000000000000e+00,0.000000000000000000e+00,0.000000000000000000e+00,0.000000000000000000e+00,0.000000000000000000e+00,0.000000000000000000e+00,0.000000000000000000e+00,0.000000000000000000e+00,0.000000000000000000e+00,0.000000000000000000e+00,0.000000000000000000e+00,0.000000000000000000e+00,0.000000000000000000e+00,0.000000000000000000e+00,0.000000000000000000e+00,0.000000000000000000e+00,0.000000000000000000e+00,0.000000000000000000e+00,0.000000000000000000e+00,0.000000000000000000e+00,0.000000000000000000e+00,0.000000000000000000e+00,0.000000000000000000e+00,0.000000000000000000e+00,0.000000000000000000e+00,0.000000000000000000e+00,0.000000000000000000e+00,0.000000000000000000e+00,0.000000000000000000e+00,0.000000000000000000e+00,0.000000000000000000e+00,0.000000000000000000e+00,0.000000000000000000e+00,0.000000000000000000e+00,0.000000000000000000e+00,0.000000000000000000e+00,0.000000000000000000e+00,0.000000000000000000e+00,0.000000000000000000e+00,0.000000000000000000e+00,0.000000000000000000e+00,0.000000000000000000e+00,0.000000000000000000e+00,0.000000000000000000e+00,0.000000000000000000e+00,0.000000000000000000e+00,0.000000000000000000e+00,0.000000000000000000e+00,0.000000000000000000e+00,0.000000000000000000e+00,0.000000000000000000e+00,0.000000000000000000e+00,0.000000000000000000e+00,0.000000000000000000e+00,0.000000000000000000e+00,0.000000000000000000e+00,0.000000000000000000e+00,0.000000000000000000e+00,0.000000000000000000e+00,0.000000000000000000e+00,0.000000000000000000e+00,0.000000000000000000e+00,0.000000000000000000e+00,0.000000000000000000e+00,0.000000000000000000e+00,0.000000000000000000e+00,0.000000000000000000e+00,0.000000000000000000e+00,0.000000000000000000e+00,0.000000000000000000e+00,0.000000000000000000e+00,0.000000000000000000e+00,0.000000000000000000e+00,0.000000000000000000e+00,0.000000000000000000e+00,0.000000000000000000e+00,0.000000000000000000e+00,0.000000000000000000e+00,0.000000000000000000e+00,0.000000000000000000e+00,0.000000000000000000e+00,0.000000000000000000e+00,0.000000000000000000e+00,0.000000000000000000e+00,0.000000000000000000e+00,0.000000000000000000e+00,0.000000000000000000e+00,0.000000000000000000e+00,0.000000000000000000e+00,0.000000000000000000e+00,0.000000000000000000e+00,0.000000000000000000e+00,0.000000000000000000e+00,0.000000000000000000e+00,0.000000000000000000e+00,0.000000000000000000e+00,0.000000000000000000e+00,0.000000000000000000e+00,0.000000000000000000e+00,0.000000000000000000e+00,0.000000000000000000e+00,0.000000000000000000e+00,0.000000000000000000e+00,0.000000000000000000e+00,0.000000000000000000e+00,0.000000000000000000e+00,0.000000000000000000e+00,0.000000000000000000e+00,0.000000000000000000e+00,0.000000000000000000e+00,0.000000000000000000e+00,0.000000000000000000e+00,0.000000000000000000e+00,0.000000000000000000e+00,0.000000000000000000e+00,0.000000000000000000e+00,0.000000000000000000e+00,0.000000000000000000e+00,0.000000000000000000e+00,0.000000000000000000e+00,0.000000000000000000e+00,0.000000000000000000e+00,0.000000000000000000e+00,0.000000000000000000e+00,0.000000000000000000e+00,0.000000000000000000e+00,0.000000000000000000e+00,0.000000000000000000e+00,0.000000000000000000e+00,0.000000000000000000e+00,0.000000000000000000e+00,0.000000000000000000e+00,0.000000000000000000e+00,0.000000000000000000e+00,0.000000000000000000e+00,0.000000000000000000e+00,0.000000000000000000e+00,0.000000000000000000e+00,0.000000000000000000e+00,0.000000000000000000e+00,0.000000000000000000e+00,0.000000000000000000e+00,0.000000000000000000e+00,0.000000000000000000e+00,0.000000000000000000e+00,0.000000000000000000e+00,0.000000000000000000e+00,0.000000000000000000e+00,0.000000000000000000e+00,0.000000000000000000e+00,0.000000000000000000e+00,0.000000000000000000e+00,0.000000000000000000e+00,0.000000000000000000e+00,0.000000000000000000e+00,0.000000000000000000e+00,0.000000000000000000e+00,0.000000000000000000e+00,0.000000000000000000e+00,0.000000000000000000e+00,0.000000000000000000e+00,0.000000000000000000e+00,0.000000000000000000e+00,0.000000000000000000e+00,0.000000000000000000e+00,0.000000000000000000e+00,0.000000000000000000e+00,0.000000000000000000e+00,0.000000000000000000e+00,0.000000000000000000e+00,0.000000000000000000e+00,0.000000000000000000e+00,0.000000000000000000e+00,0.000000000000000000e+00,0.000000000000000000e+00,0.000000000000000000e+00,0.000000000000000000e+00,0.000000000000000000e+00,0.000000000000000000e+00,0.000000000000000000e+00,0.000000000000000000e+00,0.000000000000000000e+00,0.000000000000000000e+00,0.000000000000000000e+00,0.000000000000000000e+00,0.000000000000000000e+00,0.000000000000000000e+00,0.000000000000000000e+00,0.000000000000000000e+00,0.000000000000000000e+00,0.000000000000000000e+00,0.000000000000000000e+00,0.000000000000000000e+00,0.000000000000000000e+00,0.000000000000000000e+00,0.000000000000000000e+00,0.000000000000000000e+00,0.000000000000000000e+00,0.000000000000000000e+00,0.000000000000000000e+00,0.000000000000000000e+00,0.000000000000000000e+00,0.000000000000000000e+00,0.000000000000000000e+00,0.000000000000000000e+00,0.000000000000000000e+00,0.000000000000000000e+00,0.000000000000000000e+00,0.000000000000000000e+00,0.000000000000000000e+00,0.000000000000000000e+00,0.000000000000000000e+00,0.000000000000000000e+00,0.000000000000000000e+00,0.000000000000000000e+00,0.000000000000000000e+00,0.000000000000000000e+00,0.000000000000000000e+00,0.000000000000000000e+00,0.000000000000000000e+00,0.000000000000000000e+00,0.000000000000000000e+00,0.000000000000000000e+00,0.000000000000000000e+00,0.000000000000000000e+00,0.000000000000000000e+00,0.000000000000000000e+00,0.000000000000000000e+00,0.000000000000000000e+00,0.000000000000000000e+00,0.000000000000000000e+00,0.000000000000000000e+00,0.000000000000000000e+00,0.000000000000000000e+00,0.000000000000000000e+00,0.000000000000000000e+00,0.000000000000000000e+00,0.000000000000000000e+00,0.000000000000000000e+00,0.000000000000000000e+00,0.000000000000000000e+00,0.000000000000000000e+00,0.000000000000000000e+00,0.000000000000000000e+00,0.000000000000000000e+00,0.000000000000000000e+00,0.000000000000000000e+00,0.000000000000000000e+00,0.000000000000000000e+00,0.000000000000000000e+00,0.000000000000000000e+00,0.000000000000000000e+00,0.000000000000000000e+00,0.000000000000000000e+00,0.000000000000000000e+00,0.000000000000000000e+00,0.000000000000000000e+00,0.000000000000000000e+00,0.000000000000000000e+00,0.000000000000000000e+00,0.000000000000000000e+00,0.000000000000000000e+00,0.000000000000000000e+00,0.000000000000000000e+00,0.000000000000000000e+00,0.000000000000000000e+00,0.000000000000000000e+00,0.000000000000000000e+00,0.000000000000000000e+00,0.000000000000000000e+00,0.000000000000000000e+00,0.000000000000000000e+00,0.000000000000000000e+00,0.000000000000000000e+00,0.000000000000000000e+00,0.000000000000000000e+00,0.000000000000000000e+00,0.000000000000000000e+00,0.000000000000000000e+00,0.000000000000000000e+00,0.000000000000000000e+00,0.000000000000000000e+00,0.000000000000000000e+00,0.000000000000000000e+00,0.000000000000000000e+00,0.000000000000000000e+00,0.000000000000000000e+00,0.000000000000000000e+00,0.000000000000000000e+00,0.000000000000000000e+00,0.000000000000000000e+00,0.000000000000000000e+00,0.000000000000000000e+00,0.000000000000000000e+00,0.000000000000000000e+00,0.000000000000000000e+00,0.000000000000000000e+00,0.000000000000000000e+00,0.000000000000000000e+00,0.000000000000000000e+00,0.000000000000000000e+00,0.000000000000000000e+00,0.000000000000000000e+00,0.000000000000000000e+00,0.000000000000000000e+00,0.000000000000000000e+00,0.000000000000000000e+00,0.000000000000000000e+00,0.000000000000000000e+00,0.000000000000000000e+00,0.000000000000000000e+00,0.000000000000000000e+00,0.000000000000000000e+00,0.000000000000000000e+00,0.000000000000000000e+00,0.000000000000000000e+00,0.000000000000000000e+00,0.000000000000000000e+00,0.000000000000000000e+00,0.000000000000000000e+00,0.000000000000000000e+00,0.000000000000000000e+00,0.000000000000000000e+00,0.000000000000000000e+00,0.000000000000000000e+00,0.000000000000000000e+00,0.000000000000000000e+00,0.000000000000000000e+00,0.000000000000000000e+00,0.000000000000000000e+00,0.000000000000000000e+00,0.000000000000000000e+00,0.000000000000000000e+00,0.000000000000000000e+00,0.000000000000000000e+00,0.000000000000000000e+00,0.000000000000000000e+00,0.000000000000000000e+00,0.000000000000000000e+00,0.000000000000000000e+00,0.000000000000000000e+00,0.000000000000000000e+00,0.000000000000000000e+00,0.000000000000000000e+00,0.000000000000000000e+00,0.000000000000000000e+00,0.000000000000000000e+00,0.000000000000000000e+00,0.000000000000000000e+00,0.000000000000000000e+00,0.000000000000000000e+00,0.000000000000000000e+00,0.000000000000000000e+00,0.000000000000000000e+00,0.000000000000000000e+00,0.000000000000000000e+00,0.000000000000000000e+00,0.000000000000000000e+00,0.000000000000000000e+00,0.000000000000000000e+00,0.000000000000000000e+00,0.000000000000000000e+00,0.000000000000000000e+00,0.000000000000000000e+00,0.000000000000000000e+00,0.000000000000000000e+00,0.000000000000000000e+00,0.000000000000000000e+00,0.000000000000000000e+00,0.000000000000000000e+00,0.000000000000000000e+00,0.000000000000000000e+00,0.000000000000000000e+00,0.000000000000000000e+00,0.000000000000000000e+00,0.000000000000000000e+00,0.000000000000000000e+00,0.000000000000000000e+00,0.000000000000000000e+00,0.000000000000000000e+00,0.000000000000000000e+00,0.000000000000000000e+00,0.000000000000000000e+00,0.000000000000000000e+00,0.000000000000000000e+00,0.000000000000000000e+00,0.000000000000000000e+00,0.000000000000000000e+00,0.000000000000000000e+00,0.000000000000000000e+00,0.000000000000000000e+00,0.000000000000000000e+00,0.000000000000000000e+00,0.000000000000000000e+00,0.000000000000000000e+00,0.000000000000000000e+00,0.000000000000000000e+00,0.000000000000000000e+00,0.000000000000000000e+00,0.000000000000000000e+00,0.000000000000000000e+00,0.000000000000000000e+00,0.000000000000000000e+00,0.000000000000000000e+00,0.000000000000000000e+00,0.000000000000000000e+00,0.000000000000000000e+00,0.000000000000000000e+00,0.000000000000000000e+00,0.000000000000000000e+00,0.000000000000000000e+00,0.000000000000000000e+00,0.000000000000000000e+00,0.000000000000000000e+00,0.000000000000000000e+00,0.000000000000000000e+00,0.000000000000000000e+00,0.000000000000000000e+00,0.000000000000000000e+00,0.000000000000000000e+00,0.000000000000000000e+00,0.000000000000000000e+00,0.000000000000000000e+00,0.000000000000000000e+00,0.000000000000000000e+00,0.000000000000000000e+00,0.000000000000000000e+00,0.000000000000000000e+00,0.000000000000000000e+00,0.000000000000000000e+00,0.000000000000000000e+00,0.000000000000000000e+00,0.000000000000000000e+00,0.000000000000000000e+00,0.000000000000000000e+00,0.000000000000000000e+00,0.000000000000000000e+00,0.000000000000000000e+00,0.000000000000000000e+00,0.000000000000000000e+00,0.000000000000000000e+00,0.000000000000000000e+00,0.000000000000000000e+00,0.000000000000000000e+00,0.000000000000000000e+00,0.000000000000000000e+00,0.000000000000000000e+00,0.000000000000000000e+00,0.000000000000000000e+00,0.000000000000000000e+00,0.000000000000000000e+00,0.000000000000000000e+00,0.000000000000000000e+00,0.000000000000000000e+00,0.000000000000000000e+00,0.000000000000000000e+00,0.000000000000000000e+00,0.000000000000000000e+00,0.000000000000000000e+00,0.000000000000000000e+00,0.000000000000000000e+00,0.000000000000000000e+00,0.000000000000000000e+00,0.000000000000000000e+00,0.000000000000000000e+00,0.000000000000000000e+00,0.000000000000000000e+00,0.000000000000000000e+00,0.000000000000000000e+00,0.000000000000000000e+00,0.000000000000000000e+00,0.000000000000000000e+00,0.000000000000000000e+00,0.000000000000000000e+00,0.000000000000000000e+00,0.000000000000000000e+00,0.000000000000000000e+00,0.000000000000000000e+00,0.000000000000000000e+00,0.000000000000000000e+00,0.000000000000000000e+00,0.000000000000000000e+00,0.000000000000000000e+00,0.000000000000000000e+00,0.000000000000000000e+00,0.000000000000000000e+00,0.000000000000000000e+00,0.000000000000000000e+00,0.000000000000000000e+00,0.000000000000000000e+00,0.000000000000000000e+00,0.000000000000000000e+00,0.000000000000000000e+00,0.000000000000000000e+00,0.000000000000000000e+00,0.000000000000000000e+00,0.000000000000000000e+00,0.000000000000000000e+00,0.000000000000000000e+00,0.000000000000000000e+00,0.000000000000000000e+00,0.000000000000000000e+00,0.000000000000000000e+00,0.000000000000000000e+00,0.000000000000000000e+00,0.000000000000000000e+00,0.000000000000000000e+00,0.000000000000000000e+00,0.000000000000000000e+00,0.000000000000000000e+00,0.000000000000000000e+00,0.000000000000000000e+00,0.000000000000000000e+00,0.000000000000000000e+00,0.000000000000000000e+00,0.000000000000000000e+00,0.000000000000000000e+00,0.000000000000000000e+00,0.000000000000000000e+00,0.000000000000000000e+00,0.000000000000000000e+00,0.000000000000000000e+00,0.000000000000000000e+00,0.000000000000000000e+00,0.000000000000000000e+00,0.000000000000000000e+00,0.000000000000000000e+00,0.000000000000000000e+00,0.000000000000000000e+00,0.000000000000000000e+00,0.000000000000000000e+00,0.000000000000000000e+00,0.000000000000000000e+00,0.000000000000000000e+00,0.000000000000000000e+00,0.000000000000000000e+00,0.000000000000000000e+00,0.000000000000000000e+00,0.000000000000000000e+00,0.000000000000000000e+00,0.000000000000000000e+00,0.000000000000000000e+00,0.000000000000000000e+00,0.000000000000000000e+00,0.000000000000000000e+00,0.000000000000000000e+00,0.000000000000000000e+00,0.000000000000000000e+00,0.000000000000000000e+00,0.000000000000000000e+00,0.000000000000000000e+00,0.000000000000000000e+00,0.000000000000000000e+00,0.000000000000000000e+00,0.000000000000000000e+00,0.000000000000000000e+00,0.000000000000000000e+00,0.000000000000000000e+00,0.000000000000000000e+00,0.000000000000000000e+00,0.000000000000000000e+00,0.000000000000000000e+00,0.000000000000000000e+00,0.000000000000000000e+00,0.000000000000000000e+00,0.000000000000000000e+00,0.000000000000000000e+00,0.000000000000000000e+00,0.000000000000000000e+00,0.000000000000000000e+00,0.000000000000000000e+00,0.000000000000000000e+00,0.000000000000000000e+00,0.000000000000000000e+00,0.000000000000000000e+00,0.000000000000000000e+00,0.000000000000000000e+00,0.000000000000000000e+00,0.000000000000000000e+00,0.000000000000000000e+00,0.000000000000000000e+00,0.000000000000000000e+00,0.000000000000000000e+00,0.000000000000000000e+00,0.000000000000000000e+00,0.000000000000000000e+00,0.000000000000000000e+00,0.000000000000000000e+00,0.000000000000000000e+00,0.000000000000000000e+00,0.000000000000000000e+00,0.000000000000000000e+00,0.000000000000000000e+00,0.000000000000000000e+00,0.000000000000000000e+00,0.000000000000000000e+00,0.000000000000000000e+00,0.000000000000000000e+00,0.000000000000000000e+00,0.000000000000000000e+00,0.000000000000000000e+00,0.000000000000000000e+00,0.000000000000000000e+00,0.000000000000000000e+00,0.000000000000000000e+00,0.000000000000000000e+00,0.000000000000000000e+00,0.000000000000000000e+00,0.000000000000000000e+00,0.000000000000000000e+00,0.000000000000000000e+00,0.000000000000000000e+00,0.000000000000000000e+00,0.000000000000000000e+00,0.000000000000000000e+00,0.000000000000000000e+00,0.000000000000000000e+00,0.000000000000000000e+00,0.000000000000000000e+00,0.000000000000000000e+00,0.000000000000000000e+00,0.000000000000000000e+00,0.000000000000000000e+00,0.000000000000000000e+00,0.000000000000000000e+00,0.000000000000000000e+00,0.000000000000000000e+00,0.000000000000000000e+00,0.000000000000000000e+00,0.000000000000000000e+00,0.000000000000000000e+00,0.000000000000000000e+00,0.000000000000000000e+00,0.000000000000000000e+00,0.000000000000000000e+00,0.000000000000000000e+00,0.000000000000000000e+00,0.000000000000000000e+00,0.000000000000000000e+00,0.000000000000000000e+00,0.000000000000000000e+00,0.000000000000000000e+00,0.000000000000000000e+00,0.000000000000000000e+00,0.000000000000000000e+00,0.000000000000000000e+00,0.000000000000000000e+00,0.000000000000000000e+00,0.000000000000000000e+00,0.000000000000000000e+00,0.000000000000000000e+00,0.000000000000000000e+00,0.000000000000000000e+00,0.000000000000000000e+00,0.000000000000000000e+00,0.000000000000000000e+00,0.000000000000000000e+00,0.000000000000000000e+00,0.000000000000000000e+00,0.000000000000000000e+00,0.000000000000000000e+00,0.000000000000000000e+00,0.000000000000000000e+00,0.000000000000000000e+00,0.000000000000000000e+00,0.000000000000000000e+00,0.000000000000000000e+00,0.000000000000000000e+00,0.000000000000000000e+00,0.000000000000000000e+00,0.000000000000000000e+00,0.000000000000000000e+00,0.000000000000000000e+00,0.000000000000000000e+00,0.000000000000000000e+00,0.000000000000000000e+00,0.000000000000000000e+00,0.000000000000000000e+00,0.000000000000000000e+00,0.000000000000000000e+00,0.000000000000000000e+00,0.000000000000000000e+00,0.000000000000000000e+00,0.000000000000000000e+00,0.000000000000000000e+00,0.000000000000000000e+00,0.000000000000000000e+00,0.000000000000000000e+00,0.000000000000000000e+00,0.000000000000000000e+00,0.000000000000000000e+00,0.000000000000000000e+00,0.000000000000000000e+00,0.000000000000000000e+00,0.000000000000000000e+00,0.000000000000000000e+00,0.000000000000000000e+00,0.000000000000000000e+00,0.000000000000000000e+00,0.000000000000000000e+00,0.000000000000000000e+00,0.000000000000000000e+00,0.000000000000000000e+00,0.000000000000000000e+00,0.000000000000000000e+00,0.000000000000000000e+00,0.000000000000000000e+00,0.000000000000000000e+00,0.000000000000000000e+00,0.000000000000000000e+00,0.000000000000000000e+00,0.000000000000000000e+00,0.000000000000000000e+00,0.000000000000000000e+00,0.000000000000000000e+00,0.000000000000000000e+00,0.000000000000000000e+00,0.000000000000000000e+00,0.000000000000000000e+00,0.000000000000000000e+00,0.000000000000000000e+00,0.000000000000000000e+00,0.000000000000000000e+00,0.000000000000000000e+00,0.000000000000000000e+00,0.000000000000000000e+00,0.000000000000000000e+00,0.000000000000000000e+00,0.000000000000000000e+00,0.000000000000000000e+00,0.000000000000000000e+00,0.000000000000000000e+00,0.000000000000000000e+00,0.000000000000000000e+00,0.000000000000000000e+00,0.000000000000000000e+00,0.000000000000000000e+00,0.000000000000000000e+00,0.000000000000000000e+00,0.000000000000000000e+00,0.000000000000000000e+00,0.000000000000000000e+00,0.000000000000000000e+00,0.000000000000000000e+00,0.000000000000000000e+00,0.000000000000000000e+00,0.000000000000000000e+00,0.000000000000000000e+00,0.000000000000000000e+00,0.000000000000000000e+00,0.000000000000000000e+00,0.000000000000000000e+00,0.000000000000000000e+00,0.000000000000000000e+00,0.000000000000000000e+00,0.000000000000000000e+00,0.000000000000000000e+00,0.000000000000000000e+00,0.000000000000000000e+00,0.000000000000000000e+00,0.000000000000000000e+00,0.000000000000000000e+00,0.000000000000000000e+00,0.000000000000000000e+00,0.000000000000000000e+00,0.000000000000000000e+00,0.000000000000000000e+00,0.000000000000000000e+00,0.000000000000000000e+00,0.000000000000000000e+00,0.000000000000000000e+00,0.000000000000000000e+00,0.000000000000000000e+00,0.000000000000000000e+00,0.000000000000000000e+00,0.000000000000000000e+00,0.000000000000000000e+00,0.000000000000000000e+00,0.000000000000000000e+00,0.000000000000000000e+00,0.000000000000000000e+00,0.000000000000000000e+00,0.000000000000000000e+00,0.000000000000000000e+00,0.000000000000000000e+00,0.000000000000000000e+00,0.000000000000000000e+00,0.000000000000000000e+00,0.000000000000000000e+00,0.000000000000000000e+00,0.000000000000000000e+00,0.000000000000000000e+00,0.000000000000000000e+00,0.000000000000000000e+00,0.000000000000000000e+00,0.000000000000000000e+00,0.000000000000000000e+00,0.000000000000000000e+00,0.000000000000000000e+00,0.000000000000000000e+00,0.000000000000000000e+00,0.000000000000000000e+00,0.000000000000000000e+00,0.000000000000000000e+00,0.000000000000000000e+00,0.000000000000000000e+00,0.000000000000000000e+00,0.000000000000000000e+00,0.000000000000000000e+00,0.000000000000000000e+00,0.000000000000000000e+00,0.000000000000000000e+00,0.000000000000000000e+00,0.000000000000000000e+00,0.000000000000000000e+00,0.000000000000000000e+00,0.000000000000000000e+00,0.000000000000000000e+00,0.000000000000000000e+00,0.000000000000000000e+00,0.000000000000000000e+00,0.000000000000000000e+00,0.000000000000000000e+00,0.000000000000000000e+00,0.000000000000000000e+00,0.000000000000000000e+00,0.000000000000000000e+00,0.000000000000000000e+00,0.000000000000000000e+00,0.000000000000000000e+00,0.000000000000000000e+00,0.000000000000000000e+00,0.000000000000000000e+00,0.000000000000000000e+00,0.000000000000000000e+00,0.000000000000000000e+00,0.000000000000000000e+00,0.000000000000000000e+00,0.000000000000000000e+00,0.000000000000000000e+00,0.000000000000000000e+00,0.000000000000000000e+00,0.000000000000000000e+00,0.000000000000000000e+00,0.000000000000000000e+00,0.000000000000000000e+00,0.000000000000000000e+00,0.000000000000000000e+00,0.000000000000000000e+00,0.000000000000000000e+00,0.000000000000000000e+00,0.000000000000000000e+00,0.000000000000000000e+00,0.000000000000000000e+00,0.000000000000000000e+00,0.000000000000000000e+00,0.000000000000000000e+00,0.000000000000000000e+00,0.000000000000000000e+00,0.000000000000000000e+00,0.000000000000000000e+00,0.000000000000000000e+00,0.000000000000000000e+00,0.000000000000000000e+00,0.000000000000000000e+00,0.000000000000000000e+00,0.000000000000000000e+00,0.000000000000000000e+00,0.000000000000000000e+00,0.000000000000000000e+00,0.000000000000000000e+00,0.000000000000000000e+00,0.000000000000000000e+00,0.000000000000000000e+00,0.000000000000000000e+00,0.000000000000000000e+00,0.000000000000000000e+00,0.000000000000000000e+00,0.000000000000000000e+00,0.000000000000000000e+00,0.000000000000000000e+00,0.000000000000000000e+00,0.000000000000000000e+00,0.000000000000000000e+00,0.000000000000000000e+00,0.000000000000000000e+00,0.000000000000000000e+00,0.000000000000000000e+00,0.000000000000000000e+00,0.000000000000000000e+00,0.000000000000000000e+00,0.000000000000000000e+00,0.000000000000000000e+00,0.000000000000000000e+00,0.000000000000000000e+00,0.000000000000000000e+00,0.000000000000000000e+00,0.000000000000000000e+00,0.000000000000000000e+00,0.000000000000000000e+00,0.000000000000000000e+00,0.000000000000000000e+00,0.000000000000000000e+00,0.000000000000000000e+00,0.000000000000000000e+00,0.000000000000000000e+00,0.000000000000000000e+00,0.000000000000000000e+00,0.000000000000000000e+00,0.000000000000000000e+00,0.000000000000000000e+00,0.000000000000000000e+00,0.000000000000000000e+00,0.000000000000000000e+00,0.000000000000000000e+00,0.000000000000000000e+00,0.000000000000000000e+00,0.000000000000000000e+00,0.000000000000000000e+00,0.000000000000000000e+00,0.000000000000000000e+00,0.000000000000000000e+00,0.000000000000000000e+00,0.000000000000000000e+00,0.000000000000000000e+00,0.000000000000000000e+00,0.000000000000000000e+00,0.000000000000000000e+00,0.000000000000000000e+00,0.000000000000000000e+00,0.000000000000000000e+00,0.000000000000000000e+00,0.000000000000000000e+00,0.000000000000000000e+00,0.000000000000000000e+00,0.000000000000000000e+00,0.000000000000000000e+00,0.000000000000000000e+00,0.000000000000000000e+00,0.000000000000000000e+00,0.000000000000000000e+00,0.000000000000000000e+00,0.000000000000000000e+00,0.000000000000000000e+00,0.000000000000000000e+00,0.000000000000000000e+00,0.000000000000000000e+00,0.000000000000000000e+00,0.000000000000000000e+00,0.000000000000000000e+00,0.000000000000000000e+00,0.000000000000000000e+00,0.000000000000000000e+00,0.000000000000000000e+00,0.000000000000000000e+00,0.000000000000000000e+00,0.000000000000000000e+00,0.000000000000000000e+00,0.000000000000000000e+00,0.000000000000000000e+00,0.000000000000000000e+00,0.000000000000000000e+00,0.000000000000000000e+00,0.000000000000000000e+00,0.000000000000000000e+00,0.000000000000000000e+00,0.000000000000000000e+00,0.000000000000000000e+00,0.000000000000000000e+00,0.000000000000000000e+00,0.000000000000000000e+00,0.000000000000000000e+00,0.000000000000000000e+00,0.000000000000000000e+00,0.000000000000000000e+00,0.000000000000000000e+00,0.000000000000000000e+00,0.000000000000000000e+00,0.000000000000000000e+00,0.000000000000000000e+00,0.000000000000000000e+00,0.000000000000000000e+00,0.000000000000000000e+00,0.000000000000000000e+00,0.000000000000000000e+00,0.000000000000000000e+00,0.000000000000000000e+00,0.000000000000000000e+00,0.000000000000000000e+00,0.000000000000000000e+00,0.000000000000000000e+00,0.000000000000000000e+00,0.000000000000000000e+00,0.000000000000000000e+00,0.000000000000000000e+00,0.000000000000000000e+00,0.000000000000000000e+00,0.000000000000000000e+00,0.000000000000000000e+00,0.000000000000000000e+00,0.000000000000000000e+00,0.000000000000000000e+00,0.000000000000000000e+00,0.000000000000000000e+00,0.000000000000000000e+00,0.000000000000000000e+00,0.000000000000000000e+00,0.000000000000000000e+00,0.000000000000000000e+00,0.000000000000000000e+00,0.000000000000000000e+00,0.000000000000000000e+00,0.000000000000000000e+00,0.000000000000000000e+00,0.000000000000000000e+00,0.000000000000000000e+00,0.000000000000000000e+00,0.000000000000000000e+00,0.000000000000000000e+00,0.000000000000000000e+00,0.000000000000000000e+00,0.000000000000000000e+00,0.000000000000000000e+00,0.000000000000000000e+00,0.000000000000000000e+00,0.000000000000000000e+00,0.000000000000000000e+00,0.000000000000000000e+00,0.000000000000000000e+00,0.000000000000000000e+00,0.000000000000000000e+00,0.000000000000000000e+00,0.000000000000000000e+00,0.000000000000000000e+00,0.000000000000000000e+00,0.000000000000000000e+00,0.000000000000000000e+00,0.000000000000000000e+00,0.000000000000000000e+00,0.000000000000000000e+00,0.000000000000000000e+00,0.000000000000000000e+00,0.000000000000000000e+00,0.000000000000000000e+00,0.000000000000000000e+00,0.000000000000000000e+00,0.000000000000000000e+00,0.000000000000000000e+00,0.000000000000000000e+00,0.000000000000000000e+00,0.000000000000000000e+00,0.000000000000000000e+00,0.000000000000000000e+00,0.000000000000000000e+00,0.000000000000000000e+00,0.000000000000000000e+00,0.000000000000000000e+00,0.000000000000000000e+00,0.000000000000000000e+00,0.000000000000000000e+00,0.000000000000000000e+00,0.000000000000000000e+00,0.000000000000000000e+00,0.000000000000000000e+00,0.000000000000000000e+00,0.000000000000000000e+00,0.000000000000000000e+00,0.000000000000000000e+00,0.000000000000000000e+00,0.000000000000000000e+00,0.000000000000000000e+00,0.000000000000000000e+00,0.000000000000000000e+00,0.000000000000000000e+00,0.000000000000000000e+00,0.000000000000000000e+00,0.000000000000000000e+00,0.000000000000000000e+00,0.000000000000000000e+00,0.000000000000000000e+00,0.000000000000000000e+00,0.000000000000000000e+00,0.000000000000000000e+00,0.000000000000000000e+00,0.000000000000000000e+00,0.000000000000000000e+00,0.000000000000000000e+00,0.000000000000000000e+00,0.000000000000000000e+00,0.000000000000000000e+00,0.000000000000000000e+00,0.000000000000000000e+00,0.000000000000000000e+00,0.000000000000000000e+00,0.000000000000000000e+00,0.000000000000000000e+00,0.000000000000000000e+00,0.000000000000000000e+00,0.000000000000000000e+00,0.000000000000000000e+00,0.000000000000000000e+00,0.000000000000000000e+00,0.000000000000000000e+00,0.000000000000000000e+00,0.000000000000000000e+00,0.000000000000000000e+00,0.000000000000000000e+00,0.000000000000000000e+00,0.000000000000000000e+00,0.000000000000000000e+00,0.000000000000000000e+00,0.000000000000000000e+00,0.000000000000000000e+00,0.000000000000000000e+00,0.000000000000000000e+00,0.000000000000000000e+00,0.000000000000000000e+00,0.000000000000000000e+00,0.000000000000000000e+00,0.000000000000000000e+00,0.000000000000000000e+00,0.000000000000000000e+00,0.000000000000000000e+00,0.000000000000000000e+00,0.000000000000000000e+00,0.000000000000000000e+00,0.000000000000000000e+00,0.000000000000000000e+00,0.000000000000000000e+00,0.000000000000000000e+00,0.000000000000000000e+00,0.000000000000000000e+00,0.000000000000000000e+00,0.000000000000000000e+00,0.000000000000000000e+00,0.000000000000000000e+00,0.000000000000000000e+00,0.000000000000000000e+00,0.000000000000000000e+00,0.000000000000000000e+00,0.000000000000000000e+00,0.000000000000000000e+00,0.000000000000000000e+00,0.000000000000000000e+00,0.000000000000000000e+00,0.000000000000000000e+00,0.000000000000000000e+00,0.000000000000000000e+00,0.000000000000000000e+00,0.000000000000000000e+00,0.000000000000000000e+00,0.000000000000000000e+00,0.000000000000000000e+00,0.000000000000000000e+00,0.000000000000000000e+00,0.000000000000000000e+00,0.000000000000000000e+00,0.000000000000000000e+00,0.000000000000000000e+00,0.000000000000000000e+00,0.000000000000000000e+00,0.000000000000000000e+00,0.000000000000000000e+00,0.000000000000000000e+00,0.000000000000000000e+00,0.000000000000000000e+00,0.000000000000000000e+00,0.000000000000000000e+00,0.000000000000000000e+00,0.000000000000000000e+00,0.000000000000000000e+00,0.000000000000000000e+00,0.000000000000000000e+00,0.000000000000000000e+00,0.000000000000000000e+00,0.000000000000000000e+00,0.000000000000000000e+00,0.000000000000000000e+00,0.000000000000000000e+00,0.000000000000000000e+00,0.000000000000000000e+00,0.000000000000000000e+00,0.000000000000000000e+00,0.000000000000000000e+00,0.000000000000000000e+00,0.000000000000000000e+00,0.000000000000000000e+00,0.000000000000000000e+00,0.000000000000000000e+00,0.000000000000000000e+00,0.000000000000000000e+00,0.000000000000000000e+00,0.000000000000000000e+00,0.000000000000000000e+00,0.000000000000000000e+00,0.000000000000000000e+00,0.000000000000000000e+00,0.000000000000000000e+00,0.000000000000000000e+00,0.000000000000000000e+00,0.000000000000000000e+00,0.000000000000000000e+00,0.000000000000000000e+00,0.000000000000000000e+00,0.000000000000000000e+00,0.000000000000000000e+00,0.000000000000000000e+00,0.000000000000000000e+00,0.000000000000000000e+00,0.000000000000000000e+00,0.000000000000000000e+00,0.000000000000000000e+00,0.000000000000000000e+00,0.000000000000000000e+00,0.000000000000000000e+00,0.000000000000000000e+00,0.000000000000000000e+00,0.000000000000000000e+00,0.000000000000000000e+00,0.000000000000000000e+00,0.000000000000000000e+00,0.000000000000000000e+00,0.000000000000000000e+00,0.000000000000000000e+00,0.000000000000000000e+00,0.000000000000000000e+00,0.000000000000000000e+00,0.000000000000000000e+00,0.000000000000000000e+00,0.000000000000000000e+00,0.000000000000000000e+00,0.000000000000000000e+00,0.000000000000000000e+00,0.000000000000000000e+00,0.000000000000000000e+00,0.000000000000000000e+00,0.000000000000000000e+00,0.000000000000000000e+00,0.000000000000000000e+00,0.000000000000000000e+00,0.000000000000000000e+00,0.000000000000000000e+00,0.000000000000000000e+00,0.000000000000000000e+00,0.000000000000000000e+00,0.000000000000000000e+00,0.000000000000000000e+00,0.000000000000000000e+00,0.000000000000000000e+00,0.000000000000000000e+00,0.000000000000000000e+00,0.000000000000000000e+00,0.000000000000000000e+00,0.000000000000000000e+00,0.000000000000000000e+00,0.000000000000000000e+00,0.000000000000000000e+00,0.000000000000000000e+00,0.000000000000000000e+00,0.000000000000000000e+00,0.000000000000000000e+00,0.000000000000000000e+00,0.000000000000000000e+00,0.000000000000000000e+00,0.000000000000000000e+00,0.000000000000000000e+00,0.000000000000000000e+00,0.000000000000000000e+00,0.000000000000000000e+00,0.000000000000000000e+00,0.000000000000000000e+00,0.000000000000000000e+00,0.000000000000000000e+00,0.000000000000000000e+00,0.000000000000000000e+00,0.000000000000000000e+00,0.000000000000000000e+00,0.000000000000000000e+00,0.000000000000000000e+00,0.000000000000000000e+00,0.000000000000000000e+00,0.000000000000000000e+00,0.000000000000000000e+00,0.000000000000000000e+00,0.000000000000000000e+00,0.000000000000000000e+00,0.000000000000000000e+00,0.000000000000000000e+00,0.000000000000000000e+00,0.000000000000000000e+00,0.000000000000000000e+00,0.000000000000000000e+00,0.000000000000000000e+00,0.000000000000000000e+00,0.000000000000000000e+00,0.000000000000000000e+00,0.000000000000000000e+00,0.000000000000000000e+00,0.000000000000000000e+00,0.000000000000000000e+00,0.000000000000000000e+00,0.000000000000000000e+00,0.000000000000000000e+00,0.000000000000000000e+00,0.000000000000000000e+00,0.000000000000000000e+00,0.000000000000000000e+00,0.000000000000000000e+00,0.000000000000000000e+00,0.000000000000000000e+00,0.000000000000000000e+00,0.000000000000000000e+00,0.000000000000000000e+00,0.000000000000000000e+00,0.000000000000000000e+00,0.000000000000000000e+00,0.000000000000000000e+00,0.000000000000000000e+00,0.000000000000000000e+00,0.000000000000000000e+00,0.000000000000000000e+00,0.000000000000000000e+00,0.000000000000000000e+00,0.000000000000000000e+00,0.000000000000000000e+00,0.000000000000000000e+00,0.000000000000000000e+00,0.000000000000000000e+00,0.000000000000000000e+00,0.000000000000000000e+00,0.000000000000000000e+00,0.000000000000000000e+00,0.000000000000000000e+00,0.000000000000000000e+00,0.000000000000000000e+00,0.000000000000000000e+00,0.000000000000000000e+00,0.000000000000000000e+00,0.000000000000000000e+00,0.000000000000000000e+00,0.000000000000000000e+00,0.000000000000000000e+00,0.000000000000000000e+00,0.000000000000000000e+00,0.000000000000000000e+00,0.000000000000000000e+00,0.000000000000000000e+00,0.000000000000000000e+00,0.000000000000000000e+00,0.000000000000000000e+00,0.000000000000000000e+00,0.000000000000000000e+00,0.000000000000000000e+00,0.000000000000000000e+00,0.000000000000000000e+00,0.000000000000000000e+00,0.000000000000000000e+00,0.000000000000000000e+00,0.000000000000000000e+00,0.000000000000000000e+00,0.000000000000000000e+00,0.000000000000000000e+00,0.000000000000000000e+00,0.000000000000000000e+00,0.000000000000000000e+00,0.000000000000000000e+00,0.000000000000000000e+00,0.000000000000000000e+00,0.000000000000000000e+00,0.000000000000000000e+00,0.000000000000000000e+00,0.000000000000000000e+00,0.000000000000000000e+00,0.000000000000000000e+00,0.000000000000000000e+00,0.000000000000000000e+00,0.000000000000000000e+00,0.000000000000000000e+00,0.000000000000000000e+00,0.000000000000000000e+00,0.000000000000000000e+00,0.000000000000000000e+00,0.000000000000000000e+00,0.000000000000000000e+00,0.000000000000000000e+00,0.000000000000000000e+00,0.000000000000000000e+00,0.000000000000000000e+00,0.000000000000000000e+00,0.000000000000000000e+00,0.000000000000000000e+00,0.000000000000000000e+00,0.000000000000000000e+00,0.000000000000000000e+00,0.000000000000000000e+00,0.000000000000000000e+00,0.000000000000000000e+00,0.000000000000000000e+00,0.000000000000000000e+00,0.000000000000000000e+00,0.000000000000000000e+00,0.000000000000000000e+00,0.000000000000000000e+00,0.000000000000000000e+00,0.000000000000000000e+00,0.000000000000000000e+00,0.000000000000000000e+00,0.000000000000000000e+00,0.000000000000000000e+00,0.000000000000000000e+00,0.000000000000000000e+00,0.000000000000000000e+00,0.000000000000000000e+00,0.000000000000000000e+00,0.000000000000000000e+00,0.000000000000000000e+00,0.000000000000000000e+00,0.000000000000000000e+00,0.000000000000000000e+00,0.000000000000000000e+00,0.000000000000000000e+00,0.000000000000000000e+00,0.000000000000000000e+00,0.000000000000000000e+00,0.000000000000000000e+00,0.000000000000000000e+00,0.000000000000000000e+00,0.000000000000000000e+00,0.000000000000000000e+00,0.000000000000000000e+00,0.000000000000000000e+00,0.000000000000000000e+00,0.000000000000000000e+00,0.000000000000000000e+00,0.000000000000000000e+00,0.000000000000000000e+00,0.000000000000000000e+00,0.000000000000000000e+00,0.000000000000000000e+00,0.000000000000000000e+00,0.000000000000000000e+00,0.000000000000000000e+00,0.000000000000000000e+00,0.000000000000000000e+00,0.000000000000000000e+00,0.000000000000000000e+00,0.000000000000000000e+00,0.000000000000000000e+00,0.000000000000000000e+00,0.000000000000000000e+00,0.000000000000000000e+00,0.000000000000000000e+00,0.000000000000000000e+00,0.000000000000000000e+00,0.000000000000000000e+00,0.000000000000000000e+00,0.000000000000000000e+00,0.000000000000000000e+00,0.000000000000000000e+00,0.000000000000000000e+00,0.000000000000000000e+00,0.000000000000000000e+00,0.000000000000000000e+00,0.000000000000000000e+00,0.000000000000000000e+00,0.000000000000000000e+00,0.000000000000000000e+00,0.000000000000000000e+00,0.000000000000000000e+00,0.000000000000000000e+00,0.000000000000000000e+00,0.000000000000000000e+00,0.000000000000000000e+00,0.000000000000000000e+00,0.000000000000000000e+00,0.000000000000000000e+00,0.000000000000000000e+00,0.000000000000000000e+00,0.000000000000000000e+00,0.000000000000000000e+00,0.000000000000000000e+00,0.000000000000000000e+00,0.000000000000000000e+00,0.000000000000000000e+00,0.000000000000000000e+00,0.000000000000000000e+00,0.000000000000000000e+00,0.000000000000000000e+00,0.000000000000000000e+00,0.000000000000000000e+00,0.000000000000000000e+00,0.000000000000000000e+00,0.000000000000000000e+00,0.000000000000000000e+00,0.000000000000000000e+00,0.000000000000000000e+00,0.000000000000000000e+00,0.000000000000000000e+00,0.000000000000000000e+00,0.000000000000000000e+00,0.000000000000000000e+00,0.000000000000000000e+00,0.000000000000000000e+00,0.000000000000000000e+00,0.000000000000000000e+00,0.000000000000000000e+00,0.000000000000000000e+00,0.000000000000000000e+00,0.000000000000000000e+00,0.000000000000000000e+00,0.000000000000000000e+00,0.000000000000000000e+00,0.000000000000000000e+00,0.000000000000000000e+00,0.000000000000000000e+00,0.000000000000000000e+00,0.000000000000000000e+00,0.000000000000000000e+00,0.000000000000000000e+00,0.000000000000000000e+00,0.000000000000000000e+00,0.000000000000000000e+00,0.000000000000000000e+00,0.000000000000000000e+00,0.000000000000000000e+00,0.000000000000000000e+00,0.000000000000000000e+00,0.000000000000000000e+00,0.000000000000000000e+00,0.000000000000000000e+00,0.000000000000000000e+00,0.000000000000000000e+00,0.000000000000000000e+00,0.000000000000000000e+00,0.000000000000000000e+00,0.000000000000000000e+00,0.000000000000000000e+00,0.000000000000000000e+00,0.000000000000000000e+00,0.000000000000000000e+00,0.000000000000000000e+00,0.000000000000000000e+00,0.000000000000000000e+00,0.000000000000000000e+00,0.000000000000000000e+00,0.000000000000000000e+00,0.000000000000000000e+00,0.000000000000000000e+00,0.000000000000000000e+00,0.000000000000000000e+00,0.000000000000000000e+00,0.000000000000000000e+00,0.000000000000000000e+00,0.000000000000000000e+00,0.000000000000000000e+00,0.000000000000000000e+00,0.000000000000000000e+00,0.000000000000000000e+00,0.000000000000000000e+00,0.000000000000000000e+00,0.000000000000000000e+00,0.000000000000000000e+00,0.000000000000000000e+00,0.000000000000000000e+00,0.000000000000000000e+00,0.000000000000000000e+00,0.000000000000000000e+00,0.000000000000000000e+00,0.000000000000000000e+00,0.000000000000000000e+00,0.000000000000000000e+00,0.000000000000000000e+00,0.000000000000000000e+00,0.000000000000000000e+00,0.000000000000000000e+00,0.000000000000000000e+00,0.000000000000000000e+00,0.000000000000000000e+00,0.000000000000000000e+00,0.000000000000000000e+00,0.000000000000000000e+00,0.000000000000000000e+00,0.000000000000000000e+00,0.000000000000000000e+00,0.000000000000000000e+00,0.000000000000000000e+00,0.000000000000000000e+00,0.000000000000000000e+00,0.000000000000000000e+00,0.000000000000000000e+00,0.000000000000000000e+00,0.000000000000000000e+00,0.000000000000000000e+00,0.000000000000000000e+00,0.000000000000000000e+00,0.000000000000000000e+00,0.000000000000000000e+00,0.000000000000000000e+00,0.000000000000000000e+00,0.000000000000000000e+00,0.000000000000000000e+00,0.000000000000000000e+00,0.000000000000000000e+00,0.000000000000000000e+00,0.000000000000000000e+00,0.000000000000000000e+00,0.000000000000000000e+00,0.000000000000000000e+00,0.000000000000000000e+00,0.000000000000000000e+00,0.000000000000000000e+00,0.000000000000000000e+00,0.000000000000000000e+00,0.000000000000000000e+00,0.000000000000000000e+00,0.000000000000000000e+00,0.000000000000000000e+00,0.000000000000000000e+00,0.000000000000000000e+00,0.000000000000000000e+00,0.000000000000000000e+00,0.000000000000000000e+00,0.000000000000000000e+00,0.000000000000000000e+00,0.000000000000000000e+00,0.000000000000000000e+00,0.000000000000000000e+00,0.000000000000000000e+00,0.000000000000000000e+00,0.000000000000000000e+00,0.000000000000000000e+00,0.000000000000000000e+00,0.000000000000000000e+00,0.000000000000000000e+00,0.000000000000000000e+00,0.000000000000000000e+00,0.000000000000000000e+00,0.000000000000000000e+00,0.000000000000000000e+00,0.000000000000000000e+00,0.000000000000000000e+00,0.000000000000000000e+00,0.000000000000000000e+00,0.000000000000000000e+00,0.000000000000000000e+00,0.000000000000000000e+00,0.000000000000000000e+00,0.000000000000000000e+00,0.000000000000000000e+00,0.000000000000000000e+00,0.000000000000000000e+00,0.000000000000000000e+00,0.000000000000000000e+00,0.000000000000000000e+00,0.000000000000000000e+00,0.000000000000000000e+00,0.000000000000000000e+00,0.000000000000000000e+00,0.000000000000000000e+00,0.000000000000000000e+00,0.000000000000000000e+00,0.000000000000000000e+00,0.000000000000000000e+00,0.000000000000000000e+00,0.000000000000000000e+00,0.000000000000000000e+00,0.000000000000000000e+00,0.000000000000000000e+00,0.000000000000000000e+00,0.000000000000000000e+00,0.000000000000000000e+00,0.000000000000000000e+00,0.000000000000000000e+00,0.000000000000000000e+00,0.000000000000000000e+00,0.000000000000000000e+00,0.000000000000000000e+00,0.000000000000000000e+00,0.000000000000000000e+00,0.000000000000000000e+00,0.000000000000000000e+00,0.000000000000000000e+00,0.000000000000000000e+00,0.000000000000000000e+00,0.000000000000000000e+00,0.000000000000000000e+00,0.000000000000000000e+00,0.000000000000000000e+00,0.000000000000000000e+00,0.000000000000000000e+00,0.000000000000000000e+00,0.000000000000000000e+00,0.000000000000000000e+00,0.000000000000000000e+00,0.000000000000000000e+00,0.000000000000000000e+00,0.000000000000000000e+00,0.000000000000000000e+00,0.000000000000000000e+00,0.000000000000000000e+00,0.000000000000000000e+00,0.000000000000000000e+00,0.000000000000000000e+00,0.000000000000000000e+00,0.000000000000000000e+00,0.000000000000000000e+00,0.000000000000000000e+00,0.000000000000000000e+00,0.000000000000000000e+00,0.000000000000000000e+00,0.000000000000000000e+00,0.000000000000000000e+00,0.000000000000000000e+00,0.000000000000000000e+00,0.000000000000000000e+00,0.000000000000000000e+00,0.000000000000000000e+00,0.000000000000000000e+00,0.000000000000000000e+00,0.000000000000000000e+00,0.000000000000000000e+00,0.000000000000000000e+00,0.000000000000000000e+00,0.000000000000000000e+00,0.000000000000000000e+00,0.000000000000000000e+00,0.000000000000000000e+00,0.000000000000000000e+00,0.000000000000000000e+00,0.000000000000000000e+00,0.000000000000000000e+00,0.000000000000000000e+00,0.000000000000000000e+00,0.000000000000000000e+00,0.000000000000000000e+00,0.000000000000000000e+00,0.000000000000000000e+00,0.000000000000000000e+00,0.000000000000000000e+00,0.000000000000000000e+00,0.000000000000000000e+00,0.000000000000000000e+00,0.000000000000000000e+00,0.000000000000000000e+00,0.000000000000000000e+00,0.000000000000000000e+00,0.000000000000000000e+00,0.000000000000000000e+00,0.000000000000000000e+00,0.000000000000000000e+00,0.000000000000000000e+00,0.000000000000000000e+00,0.000000000000000000e+00,0.000000000000000000e+00,0.000000000000000000e+00,0.000000000000000000e+00,0.000000000000000000e+00,0.000000000000000000e+00,0.000000000000000000e+00,0.000000000000000000e+00,0.000000000000000000e+00,0.000000000000000000e+00,0.000000000000000000e+00,0.000000000000000000e+00,0.000000000000000000e+00,0.000000000000000000e+00,0.000000000000000000e+00,0.000000000000000000e+00,0.000000000000000000e+00,0.000000000000000000e+00,0.000000000000000000e+00,0.000000000000000000e+00,0.000000000000000000e+00,0.000000000000000000e+00,0.000000000000000000e+00,0.000000000000000000e+00,0.000000000000000000e+00,0.000000000000000000e+00,0.000000000000000000e+00,0.000000000000000000e+00,0.000000000000000000e+00,0.000000000000000000e+00,0.000000000000000000e+00,0.000000000000000000e+00,0.000000000000000000e+00,0.000000000000000000e+00,0.000000000000000000e+00,0.000000000000000000e+00,0.000000000000000000e+00,0.000000000000000000e+00,0.000000000000000000e+00,0.000000000000000000e+00,0.000000000000000000e+00,0.000000000000000000e+00,0.000000000000000000e+00,0.000000000000000000e+00,0.000000000000000000e+00,0.000000000000000000e+00,0.000000000000000000e+00,0.000000000000000000e+00,0.000000000000000000e+00,0.000000000000000000e+00,0.000000000000000000e+00,0.000000000000000000e+00,0.000000000000000000e+00,0.000000000000000000e+00,0.000000000000000000e+00,0.000000000000000000e+00,0.000000000000000000e+00,0.000000000000000000e+00,0.000000000000000000e+00,0.000000000000000000e+00,0.000000000000000000e+00,0.000000000000000000e+00,0.000000000000000000e+00,0.000000000000000000e+00,0.000000000000000000e+00,0.000000000000000000e+00,0.000000000000000000e+00,0.000000000000000000e+00,0.000000000000000000e+00,0.000000000000000000e+00,0.000000000000000000e+00,0.000000000000000000e+00,0.000000000000000000e+00,0.000000000000000000e+00,0.000000000000000000e+00,0.000000000000000000e+00,0.000000000000000000e+00,0.000000000000000000e+00,0.000000000000000000e+00,0.000000000000000000e+00,0.000000000000000000e+00,0.000000000000000000e+00,0.000000000000000000e+00,0.000000000000000000e+00,0.000000000000000000e+00,0.000000000000000000e+00,0.000000000000000000e+00,0.000000000000000000e+00,0.000000000000000000e+00,0.000000000000000000e+00,0.000000000000000000e+00,0.000000000000000000e+00,0.000000000000000000e+00,0.000000000000000000e+00,0.000000000000000000e+00,0.000000000000000000e+00,0.000000000000000000e+00,0.000000000000000000e+00,0.000000000000000000e+00,0.000000000000000000e+00,0.000000000000000000e+00,0.000000000000000000e+00,0.000000000000000000e+00,0.000000000000000000e+00,0.000000000000000000e+00,0.000000000000000000e+00,0.000000000000000000e+00,0.000000000000000000e+00,0.000000000000000000e+00,0.000000000000000000e+00,0.000000000000000000e+00,0.000000000000000000e+00,0.000000000000000000e+00,0.000000000000000000e+00,0.000000000000000000e+00,0.000000000000000000e+00,0.000000000000000000e+00,0.000000000000000000e+00,0.000000000000000000e+00,0.000000000000000000e+00,0.000000000000000000e+00,0.000000000000000000e+00,0.000000000000000000e+00,0.000000000000000000e+00,0.000000000000000000e+00,0.000000000000000000e+00,0.000000000000000000e+00,0.000000000000000000e+00,0.000000000000000000e+00,0.000000000000000000e+00,0.000000000000000000e+00,0.000000000000000000e+00,0.000000000000000000e+00,0.000000000000000000e+00,0.000000000000000000e+00,0.000000000000000000e+00,0.000000000000000000e+00,0.000000000000000000e+00,0.000000000000000000e+00,0.000000000000000000e+00,0.000000000000000000e+00,0.000000000000000000e+00,0.000000000000000000e+00,0.000000000000000000e+00,0.000000000000000000e+00,0.000000000000000000e+00,0.000000000000000000e+00,0.000000000000000000e+00,0.000000000000000000e+00,0.000000000000000000e+00,0.000000000000000000e+00,0.000000000000000000e+00,0.000000000000000000e+00,0.000000000000000000e+00,0.000000000000000000e+00,0.000000000000000000e+00,0.000000000000000000e+00,0.000000000000000000e+00,0.000000000000000000e+00,0.000000000000000000e+00,0.000000000000000000e+00,0.000000000000000000e+00,0.000000000000000000e+00,0.000000000000000000e+00,0.000000000000000000e+00,0.000000000000000000e+00,0.000000000000000000e+00,0.000000000000000000e+00,0.000000000000000000e+00,0.000000000000000000e+00,0.000000000000000000e+00,0.000000000000000000e+00,0.000000000000000000e+00,0.000000000000000000e+00,0.000000000000000000e+00,0.000000000000000000e+00,0.000000000000000000e+00,0.000000000000000000e+00,0.000000000000000000e+00,0.000000000000000000e+00,0.000000000000000000e+00,0.000000000000000000e+00,0.000000000000000000e+00,0.000000000000000000e+00,0.000000000000000000e+00,0.000000000000000000e+00,0.000000000000000000e+00,0.000000000000000000e+00,0.000000000000000000e+00,0.000000000000000000e+00,0.000000000000000000e+00,0.000000000000000000e+00,0.000000000000000000e+00,0.000000000000000000e+00,0.000000000000000000e+00,0.000000000000000000e+00,0.000000000000000000e+00,0.000000000000000000e+00,0.000000000000000000e+00,0.000000000000000000e+00,0.000000000000000000e+00,0.000000000000000000e+00,0.000000000000000000e+00,0.000000000000000000e+00,0.000000000000000000e+00,0.000000000000000000e+00,0.000000000000000000e+00,0.000000000000000000e+00,0.000000000000000000e+00,0.000000000000000000e+00,0.000000000000000000e+00,0.000000000000000000e+00,0.000000000000000000e+00,0.000000000000000000e+00,0.000000000000000000e+00,0.000000000000000000e+00,0.000000000000000000e+00,0.000000000000000000e+00,0.000000000000000000e+00,0.000000000000000000e+00,0.000000000000000000e+00,0.000000000000000000e+00,0.000000000000000000e+00,0.000000000000000000e+00,0.000000000000000000e+00,0.000000000000000000e+00,0.000000000000000000e+00,0.000000000000000000e+00,0.000000000000000000e+00,0.000000000000000000e+00,0.000000000000000000e+00,0.000000000000000000e+00,0.000000000000000000e+00,0.000000000000000000e+00,0.000000000000000000e+00,0.000000000000000000e+00,0.000000000000000000e+00,0.000000000000000000e+00,0.000000000000000000e+00,0.000000000000000000e+00,0.000000000000000000e+00,0.000000000000000000e+00,0.000000000000000000e+00,0.000000000000000000e+00,0.000000000000000000e+00,0.000000000000000000e+00,0.000000000000000000e+00,0.000000000000000000e+00,0.000000000000000000e+00,0.000000000000000000e+00,0.000000000000000000e+00,0.000000000000000000e+00,0.000000000000000000e+00,0.000000000000000000e+00,0.000000000000000000e+00,0.000000000000000000e+00,0.000000000000000000e+00,0.000000000000000000e+00,0.000000000000000000e+00,0.000000000000000000e+00,0.000000000000000000e+00,0.000000000000000000e+00,0.000000000000000000e+00,0.000000000000000000e+00,0.000000000000000000e+00,0.000000000000000000e+00,0.000000000000000000e+00,0.000000000000000000e+00,0.000000000000000000e+00,0.000000000000000000e+00,0.000000000000000000e+00,0.000000000000000000e+00,0.000000000000000000e+00,0.000000000000000000e+00,0.000000000000000000e+00,0.000000000000000000e+00,0.000000000000000000e+00,0.000000000000000000e+00,0.000000000000000000e+00,0.000000000000000000e+00,0.000000000000000000e+00,0.000000000000000000e+00,0.000000000000000000e+00,0.000000000000000000e+00,0.000000000000000000e+00,0.000000000000000000e+00,0.000000000000000000e+00,0.000000000000000000e+00,0.000000000000000000e+00,0.000000000000000000e+00,0.000000000000000000e+00,0.000000000000000000e+00,0.000000000000000000e+00,0.000000000000000000e+00,0.000000000000000000e+00,0.000000000000000000e+00,0.000000000000000000e+00,0.000000000000000000e+00,0.000000000000000000e+00,0.000000000000000000e+00,0.000000000000000000e+00,0.000000000000000000e+00,0.000000000000000000e+00,0.000000000000000000e+00,0.000000000000000000e+00,0.000000000000000000e+00,0.000000000000000000e+00,0.000000000000000000e+00,0.000000000000000000e+00,0.000000000000000000e+00,0.000000000000000000e+00,0.000000000000000000e+00,0.000000000000000000e+00,0.000000000000000000e+00,0.000000000000000000e+00,0.000000000000000000e+00,0.000000000000000000e+00,0.000000000000000000e+00,0.000000000000000000e+00,0.000000000000000000e+00,0.000000000000000000e+00,0.000000000000000000e+00,0.000000000000000000e+00,0.000000000000000000e+00,0.000000000000000000e+00,0.000000000000000000e+00,0.000000000000000000e+00,0.000000000000000000e+00,0.000000000000000000e+00,0.000000000000000000e+00,0.000000000000000000e+00,0.000000000000000000e+00,0.000000000000000000e+00,0.000000000000000000e+00,0.000000000000000000e+00,0.000000000000000000e+00,0.000000000000000000e+00,0.000000000000000000e+00,0.000000000000000000e+00,0.000000000000000000e+00,0.000000000000000000e+00,0.000000000000000000e+00,0.000000000000000000e+00,0.000000000000000000e+00,0.000000000000000000e+00,0.000000000000000000e+00,0.000000000000000000e+00,0.000000000000000000e+00,0.000000000000000000e+00,0.000000000000000000e+00,0.000000000000000000e+00,0.000000000000000000e+00,0.000000000000000000e+00,0.000000000000000000e+00,0.000000000000000000e+00,0.000000000000000000e+00,0.000000000000000000e+00,0.000000000000000000e+00,0.000000000000000000e+00,0.000000000000000000e+00,0.000000000000000000e+00,0.000000000000000000e+00,0.000000000000000000e+00,0.000000000000000000e+00,0.000000000000000000e+00,0.000000000000000000e+00,0.000000000000000000e+00,0.000000000000000000e+00,0.000000000000000000e+00,0.000000000000000000e+00,0.000000000000000000e+00,0.000000000000000000e+00,0.000000000000000000e+00,0.000000000000000000e+00,0.000000000000000000e+00,0.000000000000000000e+00,0.000000000000000000e+00,0.000000000000000000e+00,0.000000000000000000e+00,0.000000000000000000e+00,0.000000000000000000e+00,0.000000000000000000e+00,0.000000000000000000e+00,0.000000000000000000e+00,0.000000000000000000e+00,0.000000000000000000e+00,0.000000000000000000e+00,0.000000000000000000e+00,0.000000000000000000e+00,0.000000000000000000e+00,0.000000000000000000e+00,0.000000000000000000e+00,0.000000000000000000e+00,0.000000000000000000e+00,0.000000000000000000e+00,0.000000000000000000e+00,0.000000000000000000e+00,0.000000000000000000e+00,0.000000000000000000e+00,0.000000000000000000e+00,0.000000000000000000e+00,0.000000000000000000e+00,0.000000000000000000e+00,0.000000000000000000e+00,0.000000000000000000e+00,0.000000000000000000e+00,0.000000000000000000e+00,0.000000000000000000e+00,0.000000000000000000e+00,0.000000000000000000e+00,0.000000000000000000e+00,0.000000000000000000e+00,0.000000000000000000e+00,0.000000000000000000e+00,0.000000000000000000e+00,0.000000000000000000e+00,0.000000000000000000e+00,0.000000000000000000e+00,0.000000000000000000e+00,0.000000000000000000e+00,0.000000000000000000e+00,0.000000000000000000e+00,0.000000000000000000e+00,0.000000000000000000e+00,0.000000000000000000e+00,0.000000000000000000e+00,0.000000000000000000e+00,0.000000000000000000e+00,0.000000000000000000e+00,0.000000000000000000e+00,0.000000000000000000e+00,0.000000000000000000e+00,0.000000000000000000e+00,0.000000000000000000e+00,0.000000000000000000e+00,0.000000000000000000e+00,0.000000000000000000e+00,0.000000000000000000e+00,0.000000000000000000e+00,0.000000000000000000e+00,0.000000000000000000e+00,0.000000000000000000e+00,0.000000000000000000e+00,0.000000000000000000e+00,0.000000000000000000e+00,0.000000000000000000e+00,0.000000000000000000e+00,0.000000000000000000e+00,0.000000000000000000e+00,0.000000000000000000e+00,0.000000000000000000e+00,0.000000000000000000e+00,0.000000000000000000e+00,0.000000000000000000e+00,0.000000000000000000e+00,0.000000000000000000e+00,0.000000000000000000e+00,0.000000000000000000e+00,0.000000000000000000e+00,0.000000000000000000e+00,0.000000000000000000e+00,0.000000000000000000e+00,0.000000000000000000e+00,0.000000000000000000e+00,0.000000000000000000e+00,0.000000000000000000e+00,0.000000000000000000e+00,0.000000000000000000e+00,0.000000000000000000e+00,0.000000000000000000e+00,0.000000000000000000e+00,0.000000000000000000e+00,0.000000000000000000e+00,0.000000000000000000e+00,0.000000000000000000e+00,0.000000000000000000e+00,0.000000000000000000e+00,0.000000000000000000e+00,0.000000000000000000e+00,0.000000000000000000e+00,0.000000000000000000e+00,0.000000000000000000e+00,0.000000000000000000e+00,0.000000000000000000e+00,0.000000000000000000e+00,0.000000000000000000e+00,0.000000000000000000e+00,0.000000000000000000e+00,0.000000000000000000e+00,0.000000000000000000e+00,0.000000000000000000e+00,0.000000000000000000e+00,0.000000000000000000e+00,0.000000000000000000e+00,0.000000000000000000e+00,0.000000000000000000e+00,0.000000000000000000e+00,0.000000000000000000e+00,0.000000000000000000e+00,0.000000000000000000e+00,0.000000000000000000e+00,0.000000000000000000e+00,0.000000000000000000e+00,0.000000000000000000e+00,0.000000000000000000e+00,0.000000000000000000e+00,0.000000000000000000e+00,0.000000000000000000e+00,0.000000000000000000e+00,0.000000000000000000e+00,0.000000000000000000e+00,0.000000000000000000e+00,0.000000000000000000e+00,0.000000000000000000e+00,0.000000000000000000e+00,0.000000000000000000e+00,0.000000000000000000e+00,0.000000000000000000e+00,0.000000000000000000e+00,0.000000000000000000e+00,0.000000000000000000e+00,0.000000000000000000e+00,0.000000000000000000e+00,0.000000000000000000e+00,0.000000000000000000e+00,0.000000000000000000e+00,0.000000000000000000e+00,0.000000000000000000e+00,0.000000000000000000e+00,0.000000000000000000e+00,0.000000000000000000e+00,0.000000000000000000e+00,0.000000000000000000e+00,0.000000000000000000e+00,0.000000000000000000e+00,0.000000000000000000e+00,0.000000000000000000e+00,0.000000000000000000e+00,0.000000000000000000e+00,0.000000000000000000e+00,0.000000000000000000e+00,0.000000000000000000e+00,0.000000000000000000e+00,0.000000000000000000e+00,0.000000000000000000e+00,0.000000000000000000e+00,0.000000000000000000e+00,0.000000000000000000e+00,0.000000000000000000e+00,0.000000000000000000e+00,0.000000000000000000e+00,0.000000000000000000e+00,0.000000000000000000e+00,0.000000000000000000e+00,0.000000000000000000e+00,0.000000000000000000e+00,0.000000000000000000e+00,0.000000000000000000e+00,0.000000000000000000e+00,0.000000000000000000e+00,0.000000000000000000e+00,0.000000000000000000e+00,0.000000000000000000e+00,0.000000000000000000e+00,0.000000000000000000e+00,0.000000000000000000e+00,0.000000000000000000e+00,0.000000000000000000e+00,0.000000000000000000e+00,0.000000000000000000e+00,0.000000000000000000e+00,0.000000000000000000e+00,0.000000000000000000e+00,0.000000000000000000e+00,0.000000000000000000e+00,0.000000000000000000e+00,0.000000000000000000e+00,0.000000000000000000e+00,0.000000000000000000e+00,0.000000000000000000e+00,0.000000000000000000e+00,0.000000000000000000e+00,0.000000000000000000e+00,0.000000000000000000e+00,0.000000000000000000e+00,0.000000000000000000e+00,0.000000000000000000e+00,0.000000000000000000e+00,0.000000000000000000e+00,0.000000000000000000e+00,0.000000000000000000e+00,0.000000000000000000e+00,0.000000000000000000e+00,0.000000000000000000e+00,0.000000000000000000e+00,0.000000000000000000e+00,0.000000000000000000e+00,0.000000000000000000e+00,0.000000000000000000e+00,0.000000000000000000e+00,0.000000000000000000e+00,0.000000000000000000e+00,0.000000000000000000e+00,0.000000000000000000e+00,0.000000000000000000e+00,0.000000000000000000e+00,0.000000000000000000e+00,0.000000000000000000e+00,0.000000000000000000e+00,0.000000000000000000e+00,0.000000000000000000e+00,0.000000000000000000e+00,0.000000000000000000e+00,0.000000000000000000e+00,0.000000000000000000e+00,0.000000000000000000e+00,0.000000000000000000e+00,0.000000000000000000e+00,0.000000000000000000e+00,0.000000000000000000e+00,0.000000000000000000e+00,0.000000000000000000e+00,0.000000000000000000e+00,0.000000000000000000e+00,0.000000000000000000e+00,0.000000000000000000e+00,0.000000000000000000e+00,0.000000000000000000e+00,0.000000000000000000e+00,0.000000000000000000e+00,0.000000000000000000e+00,0.000000000000000000e+00,0.000000000000000000e+00,0.000000000000000000e+00,0.000000000000000000e+00,0.000000000000000000e+00,0.000000000000000000e+00,0.000000000000000000e+00,0.000000000000000000e+00,0.000000000000000000e+00,0.000000000000000000e+00,0.000000000000000000e+00,0.000000000000000000e+00,0.000000000000000000e+00,0.000000000000000000e+00,0.000000000000000000e+00,0.000000000000000000e+00,0.000000000000000000e+00,0.000000000000000000e+00,0.000000000000000000e+00,0.000000000000000000e+00,0.000000000000000000e+00,0.000000000000000000e+00,0.000000000000000000e+00,0.000000000000000000e+00,0.000000000000000000e+00,0.000000000000000000e+00,0.000000000000000000e+00,0.000000000000000000e+00,0.000000000000000000e+00,0.000000000000000000e+00,0.000000000000000000e+00,0.000000000000000000e+00,0.000000000000000000e+00,0.000000000000000000e+00,0.000000000000000000e+00,0.000000000000000000e+00,0.000000000000000000e+00,0.000000000000000000e+00,0.000000000000000000e+00,0.000000000000000000e+00,0.000000000000000000e+00,0.000000000000000000e+00,0.000000000000000000e+00,0.000000000000000000e+00,0.000000000000000000e+00,0.000000000000000000e+00,0.000000000000000000e+00,0.000000000000000000e+00,0.000000000000000000e+00,0.000000000000000000e+00,0.000000000000000000e+00,0.000000000000000000e+00,0.000000000000000000e+00,0.000000000000000000e+00,0.000000000000000000e+00,0.000000000000000000e+00,0.000000000000000000e+00,0.000000000000000000e+00,0.000000000000000000e+00,0.000000000000000000e+00,0.000000000000000000e+00,0.000000000000000000e+00,0.000000000000000000e+00,0.000000000000000000e+00,0.000000000000000000e+00,0.000000000000000000e+00,0.000000000000000000e+00,0.000000000000000000e+00,0.000000000000000000e+00,0.000000000000000000e+00,0.000000000000000000e+00,0.000000000000000000e+00,0.000000000000000000e+00,0.000000000000000000e+00,0.000000000000000000e+00,0.000000000000000000e+00,0.000000000000000000e+00,0.000000000000000000e+00,0.000000000000000000e+00,0.000000000000000000e+00,0.000000000000000000e+00,0.000000000000000000e+00,0.000000000000000000e+00,0.000000000000000000e+00,0.000000000000000000e+00,0.000000000000000000e+00,0.000000000000000000e+00,0.000000000000000000e+00,0.000000000000000000e+00,0.000000000000000000e+00,0.000000000000000000e+00,0.000000000000000000e+00,0.000000000000000000e+00,0.000000000000000000e+00,0.000000000000000000e+00,0.000000000000000000e+00,0.000000000000000000e+00,0.000000000000000000e+00,0.000000000000000000e+00,0.000000000000000000e+00,0.000000000000000000e+00,0.000000000000000000e+00,0.000000000000000000e+00,0.000000000000000000e+00,0.000000000000000000e+00,0.000000000000000000e+00,0.000000000000000000e+00,0.000000000000000000e+00,0.000000000000000000e+00,0.000000000000000000e+00,0.000000000000000000e+00,0.000000000000000000e+00,0.000000000000000000e+00,0.000000000000000000e+00,0.000000000000000000e+00,0.000000000000000000e+00,0.000000000000000000e+00,0.000000000000000000e+00,0.000000000000000000e+00,0.000000000000000000e+00,0.000000000000000000e+00,0.000000000000000000e+00,0.000000000000000000e+00,0.000000000000000000e+00,0.000000000000000000e+00,0.000000000000000000e+00,0.000000000000000000e+00,0.000000000000000000e+00,0.000000000000000000e+00,0.000000000000000000e+00,0.000000000000000000e+00,0.000000000000000000e+00,0.000000000000000000e+00,0.000000000000000000e+00,0.000000000000000000e+00,0.000000000000000000e+00,0.000000000000000000e+00,0.000000000000000000e+00,0.000000000000000000e+00,0.000000000000000000e+00,0.000000000000000000e+00,0.000000000000000000e+00,0.000000000000000000e+00,0.000000000000000000e+00,0.000000000000000000e+00,0.000000000000000000e+00,0.000000000000000000e+00,0.000000000000000000e+00,0.000000000000000000e+00,0.000000000000000000e+00,0.000000000000000000e+00,0.000000000000000000e+00,0.000000000000000000e+00,0.000000000000000000e+00,0.000000000000000000e+00,0.000000000000000000e+00,0.000000000000000000e+00,0.000000000000000000e+00,0.000000000000000000e+00,0.000000000000000000e+00,0.000000000000000000e+00,0.000000000000000000e+00,0.000000000000000000e+00,0.000000000000000000e+00,0.000000000000000000e+00,0.000000000000000000e+00,0.000000000000000000e+00,0.000000000000000000e+00,0.000000000000000000e+00,0.000000000000000000e+00,0.000000000000000000e+00,0.000000000000000000e+00,0.000000000000000000e+00,0.000000000000000000e+00,0.000000000000000000e+00,0.000000000000000000e+00,0.000000000000000000e+00,0.000000000000000000e+00,0.000000000000000000e+00,0.000000000000000000e+00,0.000000000000000000e+00,0.000000000000000000e+00,0.000000000000000000e+00,0.000000000000000000e+00,0.000000000000000000e+00,0.000000000000000000e+00,0.000000000000000000e+00,0.000000000000000000e+00,0.000000000000000000e+00,0.000000000000000000e+00,0.000000000000000000e+00,0.000000000000000000e+00,0.000000000000000000e+00,0.000000000000000000e+00,0.000000000000000000e+00,0.000000000000000000e+00,0.000000000000000000e+00,0.000000000000000000e+00,0.000000000000000000e+00,0.000000000000000000e+00,0.000000000000000000e+00,0.000000000000000000e+00,0.000000000000000000e+00,0.000000000000000000e+00,0.000000000000000000e+00,0.000000000000000000e+00,0.000000000000000000e+00,0.000000000000000000e+00,0.000000000000000000e+00,0.000000000000000000e+00,0.000000000000000000e+00,0.000000000000000000e+00,0.000000000000000000e+00,0.000000000000000000e+00,0.000000000000000000e+00,0.000000000000000000e+00,0.000000000000000000e+00,0.000000000000000000e+00,0.000000000000000000e+00,0.000000000000000000e+00,0.000000000000000000e+00,0.000000000000000000e+00,0.000000000000000000e+00,0.000000000000000000e+00,0.000000000000000000e+00,0.000000000000000000e+00,0.000000000000000000e+00,0.000000000000000000e+00,0.000000000000000000e+00,0.000000000000000000e+00,0.000000000000000000e+00,0.000000000000000000e+00,0.000000000000000000e+00,0.000000000000000000e+00,0.000000000000000000e+00,0.000000000000000000e+00,0.000000000000000000e+00,0.000000000000000000e+00,0.000000000000000000e+00,0.000000000000000000e+00,0.000000000000000000e+00,0.000000000000000000e+00,0.000000000000000000e+00,0.000000000000000000e+00,0.000000000000000000e+00,0.000000000000000000e+00,0.000000000000000000e+00,0.000000000000000000e+00,0.000000000000000000e+00,0.000000000000000000e+00,0.000000000000000000e+00,0.000000000000000000e+00,0.000000000000000000e+00,0.000000000000000000e+00,0.000000000000000000e+00,0.000000000000000000e+00,0.000000000000000000e+00,0.000000000000000000e+00,0.000000000000000000e+00,0.000000000000000000e+00,0.000000000000000000e+00,0.000000000000000000e+00,0.000000000000000000e+00,0.000000000000000000e+00,0.000000000000000000e+00,0.000000000000000000e+00,0.000000000000000000e+00,0.000000000000000000e+00,0.000000000000000000e+00,0.000000000000000000e+00,0.000000000000000000e+00,0.000000000000000000e+00,0.000000000000000000e+00,0.000000000000000000e+00,0.000000000000000000e+00,0.000000000000000000e+00,0.000000000000000000e+00,0.000000000000000000e+00,0.000000000000000000e+00,0.000000000000000000e+00,0.000000000000000000e+00,0.000000000000000000e+00,0.000000000000000000e+00,0.000000000000000000e+00,0.000000000000000000e+00,0.000000000000000000e+00,0.000000000000000000e+00,0.000000000000000000e+00,0.000000000000000000e+00,0.000000000000000000e+00,0.000000000000000000e+00,0.000000000000000000e+00,0.000000000000000000e+00,0.000000000000000000e+00,0.000000000000000000e+00,0.000000000000000000e+00,0.000000000000000000e+00,0.000000000000000000e+00,0.000000000000000000e+00,0.000000000000000000e+00,0.000000000000000000e+00,0.000000000000000000e+00,0.000000000000000000e+00,0.000000000000000000e+00,0.000000000000000000e+00,0.000000000000000000e+00,0.000000000000000000e+00,0.000000000000000000e+00,0.000000000000000000e+00,0.000000000000000000e+00,0.000000000000000000e+00,0.000000000000000000e+00,0.000000000000000000e+00,0.000000000000000000e+00,0.000000000000000000e+00,0.000000000000000000e+00,0.000000000000000000e+00,0.000000000000000000e+00,0.000000000000000000e+00,0.000000000000000000e+00,0.000000000000000000e+00,0.000000000000000000e+00,0.000000000000000000e+00,0.000000000000000000e+00,0.000000000000000000e+00,0.000000000000000000e+00,0.000000000000000000e+00,0.000000000000000000e+00,0.000000000000000000e+00,0.000000000000000000e+00,0.000000000000000000e+00,0.000000000000000000e+00,0.000000000000000000e+00,0.000000000000000000e+00,0.000000000000000000e+00,0.000000000000000000e+00,0.000000000000000000e+00,0.000000000000000000e+00,0.000000000000000000e+00,0.000000000000000000e+00,0.000000000000000000e+00,0.000000000000000000e+00,0.000000000000000000e+00,0.000000000000000000e+00,0.000000000000000000e+00,0.000000000000000000e+00,0.000000000000000000e+00,0.000000000000000000e+00,0.000000000000000000e+00,0.000000000000000000e+00,0.000000000000000000e+00,0.000000000000000000e+00,0.000000000000000000e+00,0.000000000000000000e+00,0.000000000000000000e+00,0.000000000000000000e+00,0.000000000000000000e+00,0.000000000000000000e+00,0.000000000000000000e+00,0.000000000000000000e+00,0.000000000000000000e+00,0.000000000000000000e+00,0.000000000000000000e+00,0.000000000000000000e+00,0.000000000000000000e+00,0.000000000000000000e+00,0.000000000000000000e+00,0.000000000000000000e+00,0.000000000000000000e+00,0.000000000000000000e+00,0.000000000000000000e+00,0.000000000000000000e+00,0.000000000000000000e+00,0.000000000000000000e+00,0.000000000000000000e+00,0.000000000000000000e+00,0.000000000000000000e+00,0.000000000000000000e+00,0.000000000000000000e+00,0.000000000000000000e+00,0.000000000000000000e+00,0.000000000000000000e+00,0.000000000000000000e+00,0.000000000000000000e+00,0.000000000000000000e+00,0.000000000000000000e+00,0.000000000000000000e+00,0.000000000000000000e+00,0.000000000000000000e+00,0.000000000000000000e+00,0.000000000000000000e+00,0.000000000000000000e+00,0.000000000000000000e+00,0.000000000000000000e+00,0.000000000000000000e+00,0.000000000000000000e+00,0.000000000000000000e+00,0.000000000000000000e+00,0.000000000000000000e+00,0.000000000000000000e+00,0.000000000000000000e+00,0.000000000000000000e+00,0.000000000000000000e+00,0.000000000000000000e+00,0.000000000000000000e+00,0.000000000000000000e+00,0.000000000000000000e+00,0.000000000000000000e+00,0.000000000000000000e+00,0.000000000000000000e+00,0.000000000000000000e+00,0.000000000000000000e+00,0.000000000000000000e+00,0.000000000000000000e+00,0.000000000000000000e+00,0.000000000000000000e+00,0.000000000000000000e+00,0.000000000000000000e+00,0.000000000000000000e+00,0.000000000000000000e+00,0.000000000000000000e+00,0.000000000000000000e+00,0.000000000000000000e+00,0.000000000000000000e+00,0.000000000000000000e+00,0.000000000000000000e+00,0.000000000000000000e+00,0.000000000000000000e+00,0.000000000000000000e+00,0.000000000000000000e+00,0.000000000000000000e+00,0.000000000000000000e+00,0.000000000000000000e+00,0.000000000000000000e+00,0.000000000000000000e+00,0.000000000000000000e+00,0.000000000000000000e+00,0.000000000000000000e+00,0.000000000000000000e+00,0.000000000000000000e+00,0.000000000000000000e+00,0.000000000000000000e+00,0.000000000000000000e+00,0.000000000000000000e+00,0.000000000000000000e+00,0.000000000000000000e+00,0.000000000000000000e+00,0.000000000000000000e+00,0.000000000000000000e+00,0.000000000000000000e+00,0.000000000000000000e+00,0.000000000000000000e+00,0.000000000000000000e+00,0.000000000000000000e+00,0.000000000000000000e+00,0.000000000000000000e+00,0.000000000000000000e+00,0.000000000000000000e+00,0.000000000000000000e+00,0.000000000000000000e+00,0.000000000000000000e+00,0.000000000000000000e+00,0.000000000000000000e+00,0.000000000000000000e+00,0.000000000000000000e+00,0.000000000000000000e+00,0.000000000000000000e+00,0.000000000000000000e+00,0.000000000000000000e+00,0.000000000000000000e+00,0.000000000000000000e+00,0.000000000000000000e+00,0.000000000000000000e+00,0.000000000000000000e+00,0.000000000000000000e+00,0.000000000000000000e+00,0.000000000000000000e+00,0.000000000000000000e+00,0.000000000000000000e+00,0.000000000000000000e+00,0.000000000000000000e+00,0.000000000000000000e+00,0.000000000000000000e+00,0.000000000000000000e+00,0.000000000000000000e+00,0.000000000000000000e+00,0.000000000000000000e+00,0.000000000000000000e+00,0.000000000000000000e+00,0.000000000000000000e+00,0.000000000000000000e+00,0.000000000000000000e+00,0.000000000000000000e+00,0.000000000000000000e+00,0.000000000000000000e+00,0.000000000000000000e+00,0.000000000000000000e+00,0.000000000000000000e+00,0.000000000000000000e+00,0.000000000000000000e+00,0.000000000000000000e+00,0.000000000000000000e+00,0.000000000000000000e+00,0.000000000000000000e+00,0.000000000000000000e+00,0.000000000000000000e+00,0.000000000000000000e+00,0.000000000000000000e+00,0.000000000000000000e+00,0.000000000000000000e+00,0.000000000000000000e+00,0.000000000000000000e+00,0.000000000000000000e+00,0.000000000000000000e+00,0.000000000000000000e+00,0.000000000000000000e+00,0.000000000000000000e+00,0.000000000000000000e+00,0.000000000000000000e+00,0.000000000000000000e+00,0.000000000000000000e+00,0.000000000000000000e+00,0.000000000000000000e+00,0.000000000000000000e+00,0.000000000000000000e+00,0.000000000000000000e+00,0.000000000000000000e+00,0.000000000000000000e+00,0.000000000000000000e+00,0.000000000000000000e+00,0.000000000000000000e+00,0.000000000000000000e+00,0.000000000000000000e+00,0.000000000000000000e+00,0.000000000000000000e+00,0.000000000000000000e+00,0.000000000000000000e+00,0.000000000000000000e+00,0.000000000000000000e+00,0.000000000000000000e+00,0.000000000000000000e+00,0.000000000000000000e+00,0.000000000000000000e+00,0.000000000000000000e+00,0.000000000000000000e+00,0.000000000000000000e+00,0.000000000000000000e+00,0.000000000000000000e+00,0.000000000000000000e+00,0.000000000000000000e+00,0.000000000000000000e+00,0.000000000000000000e+00,0.000000000000000000e+00,0.000000000000000000e+00,0.000000000000000000e+00,0.000000000000000000e+00,0.000000000000000000e+00,0.000000000000000000e+00,0.000000000000000000e+00,0.000000000000000000e+00,0.000000000000000000e+00,0.000000000000000000e+00,0.000000000000000000e+00,0.000000000000000000e+00,0.000000000000000000e+00,0.000000000000000000e+00,0.000000000000000000e+00,0.000000000000000000e+00,0.000000000000000000e+00,0.000000000000000000e+00,0.000000000000000000e+00,0.000000000000000000e+00,0.000000000000000000e+00,0.000000000000000000e+00,0.000000000000000000e+00,0.000000000000000000e+00,0.000000000000000000e+00,0.000000000000000000e+00,0.000000000000000000e+00,0.000000000000000000e+00,0.000000000000000000e+00,0.000000000000000000e+00,0.000000000000000000e+00,0.000000000000000000e+00,0.000000000000000000e+00,0.000000000000000000e+00,0.000000000000000000e+00,0.000000000000000000e+00,0.000000000000000000e+00,0.000000000000000000e+00,0.000000000000000000e+00,0.000000000000000000e+00,0.000000000000000000e+00,0.000000000000000000e+00,0.000000000000000000e+00,0.000000000000000000e+00,0.000000000000000000e+00,0.000000000000000000e+00,0.000000000000000000e+00,0.000000000000000000e+00,0.000000000000000000e+00,0.000000000000000000e+00,0.000000000000000000e+00,0.000000000000000000e+00,0.000000000000000000e+00,0.000000000000000000e+00,0.000000000000000000e+00,0.000000000000000000e+00,0.000000000000000000e+00,0.000000000000000000e+00,0.000000000000000000e+00,0.000000000000000000e+00,0.000000000000000000e+00,0.000000000000000000e+00,0.000000000000000000e+00,0.000000000000000000e+00,0.000000000000000000e+00,0.000000000000000000e+00,0.000000000000000000e+00,0.000000000000000000e+00,0.000000000000000000e+00,0.000000000000000000e+00,0.000000000000000000e+00,0.000000000000000000e+00,0.000000000000000000e+00,0.000000000000000000e+00,0.000000000000000000e+00,0.000000000000000000e+00,0.000000000000000000e+00,0.000000000000000000e+00,0.000000000000000000e+00,0.000000000000000000e+00,0.000000000000000000e+00,0.000000000000000000e+00,0.000000000000000000e+00,0.000000000000000000e+00,0.000000000000000000e+00,0.000000000000000000e+00,0.000000000000000000e+00,0.000000000000000000e+00,0.000000000000000000e+00,0.000000000000000000e+00,0.000000000000000000e+00,0.000000000000000000e+00,0.000000000000000000e+00,0.000000000000000000e+00,0.000000000000000000e+00,0.000000000000000000e+00,0.000000000000000000e+00,0.000000000000000000e+00,0.000000000000000000e+00,0.000000000000000000e+00,0.000000000000000000e+00,0.000000000000000000e+00,0.000000000000000000e+00,0.000000000000000000e+00,0.000000000000000000e+00,0.000000000000000000e+00,0.000000000000000000e+00,0.000000000000000000e+00,0.000000000000000000e+00,0.000000000000000000e+00,0.000000000000000000e+00,0.000000000000000000e+00,0.000000000000000000e+00,0.000000000000000000e+00,0.000000000000000000e+00,0.000000000000000000e+00,0.000000000000000000e+00,0.000000000000000000e+00,0.000000000000000000e+00,0.000000000000000000e+00,0.000000000000000000e+00,0.000000000000000000e+00,0.000000000000000000e+00,0.000000000000000000e+00,0.000000000000000000e+00,0.000000000000000000e+00,0.000000000000000000e+00,0.000000000000000000e+00,0.000000000000000000e+00,0.000000000000000000e+00,0.000000000000000000e+00,0.000000000000000000e+00,0.000000000000000000e+00,0.000000000000000000e+00,0.000000000000000000e+00,0.000000000000000000e+00,0.000000000000000000e+00,0.000000000000000000e+00,0.000000000000000000e+00,0.000000000000000000e+00,0.000000000000000000e+00,0.000000000000000000e+00,0.000000000000000000e+00,0.000000000000000000e+00,0.000000000000000000e+00,0.000000000000000000e+00,0.000000000000000000e+00,0.000000000000000000e+00,0.000000000000000000e+00,0.000000000000000000e+00,0.000000000000000000e+00,0.000000000000000000e+00,0.000000000000000000e+00,0.000000000000000000e+00,0.000000000000000000e+00,0.000000000000000000e+00,0.000000000000000000e+00,0.000000000000000000e+00,0.000000000000000000e+00,0.000000000000000000e+00,0.000000000000000000e+00,0.000000000000000000e+00,0.000000000000000000e+00,0.000000000000000000e+00,0.000000000000000000e+00,0.000000000000000000e+00,0.000000000000000000e+00,0.000000000000000000e+00,0.000000000000000000e+00,0.000000000000000000e+00,0.000000000000000000e+00,0.000000000000000000e+00,0.000000000000000000e+00,0.000000000000000000e+00,0.000000000000000000e+00,0.000000000000000000e+00,0.000000000000000000e+00,0.000000000000000000e+00,0.000000000000000000e+00,0.000000000000000000e+00,0.000000000000000000e+00,0.000000000000000000e+00,0.000000000000000000e+00,0.000000000000000000e+00,0.000000000000000000e+00,0.000000000000000000e+00,0.000000000000000000e+00,0.000000000000000000e+00,0.000000000000000000e+00,0.000000000000000000e+00,0.000000000000000000e+00,0.000000000000000000e+00,0.000000000000000000e+00,0.000000000000000000e+00,0.000000000000000000e+00,0.000000000000000000e+00,0.000000000000000000e+00,0.000000000000000000e+00,0.000000000000000000e+00,0.000000000000000000e+00,0.000000000000000000e+00,0.000000000000000000e+00,0.000000000000000000e+00,0.000000000000000000e+00,0.000000000000000000e+00,0.000000000000000000e+00,0.000000000000000000e+00,0.000000000000000000e+00,0.000000000000000000e+00,0.000000000000000000e+00,0.000000000000000000e+00,0.000000000000000000e+00,0.000000000000000000e+00,0.000000000000000000e+00,0.000000000000000000e+00,0.000000000000000000e+00,0.000000000000000000e+00,0.000000000000000000e+00,0.000000000000000000e+00,0.000000000000000000e+00,0.000000000000000000e+00,0.000000000000000000e+00,0.000000000000000000e+00,0.000000000000000000e+00,0.000000000000000000e+00,0.000000000000000000e+00,0.000000000000000000e+00,0.000000000000000000e+00,0.000000000000000000e+00,0.000000000000000000e+00,0.000000000000000000e+00,0.000000000000000000e+00,0.000000000000000000e+00,0.000000000000000000e+00,0.000000000000000000e+00,0.000000000000000000e+00,0.000000000000000000e+00,0.000000000000000000e+00,0.000000000000000000e+00,0.000000000000000000e+00,0.000000000000000000e+00,0.000000000000000000e+00,0.000000000000000000e+00,0.000000000000000000e+00,0.000000000000000000e+00,0.000000000000000000e+00,0.000000000000000000e+00,0.000000000000000000e+00,0.000000000000000000e+00,0.000000000000000000e+00,0.000000000000000000e+00,0.000000000000000000e+00,0.000000000000000000e+00,0.000000000000000000e+00,0.000000000000000000e+00,0.000000000000000000e+00,0.000000000000000000e+00,0.000000000000000000e+00,0.000000000000000000e+00,0.000000000000000000e+00,0.000000000000000000e+00,0.000000000000000000e+00,0.000000000000000000e+00,0.000000000000000000e+00,0.000000000000000000e+00,0.000000000000000000e+00,0.000000000000000000e+00,0.000000000000000000e+00,0.000000000000000000e+00,0.000000000000000000e+00,0.000000000000000000e+00,0.000000000000000000e+00,0.000000000000000000e+00,0.000000000000000000e+00,0.000000000000000000e+00,0.000000000000000000e+00,0.000000000000000000e+00,0.000000000000000000e+00,0.000000000000000000e+00,0.000000000000000000e+00,0.000000000000000000e+00,0.000000000000000000e+00,0.000000000000000000e+00,0.000000000000000000e+00,0.000000000000000000e+00,0.000000000000000000e+00,0.000000000000000000e+00,0.000000000000000000e+00,0.000000000000000000e+00,0.000000000000000000e+00,0.000000000000000000e+00,0.000000000000000000e+00,0.000000000000000000e+00,0.000000000000000000e+00,0.000000000000000000e+00,0.000000000000000000e+00,0.000000000000000000e+00,0.000000000000000000e+00,0.000000000000000000e+00,0.000000000000000000e+00,0.000000000000000000e+00,0.000000000000000000e+00,0.000000000000000000e+00,0.000000000000000000e+00,0.000000000000000000e+00,0.000000000000000000e+00,0.000000000000000000e+00,0.000000000000000000e+00,0.000000000000000000e+00,0.000000000000000000e+00,0.000000000000000000e+00,0.000000000000000000e+00,0.000000000000000000e+00,0.000000000000000000e+00,0.000000000000000000e+00,0.000000000000000000e+00,0.000000000000000000e+00,0.000000000000000000e+00,0.000000000000000000e+00,0.000000000000000000e+00,0.000000000000000000e+00,0.000000000000000000e+00,0.000000000000000000e+00,0.000000000000000000e+00,0.000000000000000000e+00,0.000000000000000000e+00,0.000000000000000000e+00,0.000000000000000000e+00,0.000000000000000000e+00,0.000000000000000000e+00,0.000000000000000000e+00,0.000000000000000000e+00,0.000000000000000000e+00,0.000000000000000000e+00,0.000000000000000000e+00,0.000000000000000000e+00,0.000000000000000000e+00,0.000000000000000000e+00,0.000000000000000000e+00,0.000000000000000000e+00,0.000000000000000000e+00,0.000000000000000000e+00,0.000000000000000000e+00,0.000000000000000000e+00,0.000000000000000000e+00,0.000000000000000000e+00,0.000000000000000000e+00,0.000000000000000000e+00,0.000000000000000000e+00,0.000000000000000000e+00,0.000000000000000000e+00,0.000000000000000000e+00,0.000000000000000000e+00,0.000000000000000000e+00,0.000000000000000000e+00,0.000000000000000000e+00,0.000000000000000000e+00,0.000000000000000000e+00,0.000000000000000000e+00,0.000000000000000000e+00,0.000000000000000000e+00,0.000000000000000000e+00,0.000000000000000000e+00,0.000000000000000000e+00,0.000000000000000000e+00,0.000000000000000000e+00,0.000000000000000000e+00,0.000000000000000000e+00,0.000000000000000000e+00,0.000000000000000000e+00,0.000000000000000000e+00,0.000000000000000000e+00,0.000000000000000000e+00,0.000000000000000000e+00,0.000000000000000000e+00,0.000000000000000000e+00,0.000000000000000000e+00,0.000000000000000000e+00,0.000000000000000000e+00,0.000000000000000000e+00,0.000000000000000000e+00,0.000000000000000000e+00,0.000000000000000000e+00,0.000000000000000000e+00,0.000000000000000000e+00,0.000000000000000000e+00,0.000000000000000000e+00,0.000000000000000000e+00,0.000000000000000000e+00,0.000000000000000000e+00,0.000000000000000000e+00,0.000000000000000000e+00,0.000000000000000000e+00,0.000000000000000000e+00,0.000000000000000000e+00,0.000000000000000000e+00,0.000000000000000000e+00,0.000000000000000000e+00,0.000000000000000000e+00,0.000000000000000000e+00,0.000000000000000000e+00,0.000000000000000000e+00,0.000000000000000000e+00,0.000000000000000000e+00,0.000000000000000000e+00,0.000000000000000000e+00,0.000000000000000000e+00,0.000000000000000000e+00,0.000000000000000000e+00,0.000000000000000000e+00,0.000000000000000000e+00,0.000000000000000000e+00,0.000000000000000000e+00,0.000000000000000000e+00,0.000000000000000000e+00,0.000000000000000000e+00,0.000000000000000000e+00,0.000000000000000000e+00,0.000000000000000000e+00,0.000000000000000000e+00,0.000000000000000000e+00,0.000000000000000000e+00,0.000000000000000000e+00,0.000000000000000000e+00,0.000000000000000000e+00,0.000000000000000000e+00,0.000000000000000000e+00,0.000000000000000000e+00,0.000000000000000000e+00,0.000000000000000000e+00,0.000000000000000000e+00,0.000000000000000000e+00,0.000000000000000000e+00,0.000000000000000000e+00,0.000000000000000000e+00,0.000000000000000000e+00,0.000000000000000000e+00,0.000000000000000000e+00,0.000000000000000000e+00,0.000000000000000000e+00,0.000000000000000000e+00,0.000000000000000000e+00,0.000000000000000000e+00,0.000000000000000000e+00,0.000000000000000000e+00,0.000000000000000000e+00,0.000000000000000000e+00,0.000000000000000000e+00,0.000000000000000000e+00,0.000000000000000000e+00,0.000000000000000000e+00,0.000000000000000000e+00,0.000000000000000000e+00,0.000000000000000000e+00,0.000000000000000000e+00,0.000000000000000000e+00,0.000000000000000000e+00,0.000000000000000000e+00,0.000000000000000000e+00,0.000000000000000000e+00,0.000000000000000000e+00,0.000000000000000000e+00,0.000000000000000000e+00,0.000000000000000000e+00,0.000000000000000000e+00,0.000000000000000000e+00,0.000000000000000000e+00,0.000000000000000000e+00,0.000000000000000000e+00,0.000000000000000000e+00,0.000000000000000000e+00,0.000000000000000000e+00,0.000000000000000000e+00,0.000000000000000000e+00,0.000000000000000000e+00,0.000000000000000000e+00,0.000000000000000000e+00,0.000000000000000000e+00,0.000000000000000000e+00,0.000000000000000000e+00,0.000000000000000000e+00,0.000000000000000000e+00,0.000000000000000000e+00,0.000000000000000000e+00,0.000000000000000000e+00,0.000000000000000000e+00,0.000000000000000000e+00,0.000000000000000000e+00,0.000000000000000000e+00,0.000000000000000000e+00,0.000000000000000000e+00,0.000000000000000000e+00,0.000000000000000000e+00,0.000000000000000000e+00,0.000000000000000000e+00,0.000000000000000000e+00,0.000000000000000000e+00,0.000000000000000000e+00,0.000000000000000000e+00,0.000000000000000000e+00,0.000000000000000000e+00,0.000000000000000000e+00,0.000000000000000000e+00,0.000000000000000000e+00,0.000000000000000000e+00,0.000000000000000000e+00,0.000000000000000000e+00,0.000000000000000000e+00,0.000000000000000000e+00,0.000000000000000000e+00,0.000000000000000000e+00,0.000000000000000000e+00,0.000000000000000000e+00,0.000000000000000000e+00,0.000000000000000000e+00,0.000000000000000000e+00,0.000000000000000000e+00,0.000000000000000000e+00,0.000000000000000000e+00,0.000000000000000000e+00,0.000000000000000000e+00,0.000000000000000000e+00,0.000000000000000000e+00,0.000000000000000000e+00,0.000000000000000000e+00,0.000000000000000000e+00,0.000000000000000000e+00,0.000000000000000000e+00,0.000000000000000000e+00,0.000000000000000000e+00,0.000000000000000000e+00,0.000000000000000000e+00,0.000000000000000000e+00,0.000000000000000000e+00,0.000000000000000000e+00,0.000000000000000000e+00,0.000000000000000000e+00,0.000000000000000000e+00,0.000000000000000000e+00,0.000000000000000000e+00,0.000000000000000000e+00,0.000000000000000000e+00,0.000000000000000000e+00,0.000000000000000000e+00,0.000000000000000000e+00,0.000000000000000000e+00,0.000000000000000000e+00,0.000000000000000000e+00,0.000000000000000000e+00,0.000000000000000000e+00,0.000000000000000000e+00,0.000000000000000000e+00,0.000000000000000000e+00,0.000000000000000000e+00,0.000000000000000000e+00,0.000000000000000000e+00,0.000000000000000000e+00,0.000000000000000000e+00,0.000000000000000000e+00,0.000000000000000000e+00,0.000000000000000000e+00,0.000000000000000000e+00,0.000000000000000000e+00,0.000000000000000000e+00,0.000000000000000000e+00,0.000000000000000000e+00,0.000000000000000000e+00,0.000000000000000000e+00,0.000000000000000000e+00,0.000000000000000000e+00,0.000000000000000000e+00,0.000000000000000000e+00,0.000000000000000000e+00,0.000000000000000000e+00,0.000000000000000000e+00,0.000000000000000000e+00,0.000000000000000000e+00,0.000000000000000000e+00,0.000000000000000000e+00,0.000000000000000000e+00,0.000000000000000000e+00,0.000000000000000000e+00,0.000000000000000000e+00,0.000000000000000000e+00,0.000000000000000000e+00,0.000000000000000000e+00,0.000000000000000000e+00,0.000000000000000000e+00,0.000000000000000000e+00,0.000000000000000000e+00,0.000000000000000000e+00,0.000000000000000000e+00,0.000000000000000000e+00,0.000000000000000000e+00,0.000000000000000000e+00,0.000000000000000000e+00,0.000000000000000000e+00,0.000000000000000000e+00,0.000000000000000000e+00,0.000000000000000000e+00,0.000000000000000000e+00,0.000000000000000000e+00,0.000000000000000000e+00,0.000000000000000000e+00,0.000000000000000000e+00,0.000000000000000000e+00,0.000000000000000000e+00,0.000000000000000000e+00,0.000000000000000000e+00,0.000000000000000000e+00,0.000000000000000000e+00,0.000000000000000000e+00,0.000000000000000000e+00,0.000000000000000000e+00,0.000000000000000000e+00,0.000000000000000000e+00,0.000000000000000000e+00,0.000000000000000000e+00,0.000000000000000000e+00,0.000000000000000000e+00,0.000000000000000000e+00,0.000000000000000000e+00,0.000000000000000000e+00,0.000000000000000000e+00,0.000000000000000000e+00,0.000000000000000000e+00,0.000000000000000000e+00,0.000000000000000000e+00,0.000000000000000000e+00,0.000000000000000000e+00,0.000000000000000000e+00,0.000000000000000000e+00,0.000000000000000000e+00,0.000000000000000000e+00,0.000000000000000000e+00,0.000000000000000000e+00,0.000000000000000000e+00,0.000000000000000000e+00,0.000000000000000000e+00,0.000000000000000000e+00,0.000000000000000000e+00,0.000000000000000000e+00,0.000000000000000000e+00,0.000000000000000000e+00,0.000000000000000000e+00,0.000000000000000000e+00,0.000000000000000000e+00,0.000000000000000000e+00,0.000000000000000000e+00,0.000000000000000000e+00,0.000000000000000000e+00,0.000000000000000000e+00,0.000000000000000000e+00,0.000000000000000000e+00,0.000000000000000000e+00,0.000000000000000000e+00,0.000000000000000000e+00,0.000000000000000000e+00,0.000000000000000000e+00,0.000000000000000000e+00,0.000000000000000000e+00,0.000000000000000000e+00,0.000000000000000000e+00,0.000000000000000000e+00,0.000000000000000000e+00,0.000000000000000000e+00,0.000000000000000000e+00,0.000000000000000000e+00,0.000000000000000000e+00,0.000000000000000000e+00,0.000000000000000000e+00,0.000000000000000000e+00,0.000000000000000000e+00,0.000000000000000000e+00,0.000000000000000000e+00,0.000000000000000000e+00,0.000000000000000000e+00,0.000000000000000000e+00,0.000000000000000000e+00,0.000000000000000000e+00,0.000000000000000000e+00,0.000000000000000000e+00,0.000000000000000000e+00,0.000000000000000000e+00,0.000000000000000000e+00,0.000000000000000000e+00,0.000000000000000000e+00,0.000000000000000000e+00,0.000000000000000000e+00,0.000000000000000000e+00,0.000000000000000000e+00,0.000000000000000000e+00,0.000000000000000000e+00,0.000000000000000000e+00,0.000000000000000000e+00,0.000000000000000000e+00,0.000000000000000000e+00,0.000000000000000000e+00,0.000000000000000000e+00,0.000000000000000000e+00,0.000000000000000000e+00,0.000000000000000000e+00,0.000000000000000000e+00,0.000000000000000000e+00,0.000000000000000000e+00,0.000000000000000000e+00,0.000000000000000000e+00,0.000000000000000000e+00,0.000000000000000000e+00,0.000000000000000000e+00,0.000000000000000000e+00,0.000000000000000000e+00,0.000000000000000000e+00,0.000000000000000000e+00,0.000000000000000000e+00,0.000000000000000000e+00,0.000000000000000000e+00,0.000000000000000000e+00,0.000000000000000000e+00,0.000000000000000000e+00,0.000000000000000000e+00,0.000000000000000000e+00,0.000000000000000000e+00,0.000000000000000000e+00,0.000000000000000000e+00,0.000000000000000000e+00,0.000000000000000000e+00,0.000000000000000000e+00,0.000000000000000000e+00,0.000000000000000000e+00,0.000000000000000000e+00,0.000000000000000000e+00,0.000000000000000000e+00,0.000000000000000000e+00,0.000000000000000000e+00,0.000000000000000000e+00,0.000000000000000000e+00,0.000000000000000000e+00,0.000000000000000000e+00,0.000000000000000000e+00,0.000000000000000000e+00,0.000000000000000000e+00,0.000000000000000000e+00,0.000000000000000000e+00,0.000000000000000000e+00,0.000000000000000000e+00,0.000000000000000000e+00,0.000000000000000000e+00,0.000000000000000000e+00,0.000000000000000000e+00,0.000000000000000000e+00,0.000000000000000000e+00,0.000000000000000000e+00,0.000000000000000000e+00,0.000000000000000000e+00,0.000000000000000000e+00,0.000000000000000000e+00,0.000000000000000000e+00,0.000000000000000000e+00,0.000000000000000000e+00,0.000000000000000000e+00,0.000000000000000000e+00,0.000000000000000000e+00,0.000000000000000000e+00,0.000000000000000000e+00,0.000000000000000000e+00,0.000000000000000000e+00,0.000000000000000000e+00,0.000000000000000000e+00,0.000000000000000000e+00,0.000000000000000000e+00,0.000000000000000000e+00,0.000000000000000000e+00,0.000000000000000000e+00,0.000000000000000000e+00,0.000000000000000000e+00,0.000000000000000000e+00,0.000000000000000000e+00,0.000000000000000000e+00,0.000000000000000000e+00,0.000000000000000000e+00,0.000000000000000000e+00,0.000000000000000000e+00,0.000000000000000000e+00,0.000000000000000000e+00,0.000000000000000000e+00,0.000000000000000000e+00,0.000000000000000000e+00,0.000000000000000000e+00,0.000000000000000000e+00,0.000000000000000000e+00,0.000000000000000000e+00,0.000000000000000000e+00,0.000000000000000000e+00,0.000000000000000000e+00,0.000000000000000000e+00,0.000000000000000000e+00,0.000000000000000000e+00,0.000000000000000000e+00,0.000000000000000000e+00,0.000000000000000000e+00,0.000000000000000000e+00,0.000000000000000000e+00,0.000000000000000000e+00,0.000000000000000000e+00,0.000000000000000000e+00,0.000000000000000000e+00,0.000000000000000000e+00,0.000000000000000000e+00,0.000000000000000000e+00,0.000000000000000000e+00,0.000000000000000000e+00,0.000000000000000000e+00,0.000000000000000000e+00,0.000000000000000000e+00,0.000000000000000000e+00,0.000000000000000000e+00,0.000000000000000000e+00,0.000000000000000000e+00,0.000000000000000000e+00,0.000000000000000000e+00,0.000000000000000000e+00,0.000000000000000000e+00,0.000000000000000000e+00,0.000000000000000000e+00,0.000000000000000000e+00,0.000000000000000000e+00,0.000000000000000000e+00,0.000000000000000000e+00,0.000000000000000000e+00,0.000000000000000000e+00,0.000000000000000000e+00,0.000000000000000000e+00,0.000000000000000000e+00,0.000000000000000000e+00,0.000000000000000000e+00,0.000000000000000000e+00,0.000000000000000000e+00,0.000000000000000000e+00,0.000000000000000000e+00,0.000000000000000000e+00,0.000000000000000000e+00,0.000000000000000000e+00,0.000000000000000000e+00,0.000000000000000000e+00,0.000000000000000000e+00,0.000000000000000000e+00,0.000000000000000000e+00,0.000000000000000000e+00,0.000000000000000000e+00,0.000000000000000000e+00,0.000000000000000000e+00,0.000000000000000000e+00,0.000000000000000000e+00,0.000000000000000000e+00,0.000000000000000000e+00,0.000000000000000000e+00,0.000000000000000000e+00,0.000000000000000000e+00,0.000000000000000000e+00,0.000000000000000000e+00,0.000000000000000000e+00,0.000000000000000000e+00,0.000000000000000000e+00,0.000000000000000000e+00,0.000000000000000000e+00,0.000000000000000000e+00,0.000000000000000000e+00,0.000000000000000000e+00,0.000000000000000000e+00,0.000000000000000000e+00,0.000000000000000000e+00,0.000000000000000000e+00,0.000000000000000000e+00,0.000000000000000000e+00,0.000000000000000000e+00,0.000000000000000000e+00,0.000000000000000000e+00,0.000000000000000000e+00,0.000000000000000000e+00,0.000000000000000000e+00,0.000000000000000000e+00,0.000000000000000000e+00,0.000000000000000000e+00,0.000000000000000000e+00,0.000000000000000000e+00,0.000000000000000000e+00,0.000000000000000000e+00,0.000000000000000000e+00,0.000000000000000000e+00,0.000000000000000000e+00,0.000000000000000000e+00,0.000000000000000000e+00,0.000000000000000000e+00,0.000000000000000000e+00,0.000000000000000000e+00,0.000000000000000000e+00,0.000000000000000000e+00,0.000000000000000000e+00,0.000000000000000000e+00,0.000000000000000000e+00,0.000000000000000000e+00,0.000000000000000000e+00,0.000000000000000000e+00,0.000000000000000000e+00,0.000000000000000000e+00,0.000000000000000000e+00,0.000000000000000000e+00,0.000000000000000000e+00,0.000000000000000000e+00,0.000000000000000000e+00,0.000000000000000000e+00,0.000000000000000000e+00,0.000000000000000000e+00,0.000000000000000000e+00,0.000000000000000000e+00,0.000000000000000000e+00,0.000000000000000000e+00,0.000000000000000000e+00,0.000000000000000000e+00,0.000000000000000000e+00,0.000000000000000000e+00,0.000000000000000000e+00,0.000000000000000000e+00,0.000000000000000000e+00,0.000000000000000000e+00,0.000000000000000000e+00,0.000000000000000000e+00,0.000000000000000000e+00,0.000000000000000000e+00,0.000000000000000000e+00,0.000000000000000000e+00,0.000000000000000000e+00,0.000000000000000000e+00,0.000000000000000000e+00,0.000000000000000000e+00,0.000000000000000000e+00,0.000000000000000000e+00,0.000000000000000000e+00,0.000000000000000000e+00,0.000000000000000000e+00,0.000000000000000000e+00,0.000000000000000000e+00,0.000000000000000000e+00,0.000000000000000000e+00,0.000000000000000000e+00,0.000000000000000000e+00,0.000000000000000000e+00,0.000000000000000000e+00,0.000000000000000000e+00,0.000000000000000000e+00,0.000000000000000000e+00,0.000000000000000000e+00,0.000000000000000000e+00,0.000000000000000000e+00,0.000000000000000000e+00,0.000000000000000000e+00,0.000000000000000000e+00,0.000000000000000000e+00,0.000000000000000000e+00,0.000000000000000000e+00,0.000000000000000000e+00,0.000000000000000000e+00,0.000000000000000000e+00,0.000000000000000000e+00,0.000000000000000000e+00,0.000000000000000000e+00,0.000000000000000000e+00,0.000000000000000000e+00,0.000000000000000000e+00,0.000000000000000000e+00,0.000000000000000000e+00,0.000000000000000000e+00,0.000000000000000000e+00,0.000000000000000000e+00,0.000000000000000000e+00,0.000000000000000000e+00,0.000000000000000000e+00,0.000000000000000000e+00,0.000000000000000000e+00,0.000000000000000000e+00,0.000000000000000000e+00,0.000000000000000000e+00,0.000000000000000000e+00,0.000000000000000000e+00,0.000000000000000000e+00,0.000000000000000000e+00,0.000000000000000000e+00,0.000000000000000000e+00,0.000000000000000000e+00,0.000000000000000000e+00,0.000000000000000000e+00,0.000000000000000000e+00,0.000000000000000000e+00,0.000000000000000000e+00,0.000000000000000000e+00,0.000000000000000000e+00,0.000000000000000000e+00,0.000000000000000000e+00,0.000000000000000000e+00,0.000000000000000000e+00,0.000000000000000000e+00,0.000000000000000000e+00,0.000000000000000000e+00,0.000000000000000000e+00,0.000000000000000000e+00,0.000000000000000000e+00,0.000000000000000000e+00,0.000000000000000000e+00,0.000000000000000000e+00,0.000000000000000000e+00,0.000000000000000000e+00,0.000000000000000000e+00,0.000000000000000000e+00,0.000000000000000000e+00,0.000000000000000000e+00,0.000000000000000000e+00,0.000000000000000000e+00,0.000000000000000000e+00,0.000000000000000000e+00,0.000000000000000000e+00,0.000000000000000000e+00,0.000000000000000000e+00,0.000000000000000000e+00,0.000000000000000000e+00,0.000000000000000000e+00,0.000000000000000000e+00,0.000000000000000000e+00,0.000000000000000000e+00,0.000000000000000000e+00,0.000000000000000000e+00,0.000000000000000000e+00,0.000000000000000000e+00,0.000000000000000000e+00,0.000000000000000000e+00,0.000000000000000000e+00,0.000000000000000000e+00,0.000000000000000000e+00,0.000000000000000000e+00,0.000000000000000000e+00,0.000000000000000000e+00,0.000000000000000000e+00,0.000000000000000000e+00,0.000000000000000000e+00,0.000000000000000000e+00,0.000000000000000000e+00,0.000000000000000000e+00,0.000000000000000000e+00,0.000000000000000000e+00,0.000000000000000000e+00,0.000000000000000000e+00,0.000000000000000000e+00,0.000000000000000000e+00,0.000000000000000000e+00,0.000000000000000000e+00,0.000000000000000000e+00,0.000000000000000000e+00,0.000000000000000000e+00,0.000000000000000000e+00,0.000000000000000000e+00,0.000000000000000000e+00,0.000000000000000000e+00,0.000000000000000000e+00,0.000000000000000000e+00,0.000000000000000000e+00,0.000000000000000000e+00,0.000000000000000000e+00,0.000000000000000000e+00,0.000000000000000000e+00,0.000000000000000000e+00,0.000000000000000000e+00,0.000000000000000000e+00,0.000000000000000000e+00,0.000000000000000000e+00,0.000000000000000000e+00,0.000000000000000000e+00,0.000000000000000000e+00,0.000000000000000000e+00,0.000000000000000000e+00,0.000000000000000000e+00,0.000000000000000000e+00,0.000000000000000000e+00,0.000000000000000000e+00,0.000000000000000000e+00,0.000000000000000000e+00,0.000000000000000000e+00,0.000000000000000000e+00,0.000000000000000000e+00,0.000000000000000000e+00,0.000000000000000000e+00,0.000000000000000000e+00,0.000000000000000000e+00,0.000000000000000000e+00,0.000000000000000000e+00,0.000000000000000000e+00,0.000000000000000000e+00,0.000000000000000000e+00,0.000000000000000000e+00,0.000000000000000000e+00,0.000000000000000000e+00,0.000000000000000000e+00,0.000000000000000000e+00,0.000000000000000000e+00,0.000000000000000000e+00,0.000000000000000000e+00,0.000000000000000000e+00,0.000000000000000000e+00,0.000000000000000000e+00,0.000000000000000000e+00,0.000000000000000000e+00,0.000000000000000000e+00,0.000000000000000000e+00,0.000000000000000000e+00,0.000000000000000000e+00,0.000000000000000000e+00,0.000000000000000000e+00,0.000000000000000000e+00,0.000000000000000000e+00,0.000000000000000000e+00,0.000000000000000000e+00,0.000000000000000000e+00,0.000000000000000000e+00,0.000000000000000000e+00,0.000000000000000000e+00,0.000000000000000000e+00,0.000000000000000000e+00,0.000000000000000000e+00,0.000000000000000000e+00,0.000000000000000000e+00,0.000000000000000000e+00,0.000000000000000000e+00,0.000000000000000000e+00,0.000000000000000000e+00,0.000000000000000000e+00,0.000000000000000000e+00,0.000000000000000000e+00,0.000000000000000000e+00,0.000000000000000000e+00,0.000000000000000000e+00,0.000000000000000000e+00,0.000000000000000000e+00,0.000000000000000000e+00,0.000000000000000000e+00,0.000000000000000000e+00,0.000000000000000000e+00,0.000000000000000000e+00,0.000000000000000000e+00,0.000000000000000000e+00,0.000000000000000000e+00,0.000000000000000000e+00,0.000000000000000000e+00,0.000000000000000000e+00,0.000000000000000000e+00,0.000000000000000000e+00,0.000000000000000000e+00,0.000000000000000000e+00,0.000000000000000000e+00,0.000000000000000000e+00,0.000000000000000000e+00,0.000000000000000000e+00,0.000000000000000000e+00,0.000000000000000000e+00,0.000000000000000000e+00,0.000000000000000000e+00,0.000000000000000000e+00,0.000000000000000000e+00,0.000000000000000000e+00,0.000000000000000000e+00,0.000000000000000000e+00,0.000000000000000000e+00,0.000000000000000000e+00,0.000000000000000000e+00,0.000000000000000000e+00,0.000000000000000000e+00,0.000000000000000000e+00,0.000000000000000000e+00,0.000000000000000000e+00,0.000000000000000000e+00,0.000000000000000000e+00,0.000000000000000000e+00,0.000000000000000000e+00,0.000000000000000000e+00,0.000000000000000000e+00,0.000000000000000000e+00,0.000000000000000000e+00,0.000000000000000000e+00,0.000000000000000000e+00,0.000000000000000000e+00,0.000000000000000000e+00,0.000000000000000000e+00,0.000000000000000000e+00,0.000000000000000000e+00,0.000000000000000000e+00,0.000000000000000000e+00,0.000000000000000000e+00,0.000000000000000000e+00,0.000000000000000000e+00,0.000000000000000000e+00,0.000000000000000000e+00,0.000000000000000000e+00,0.000000000000000000e+00,0.000000000000000000e+00,0.000000000000000000e+00,0.000000000000000000e+00,0.000000000000000000e+00,0.000000000000000000e+00,0.000000000000000000e+00,0.000000000000000000e+00,0.000000000000000000e+00,0.000000000000000000e+00,0.000000000000000000e+00,0.000000000000000000e+00,0.000000000000000000e+00,0.000000000000000000e+00,0.000000000000000000e+00,0.000000000000000000e+00,0.000000000000000000e+00,0.000000000000000000e+00,0.000000000000000000e+00,0.000000000000000000e+00,0.000000000000000000e+00,0.000000000000000000e+00,0.000000000000000000e+00,0.000000000000000000e+00,0.000000000000000000e+00,0.000000000000000000e+00,0.000000000000000000e+00,0.000000000000000000e+00,0.000000000000000000e+00,0.000000000000000000e+00,0.000000000000000000e+00,0.000000000000000000e+00,0.000000000000000000e+00,0.000000000000000000e+00,0.000000000000000000e+00,0.000000000000000000e+00,0.000000000000000000e+00,0.000000000000000000e+00,0.000000000000000000e+00,0.000000000000000000e+00,0.000000000000000000e+00,0.000000000000000000e+00,0.000000000000000000e+00,0.000000000000000000e+00,0.000000000000000000e+00,0.000000000000000000e+00,0.000000000000000000e+00,0.000000000000000000e+00,0.000000000000000000e+00,0.000000000000000000e+00,0.000000000000000000e+00,0.000000000000000000e+00,0.000000000000000000e+00,0.000000000000000000e+00,0.000000000000000000e+00,0.000000000000000000e+00,0.000000000000000000e+00,0.000000000000000000e+00,0.000000000000000000e+00,0.000000000000000000e+00,0.000000000000000000e+00,0.000000000000000000e+00,0.000000000000000000e+00,0.000000000000000000e+00,0.000000000000000000e+00,0.000000000000000000e+00,0.000000000000000000e+00,0.000000000000000000e+00,0.000000000000000000e+00,0.000000000000000000e+00,0.000000000000000000e+00,0.000000000000000000e+00,0.000000000000000000e+00,0.000000000000000000e+00,0.000000000000000000e+00,0.000000000000000000e+00,0.000000000000000000e+00,0.000000000000000000e+00,0.000000000000000000e+00,0.000000000000000000e+00,0.000000000000000000e+00,0.000000000000000000e+00,0.000000000000000000e+00,0.000000000000000000e+00,0.000000000000000000e+00,0.000000000000000000e+00,0.000000000000000000e+00,0.000000000000000000e+00,0.000000000000000000e+00,0.000000000000000000e+00,0.000000000000000000e+00,0.000000000000000000e+00,0.000000000000000000e+00,0.000000000000000000e+00,0.000000000000000000e+00,0.000000000000000000e+00,0.000000000000000000e+00,0.000000000000000000e+00,0.000000000000000000e+00,0.000000000000000000e+00,0.000000000000000000e+00,0.000000000000000000e+00,0.000000000000000000e+00,0.000000000000000000e+00,0.000000000000000000e+00,0.000000000000000000e+00,0.000000000000000000e+00,0.000000000000000000e+00,0.000000000000000000e+00,0.000000000000000000e+00,0.000000000000000000e+00,0.000000000000000000e+00,0.000000000000000000e+00,0.000000000000000000e+00,0.000000000000000000e+00,0.000000000000000000e+00,0.000000000000000000e+00,0.000000000000000000e+00,0.000000000000000000e+00,0.000000000000000000e+00,0.000000000000000000e+00,0.000000000000000000e+00,0.000000000000000000e+00,0.000000000000000000e+00,0.000000000000000000e+00,0.000000000000000000e+00,0.000000000000000000e+00,0.000000000000000000e+00,0.000000000000000000e+00,0.000000000000000000e+00,0.000000000000000000e+00,0.000000000000000000e+00,0.000000000000000000e+00,0.000000000000000000e+00,0.000000000000000000e+00,0.000000000000000000e+00,0.000000000000000000e+00,0.000000000000000000e+00,0.000000000000000000e+00,0.000000000000000000e+00,0.000000000000000000e+00,0.000000000000000000e+00,0.000000000000000000e+00,0.000000000000000000e+00,0.000000000000000000e+00,0.000000000000000000e+00,0.000000000000000000e+00,0.000000000000000000e+00,0.000000000000000000e+00,0.000000000000000000e+00,0.000000000000000000e+00,0.000000000000000000e+00,0.000000000000000000e+00,0.000000000000000000e+00,0.000000000000000000e+00,0.000000000000000000e+00,0.000000000000000000e+00,0.000000000000000000e+00,0.000000000000000000e+00,0.000000000000000000e+00,0.000000000000000000e+00,0.000000000000000000e+00,0.000000000000000000e+00,0.000000000000000000e+00,0.000000000000000000e+00,0.000000000000000000e+00,0.000000000000000000e+00,0.000000000000000000e+00,0.000000000000000000e+00,0.000000000000000000e+00,0.000000000000000000e+00,0.000000000000000000e+00,0.000000000000000000e+00,0.000000000000000000e+00,0.000000000000000000e+00,0.000000000000000000e+00,0.000000000000000000e+00,0.000000000000000000e+00,0.000000000000000000e+00,0.000000000000000000e+00,0.000000000000000000e+00,0.000000000000000000e+00,0.000000000000000000e+00,0.000000000000000000e+00,0.000000000000000000e+00,0.000000000000000000e+00,0.000000000000000000e+00,0.000000000000000000e+00,0.000000000000000000e+00,0.000000000000000000e+00,0.000000000000000000e+00,0.000000000000000000e+00,0.000000000000000000e+00,0.000000000000000000e+00,0.000000000000000000e+00,0.000000000000000000e+00,0.000000000000000000e+00,0.000000000000000000e+00,0.000000000000000000e+00,0.000000000000000000e+00,0.000000000000000000e+00,0.000000000000000000e+00,0.000000000000000000e+00,0.000000000000000000e+00,0.000000000000000000e+00,0.000000000000000000e+00,0.000000000000000000e+00,0.000000000000000000e+00,0.000000000000000000e+00,0.000000000000000000e+00,0.000000000000000000e+00,0.000000000000000000e+00,0.000000000000000000e+00,0.000000000000000000e+00,0.000000000000000000e+00,0.000000000000000000e+00,0.000000000000000000e+00,0.000000000000000000e+00,0.000000000000000000e+00,0.000000000000000000e+00,0.000000000000000000e+00,0.000000000000000000e+00,0.000000000000000000e+00,0.000000000000000000e+00,0.000000000000000000e+00,0.000000000000000000e+00,0.000000000000000000e+00,0.000000000000000000e+00,0.000000000000000000e+00,0.000000000000000000e+00,0.000000000000000000e+00,0.000000000000000000e+00,0.000000000000000000e+00,0.000000000000000000e+00,0.000000000000000000e+00,0.000000000000000000e+00,0.000000000000000000e+00,0.000000000000000000e+00,0.000000000000000000e+00,0.000000000000000000e+00,0.000000000000000000e+00,0.000000000000000000e+00,0.000000000000000000e+00,0.000000000000000000e+00,0.000000000000000000e+00,0.000000000000000000e+00,0.000000000000000000e+00,0.000000000000000000e+00,0.000000000000000000e+00,0.000000000000000000e+00,0.000000000000000000e+00,0.000000000000000000e+00,0.000000000000000000e+00,0.000000000000000000e+00,0.000000000000000000e+00,0.000000000000000000e+00,0.000000000000000000e+00,0.000000000000000000e+00,0.000000000000000000e+00,0.000000000000000000e+00,0.000000000000000000e+00,0.000000000000000000e+00,0.000000000000000000e+00,0.000000000000000000e+00,0.000000000000000000e+00,0.000000000000000000e+00,0.000000000000000000e+00,0.000000000000000000e+00,0.000000000000000000e+00,0.000000000000000000e+00,0.000000000000000000e+00,0.000000000000000000e+00,0.000000000000000000e+00,0.000000000000000000e+00,0.000000000000000000e+00,0.000000000000000000e+00,0.000000000000000000e+00,0.000000000000000000e+00,0.000000000000000000e+00,0.000000000000000000e+00,0.000000000000000000e+00,0.000000000000000000e+00,0.000000000000000000e+00,0.000000000000000000e+00,0.000000000000000000e+00,0.000000000000000000e+00,0.000000000000000000e+00,0.000000000000000000e+00,0.000000000000000000e+00,0.000000000000000000e+00,0.000000000000000000e+00,0.000000000000000000e+00,0.000000000000000000e+00,0.000000000000000000e+00,0.000000000000000000e+00,0.000000000000000000e+00,0.000000000000000000e+00,0.000000000000000000e+00,0.000000000000000000e+00,0.000000000000000000e+00,0.000000000000000000e+00,0.000000000000000000e+00,0.000000000000000000e+00,0.000000000000000000e+00,0.000000000000000000e+00,0.000000000000000000e+00,0.000000000000000000e+00,0.000000000000000000e+00,0.000000000000000000e+00,0.000000000000000000e+00,0.000000000000000000e+00,0.000000000000000000e+00,0.000000000000000000e+00,0.000000000000000000e+00,0.000000000000000000e+00,0.000000000000000000e+00,0.000000000000000000e+00,0.000000000000000000e+00,0.000000000000000000e+00,0.000000000000000000e+00,0.000000000000000000e+00,0.000000000000000000e+00,0.000000000000000000e+00,0.000000000000000000e+00,0.000000000000000000e+00,0.000000000000000000e+00,0.000000000000000000e+00,0.000000000000000000e+00,0.000000000000000000e+00,0.000000000000000000e+00,0.000000000000000000e+00,0.000000000000000000e+00,0.000000000000000000e+00,0.000000000000000000e+00,0.000000000000000000e+00,0.000000000000000000e+00,0.000000000000000000e+00,0.000000000000000000e+00,0.000000000000000000e+00,0.000000000000000000e+00,0.000000000000000000e+00,0.000000000000000000e+00,0.000000000000000000e+00,0.000000000000000000e+00,0.000000000000000000e+00,0.000000000000000000e+00,0.000000000000000000e+00,0.000000000000000000e+00,0.000000000000000000e+00,0.000000000000000000e+00,0.000000000000000000e+00,0.000000000000000000e+00,0.000000000000000000e+00,0.000000000000000000e+00,0.000000000000000000e+00,0.000000000000000000e+00,0.000000000000000000e+00,0.000000000000000000e+00,0.000000000000000000e+00,0.000000000000000000e+00,0.000000000000000000e+00,0.000000000000000000e+00,0.000000000000000000e+00,0.000000000000000000e+00,0.000000000000000000e+00,0.000000000000000000e+00,0.000000000000000000e+00,0.000000000000000000e+00,0.000000000000000000e+00,0.000000000000000000e+00,0.000000000000000000e+00,0.000000000000000000e+00,0.000000000000000000e+00,0.000000000000000000e+00,0.000000000000000000e+00,0.000000000000000000e+00,0.000000000000000000e+00,0.000000000000000000e+00,0.000000000000000000e+00,0.000000000000000000e+00,0.000000000000000000e+00,0.000000000000000000e+00,0.000000000000000000e+00,0.000000000000000000e+00,0.000000000000000000e+00,0.000000000000000000e+00,0.000000000000000000e+00,0.000000000000000000e+00,0.000000000000000000e+00,0.000000000000000000e+00,0.000000000000000000e+00,0.000000000000000000e+00,0.000000000000000000e+00,0.000000000000000000e+00,0.000000000000000000e+00,0.000000000000000000e+00,0.000000000000000000e+00,0.000000000000000000e+00,0.000000000000000000e+00,0.000000000000000000e+00,0.000000000000000000e+00,0.000000000000000000e+00,0.000000000000000000e+00,0.000000000000000000e+00,0.000000000000000000e+00,0.000000000000000000e+00,0.000000000000000000e+00,0.000000000000000000e+00,0.000000000000000000e+00,0.000000000000000000e+00,0.000000000000000000e+00,0.000000000000000000e+00,0.000000000000000000e+00,0.000000000000000000e+00,0.000000000000000000e+00,0.000000000000000000e+00,0.000000000000000000e+00,0.000000000000000000e+00,0.000000000000000000e+00,0.000000000000000000e+00,0.000000000000000000e+00,0.000000000000000000e+00,0.000000000000000000e+00,0.000000000000000000e+00,0.000000000000000000e+00,0.000000000000000000e+00,0.000000000000000000e+00,0.000000000000000000e+00,0.000000000000000000e+00,0.000000000000000000e+00,0.000000000000000000e+00,0.000000000000000000e+00,0.000000000000000000e+00,0.000000000000000000e+00,0.000000000000000000e+00,0.000000000000000000e+00,0.000000000000000000e+00,0.000000000000000000e+00,0.000000000000000000e+00,0.000000000000000000e+00,0.000000000000000000e+00,0.000000000000000000e+00,0.000000000000000000e+00,0.000000000000000000e+00,0.000000000000000000e+00,0.000000000000000000e+00,0.000000000000000000e+00,0.000000000000000000e+00,0.000000000000000000e+00,0.000000000000000000e+00,0.000000000000000000e+00,0.000000000000000000e+00,0.000000000000000000e+00,0.000000000000000000e+00,0.000000000000000000e+00,0.000000000000000000e+00,0.000000000000000000e+00,0.000000000000000000e+00,0.000000000000000000e+00,0.000000000000000000e+00,0.000000000000000000e+00,0.000000000000000000e+00,0.000000000000000000e+00,0.000000000000000000e+00,0.000000000000000000e+00,0.000000000000000000e+00,0.000000000000000000e+00,0.000000000000000000e+00,0.000000000000000000e+00,0.000000000000000000e+00,0.000000000000000000e+00,0.000000000000000000e+00,0.000000000000000000e+00,0.000000000000000000e+00,0.000000000000000000e+00,0.000000000000000000e+00,0.000000000000000000e+00,0.000000000000000000e+00,0.000000000000000000e+00,0.000000000000000000e+00,0.000000000000000000e+00,0.000000000000000000e+00,0.000000000000000000e+00,0.000000000000000000e+00,0.000000000000000000e+00,0.000000000000000000e+00,0.000000000000000000e+00,0.000000000000000000e+00,0.000000000000000000e+00,0.000000000000000000e+00,0.000000000000000000e+00,0.000000000000000000e+00,0.000000000000000000e+00,0.000000000000000000e+00,0.000000000000000000e+00,0.000000000000000000e+00,0.000000000000000000e+00,0.000000000000000000e+00,0.000000000000000000e+00,0.000000000000000000e+00,0.000000000000000000e+00,0.000000000000000000e+00,0.000000000000000000e+00,0.000000000000000000e+00,0.000000000000000000e+00,0.000000000000000000e+00,0.000000000000000000e+00,0.000000000000000000e+00,0.000000000000000000e+00,0.000000000000000000e+00,0.000000000000000000e+00,0.000000000000000000e+00,0.000000000000000000e+00,0.000000000000000000e+00,0.000000000000000000e+00,0.000000000000000000e+00,0.000000000000000000e+00,0.000000000000000000e+00,0.000000000000000000e+00,0.000000000000000000e+00,0.000000000000000000e+00,0.000000000000000000e+00,0.000000000000000000e+00,0.000000000000000000e+00,0.000000000000000000e+00,0.000000000000000000e+00,0.000000000000000000e+00,0.000000000000000000e+00,0.000000000000000000e+00,0.000000000000000000e+00,0.000000000000000000e+00,0.000000000000000000e+00,0.000000000000000000e+00,0.000000000000000000e+00,0.000000000000000000e+00,0.000000000000000000e+00,0.000000000000000000e+00,0.000000000000000000e+00,0.000000000000000000e+00,0.000000000000000000e+00,0.000000000000000000e+00,0.000000000000000000e+00,0.000000000000000000e+00,0.000000000000000000e+00,0.000000000000000000e+00,0.000000000000000000e+00,0.000000000000000000e+00,0.000000000000000000e+00,0.000000000000000000e+00,0.000000000000000000e+00,0.000000000000000000e+00,0.000000000000000000e+00,0.000000000000000000e+00,0.000000000000000000e+00,0.000000000000000000e+00,0.000000000000000000e+00,0.000000000000000000e+00,0.000000000000000000e+00,0.000000000000000000e+00,0.000000000000000000e+00,0.000000000000000000e+00,0.000000000000000000e+00,0.000000000000000000e+00,0.000000000000000000e+00,0.000000000000000000e+00,0.000000000000000000e+00,0.000000000000000000e+00,0.000000000000000000e+00,0.000000000000000000e+00,0.000000000000000000e+00,0.000000000000000000e+00,0.000000000000000000e+00,0.000000000000000000e+00,0.000000000000000000e+00,0.000000000000000000e+00,0.000000000000000000e+00,0.000000000000000000e+00,0.000000000000000000e+00,0.000000000000000000e+00,0.000000000000000000e+00,0.000000000000000000e+00,0.000000000000000000e+00,0.000000000000000000e+00,0.000000000000000000e+00,0.000000000000000000e+00,0.000000000000000000e+00,0.000000000000000000e+00,0.000000000000000000e+00,0.000000000000000000e+00,0.000000000000000000e+00,0.000000000000000000e+00,0.000000000000000000e+00,0.000000000000000000e+00,0.000000000000000000e+00,0.000000000000000000e+00,0.000000000000000000e+00,0.000000000000000000e+00,0.000000000000000000e+00,0.000000000000000000e+00,0.000000000000000000e+00,0.000000000000000000e+00,0.000000000000000000e+00,0.000000000000000000e+00,0.000000000000000000e+00,0.000000000000000000e+00,0.000000000000000000e+00,0.000000000000000000e+00,0.000000000000000000e+00,0.000000000000000000e+00,0.000000000000000000e+00,0.000000000000000000e+00,0.000000000000000000e+00,0.000000000000000000e+00,0.000000000000000000e+00,0.000000000000000000e+00,0.000000000000000000e+00,0.000000000000000000e+00,0.000000000000000000e+00,0.000000000000000000e+00,0.000000000000000000e+00,0.000000000000000000e+00,0.000000000000000000e+00,0.000000000000000000e+00,0.000000000000000000e+00,0.000000000000000000e+00,0.000000000000000000e+00,0.000000000000000000e+00,0.000000000000000000e+00,0.000000000000000000e+00,0.000000000000000000e+00,0.000000000000000000e+00,0.000000000000000000e+00,0.000000000000000000e+00,0.000000000000000000e+00,0.000000000000000000e+00,0.000000000000000000e+00,0.000000000000000000e+00,0.000000000000000000e+00,0.000000000000000000e+00,0.000000000000000000e+00,0.000000000000000000e+00,0.000000000000000000e+00,0.000000000000000000e+00,0.000000000000000000e+00,0.000000000000000000e+00,0.000000000000000000e+00,0.000000000000000000e+00,0.000000000000000000e+00,0.000000000000000000e+00,0.000000000000000000e+00,0.000000000000000000e+00,0.000000000000000000e+00,0.000000000000000000e+00,0.000000000000000000e+00,0.000000000000000000e+00,0.000000000000000000e+00,0.000000000000000000e+00,0.000000000000000000e+00,0.000000000000000000e+00,0.000000000000000000e+00,0.000000000000000000e+00,0.000000000000000000e+00,0.000000000000000000e+00,0.000000000000000000e+00,0.000000000000000000e+00,0.000000000000000000e+00,0.000000000000000000e+00,0.000000000000000000e+00,0.000000000000000000e+00,0.000000000000000000e+00,0.000000000000000000e+00,0.000000000000000000e+00,0.000000000000000000e+00,0.000000000000000000e+00,0.000000000000000000e+00,0.000000000000000000e+00,0.000000000000000000e+00,0.000000000000000000e+00,0.000000000000000000e+00,0.000000000000000000e+00,0.000000000000000000e+00,0.000000000000000000e+00,0.000000000000000000e+00,0.000000000000000000e+00,0.000000000000000000e+00,0.000000000000000000e+00,0.000000000000000000e+00,0.000000000000000000e+00,0.000000000000000000e+00,0.000000000000000000e+00,0.000000000000000000e+00,0.000000000000000000e+00,0.000000000000000000e+00,0.000000000000000000e+00,0.000000000000000000e+00,0.000000000000000000e+00,0.000000000000000000e+00,0.000000000000000000e+00,0.000000000000000000e+00,0.000000000000000000e+00,0.000000000000000000e+00,0.000000000000000000e+00,0.000000000000000000e+00,0.000000000000000000e+00,0.000000000000000000e+00,0.000000000000000000e+00,0.000000000000000000e+00,0.000000000000000000e+00,0.000000000000000000e+00,0.000000000000000000e+00,0.000000000000000000e+00,0.000000000000000000e+00,0.000000000000000000e+00,0.000000000000000000e+00,0.000000000000000000e+00,0.000000000000000000e+00,0.000000000000000000e+00,0.000000000000000000e+00,0.000000000000000000e+00,0.000000000000000000e+00,0.000000000000000000e+00,0.000000000000000000e+00,0.000000000000000000e+00,0.000000000000000000e+00,0.000000000000000000e+00,0.000000000000000000e+00,0.000000000000000000e+00,0.000000000000000000e+00,0.000000000000000000e+00,0.000000000000000000e+00,0.000000000000000000e+00,0.000000000000000000e+00,0.000000000000000000e+00,0.000000000000000000e+00,0.000000000000000000e+00,0.000000000000000000e+00,0.000000000000000000e+00,0.000000000000000000e+00,0.000000000000000000e+00,0.000000000000000000e+00,0.000000000000000000e+00,0.000000000000000000e+00,0.000000000000000000e+00,0.000000000000000000e+00,0.000000000000000000e+00,0.000000000000000000e+00,0.000000000000000000e+00,0.000000000000000000e+00,0.000000000000000000e+00,0.000000000000000000e+00,0.000000000000000000e+00,0.000000000000000000e+00,0.000000000000000000e+00,0.000000000000000000e+00,0.000000000000000000e+00,0.000000000000000000e+00,0.000000000000000000e+00,0.000000000000000000e+00,0.000000000000000000e+00,0.000000000000000000e+00,0.000000000000000000e+00,0.000000000000000000e+00,0.000000000000000000e+00,0.000000000000000000e+00,0.000000000000000000e+00,0.000000000000000000e+00,0.000000000000000000e+00,0.000000000000000000e+00,0.000000000000000000e+00,0.000000000000000000e+00,0.000000000000000000e+00,0.000000000000000000e+00,0.000000000000000000e+00,0.000000000000000000e+00,0.000000000000000000e+00,0.000000000000000000e+00,0.000000000000000000e+00,0.000000000000000000e+00,0.000000000000000000e+00,0.000000000000000000e+00,0.000000000000000000e+00,0.000000000000000000e+00,0.000000000000000000e+00,0.000000000000000000e+00,0.000000000000000000e+00,0.000000000000000000e+00,0.000000000000000000e+00,0.000000000000000000e+00,0.000000000000000000e+00,0.000000000000000000e+00,0.000000000000000000e+00,0.000000000000000000e+00,0.000000000000000000e+00,0.000000000000000000e+00,0.000000000000000000e+00,0.000000000000000000e+00,0.000000000000000000e+00,0.000000000000000000e+00,0.000000000000000000e+00,0.000000000000000000e+00,0.000000000000000000e+00,0.000000000000000000e+00,0.000000000000000000e+00,0.000000000000000000e+00,0.000000000000000000e+00,0.000000000000000000e+00,0.000000000000000000e+00,0.000000000000000000e+00,0.000000000000000000e+00,0.000000000000000000e+00,0.000000000000000000e+00,0.000000000000000000e+00,0.000000000000000000e+00,0.000000000000000000e+00,0.000000000000000000e+00,0.000000000000000000e+00,0.000000000000000000e+00,0.000000000000000000e+00,0.000000000000000000e+00,0.000000000000000000e+00,0.000000000000000000e+00,0.000000000000000000e+00,0.000000000000000000e+00,0.000000000000000000e+00,0.000000000000000000e+00,0.000000000000000000e+00,0.000000000000000000e+00,0.000000000000000000e+00,0.000000000000000000e+00,0.000000000000000000e+00,0.000000000000000000e+00,0.000000000000000000e+00,0.000000000000000000e+00,0.000000000000000000e+00,0.000000000000000000e+00,0.000000000000000000e+00,0.000000000000000000e+00,0.000000000000000000e+00,0.000000000000000000e+00,0.000000000000000000e+00,0.000000000000000000e+00,0.000000000000000000e+00,0.000000000000000000e+00,0.000000000000000000e+00,0.000000000000000000e+00,0.000000000000000000e+00,0.000000000000000000e+00,0.000000000000000000e+00,0.000000000000000000e+00,0.000000000000000000e+00,0.000000000000000000e+00,0.000000000000000000e+00,0.000000000000000000e+00,0.000000000000000000e+00,0.000000000000000000e+00,0.000000000000000000e+00,0.000000000000000000e+00,0.000000000000000000e+00,0.000000000000000000e+00,0.000000000000000000e+00,0.000000000000000000e+00,0.000000000000000000e+00,0.000000000000000000e+00,0.000000000000000000e+00,0.000000000000000000e+00,0.000000000000000000e+00,0.000000000000000000e+00,0.000000000000000000e+00,0.000000000000000000e+00,0.000000000000000000e+00,0.000000000000000000e+00,0.000000000000000000e+00,0.000000000000000000e+00,0.000000000000000000e+00,0.000000000000000000e+00,0.000000000000000000e+00,0.000000000000000000e+00,0.000000000000000000e+00,0.000000000000000000e+00,0.000000000000000000e+00,0.000000000000000000e+00,0.000000000000000000e+00,0.000000000000000000e+00,0.000000000000000000e+00,0.000000000000000000e+00,0.000000000000000000e+00,0.000000000000000000e+00,0.000000000000000000e+00,0.000000000000000000e+00,0.000000000000000000e+00,0.000000000000000000e+00,0.000000000000000000e+00,0.000000000000000000e+00,0.000000000000000000e+00,0.000000000000000000e+00,0.000000000000000000e+00,0.000000000000000000e+00,0.000000000000000000e+00,0.000000000000000000e+00,0.000000000000000000e+00,0.000000000000000000e+00,0.000000000000000000e+00,0.000000000000000000e+00,0.000000000000000000e+00,0.000000000000000000e+00,0.000000000000000000e+00,0.000000000000000000e+00,0.000000000000000000e+00,0.000000000000000000e+00,0.000000000000000000e+00,0.000000000000000000e+00,0.000000000000000000e+00,0.000000000000000000e+00,0.000000000000000000e+00,0.000000000000000000e+00,0.000000000000000000e+00,0.000000000000000000e+00,0.000000000000000000e+00,0.000000000000000000e+00,0.000000000000000000e+00,0.000000000000000000e+00,0.000000000000000000e+00,0.000000000000000000e+00,0.000000000000000000e+00,0.000000000000000000e+00,0.000000000000000000e+00,0.000000000000000000e+00,0.000000000000000000e+00,0.000000000000000000e+00,0.000000000000000000e+00,0.000000000000000000e+00,0.000000000000000000e+00,0.000000000000000000e+00,0.000000000000000000e+00,0.000000000000000000e+00,0.000000000000000000e+00,0.000000000000000000e+00,0.000000000000000000e+00,0.000000000000000000e+00,0.000000000000000000e+00,0.000000000000000000e+00,0.000000000000000000e+00,0.000000000000000000e+00,0.000000000000000000e+00,0.000000000000000000e+00,0.000000000000000000e+00,0.000000000000000000e+00,0.000000000000000000e+00,0.000000000000000000e+00,0.000000000000000000e+00,0.000000000000000000e+00,0.000000000000000000e+00,0.000000000000000000e+00,0.000000000000000000e+00,0.000000000000000000e+00,0.000000000000000000e+00,0.000000000000000000e+00,0.000000000000000000e+00,0.000000000000000000e+00,0.000000000000000000e+00,0.000000000000000000e+00,0.000000000000000000e+00,0.000000000000000000e+00,0.000000000000000000e+00,0.000000000000000000e+00,0.000000000000000000e+00,0.000000000000000000e+00,0.000000000000000000e+00,0.000000000000000000e+00,0.000000000000000000e+00,0.000000000000000000e+00,0.000000000000000000e+00,0.000000000000000000e+00,0.000000000000000000e+00,0.000000000000000000e+00,0.000000000000000000e+00,0.000000000000000000e+00,0.000000000000000000e+00,0.000000000000000000e+00,0.000000000000000000e+00,0.000000000000000000e+00,0.000000000000000000e+00,0.000000000000000000e+00,0.000000000000000000e+00,0.000000000000000000e+00,0.000000000000000000e+00,0.000000000000000000e+00,0.000000000000000000e+00,0.000000000000000000e+00,0.000000000000000000e+00,0.000000000000000000e+00,0.000000000000000000e+00,0.000000000000000000e+00,0.000000000000000000e+00,0.000000000000000000e+00,0.000000000000000000e+00,0.000000000000000000e+00,0.000000000000000000e+00,0.000000000000000000e+00,0.000000000000000000e+00,0.000000000000000000e+00,0.000000000000000000e+00,0.000000000000000000e+00,0.000000000000000000e+00,0.000000000000000000e+00,0.000000000000000000e+00,0.000000000000000000e+00,0.000000000000000000e+00,0.000000000000000000e+00,0.000000000000000000e+00,0.000000000000000000e+00,0.000000000000000000e+00,0.000000000000000000e+00,0.000000000000000000e+00,0.000000000000000000e+00,0.000000000000000000e+00,0.000000000000000000e+00,0.000000000000000000e+00,0.000000000000000000e+00,0.000000000000000000e+00,0.000000000000000000e+00,0.000000000000000000e+00,0.000000000000000000e+00,0.000000000000000000e+00,0.000000000000000000e+00,0.000000000000000000e+00,0.000000000000000000e+00,0.000000000000000000e+00,0.000000000000000000e+00,0.000000000000000000e+00,0.000000000000000000e+00,0.000000000000000000e+00,0.000000000000000000e+00,0.000000000000000000e+00,0.000000000000000000e+00,0.000000000000000000e+00,0.000000000000000000e+00,0.000000000000000000e+00,0.000000000000000000e+00,0.000000000000000000e+00,0.000000000000000000e+00,0.000000000000000000e+00,0.000000000000000000e+00,0.000000000000000000e+00,0.000000000000000000e+00,0.000000000000000000e+00,0.000000000000000000e+00,0.000000000000000000e+00,0.000000000000000000e+00,0.000000000000000000e+00,0.000000000000000000e+00,0.000000000000000000e+00,0.000000000000000000e+00,0.000000000000000000e+00,0.000000000000000000e+00,0.000000000000000000e+00,0.000000000000000000e+00,0.000000000000000000e+00,0.000000000000000000e+00,0.000000000000000000e+00,0.000000000000000000e+00,0.000000000000000000e+00,0.000000000000000000e+00,0.000000000000000000e+00,0.000000000000000000e+00,0.000000000000000000e+00,0.000000000000000000e+00,0.000000000000000000e+00,0.000000000000000000e+00,0.000000000000000000e+00,0.000000000000000000e+00,0.000000000000000000e+00,0.000000000000000000e+00,0.000000000000000000e+00,0.000000000000000000e+00,0.000000000000000000e+00,0.000000000000000000e+00,0.000000000000000000e+00,0.000000000000000000e+00,0.000000000000000000e+00,0.000000000000000000e+00,0.000000000000000000e+00,0.000000000000000000e+00,0.000000000000000000e+00,0.000000000000000000e+00,0.000000000000000000e+00,0.000000000000000000e+00,0.000000000000000000e+00,0.000000000000000000e+00,0.000000000000000000e+00,0.000000000000000000e+00,0.000000000000000000e+00,0.000000000000000000e+00,0.000000000000000000e+00,0.000000000000000000e+00,0.000000000000000000e+00,0.000000000000000000e+00,0.000000000000000000e+00,0.000000000000000000e+00,0.000000000000000000e+00,0.000000000000000000e+00,0.000000000000000000e+00,0.000000000000000000e+00,0.000000000000000000e+00,0.000000000000000000e+00,0.000000000000000000e+00,0.000000000000000000e+00,0.000000000000000000e+00,0.000000000000000000e+00,0.000000000000000000e+00,0.000000000000000000e+00,0.000000000000000000e+00,0.000000000000000000e+00,0.000000000000000000e+00,0.000000000000000000e+00,0.000000000000000000e+00,0.000000000000000000e+00,0.000000000000000000e+00,0.000000000000000000e+00,0.000000000000000000e+00,0.000000000000000000e+00,0.000000000000000000e+00,0.000000000000000000e+00,0.000000000000000000e+00,0.000000000000000000e+00,0.000000000000000000e+00,0.000000000000000000e+00,0.000000000000000000e+00,0.000000000000000000e+00,0.000000000000000000e+00,0.000000000000000000e+00,0.000000000000000000e+00,0.000000000000000000e+00,0.000000000000000000e+00,0.000000000000000000e+00,0.000000000000000000e+00,0.000000000000000000e+00,0.000000000000000000e+00,0.000000000000000000e+00,0.000000000000000000e+00,0.000000000000000000e+00,0.000000000000000000e+00,0.000000000000000000e+00,0.000000000000000000e+00,0.000000000000000000e+00,0.000000000000000000e+00,0.000000000000000000e+00,0.000000000000000000e+00,0.000000000000000000e+00,0.000000000000000000e+00,0.000000000000000000e+00,0.000000000000000000e+00,0.000000000000000000e+00,0.000000000000000000e+00,0.000000000000000000e+00,0.000000000000000000e+00,0.000000000000000000e+00,0.000000000000000000e+00,0.000000000000000000e+00,0.000000000000000000e+00,0.000000000000000000e+00,0.000000000000000000e+00,0.000000000000000000e+00,0.000000000000000000e+00,0.000000000000000000e+00,0.000000000000000000e+00,0.000000000000000000e+00,0.000000000000000000e+00,0.000000000000000000e+00,0.000000000000000000e+00,0.000000000000000000e+00,0.000000000000000000e+00,0.000000000000000000e+00,0.000000000000000000e+00,0.000000000000000000e+00,0.000000000000000000e+00,0.000000000000000000e+00,0.000000000000000000e+00,0.000000000000000000e+00,0.000000000000000000e+00,0.000000000000000000e+00,0.000000000000000000e+00,0.000000000000000000e+00,0.000000000000000000e+00,0.000000000000000000e+00,0.000000000000000000e+00,0.000000000000000000e+00,0.000000000000000000e+00,0.000000000000000000e+00,0.000000000000000000e+00,0.000000000000000000e+00,0.000000000000000000e+00,0.000000000000000000e+00,0.000000000000000000e+00,0.000000000000000000e+00,0.000000000000000000e+00,0.000000000000000000e+00,0.000000000000000000e+00,0.000000000000000000e+00,0.000000000000000000e+00,0.000000000000000000e+00,0.000000000000000000e+00,0.000000000000000000e+00,0.000000000000000000e+00,0.000000000000000000e+00,0.000000000000000000e+00,0.000000000000000000e+00,0.000000000000000000e+00,0.000000000000000000e+00,0.000000000000000000e+00,0.000000000000000000e+00,0.000000000000000000e+00,0.000000000000000000e+00,0.000000000000000000e+00,0.000000000000000000e+00,0.000000000000000000e+00,0.000000000000000000e+00,0.000000000000000000e+00,0.000000000000000000e+00,0.000000000000000000e+00,0.000000000000000000e+00,0.000000000000000000e+00,0.000000000000000000e+00,0.000000000000000000e+00,0.000000000000000000e+00,0.000000000000000000e+00,0.000000000000000000e+00,0.000000000000000000e+00,0.000000000000000000e+00,0.000000000000000000e+00,0.000000000000000000e+00,0.000000000000000000e+00,0.000000000000000000e+00,0.000000000000000000e+00,0.000000000000000000e+00,0.000000000000000000e+00,0.000000000000000000e+00,0.000000000000000000e+00,0.000000000000000000e+00,0.000000000000000000e+00,0.000000000000000000e+00,0.000000000000000000e+00,0.000000000000000000e+00,0.000000000000000000e+00,0.000000000000000000e+00,0.000000000000000000e+00,0.000000000000000000e+00,0.000000000000000000e+00,0.000000000000000000e+00,0.000000000000000000e+00,0.000000000000000000e+00,0.000000000000000000e+00,0.000000000000000000e+00,0.000000000000000000e+00,0.000000000000000000e+00,0.000000000000000000e+00,0.000000000000000000e+00,0.000000000000000000e+00,0.000000000000000000e+00,0.000000000000000000e+00,0.000000000000000000e+00,0.000000000000000000e+00,0.000000000000000000e+00,0.000000000000000000e+00,0.000000000000000000e+00,0.000000000000000000e+00,0.000000000000000000e+00,0.000000000000000000e+00,0.000000000000000000e+00,0.000000000000000000e+00,0.000000000000000000e+00,0.000000000000000000e+00,0.000000000000000000e+00,0.000000000000000000e+00,0.000000000000000000e+00,0.000000000000000000e+00,0.000000000000000000e+00,0.000000000000000000e+00,0.000000000000000000e+00,0.000000000000000000e+00,0.000000000000000000e+00,0.000000000000000000e+00,0.000000000000000000e+00,0.000000000000000000e+00,0.000000000000000000e+00,0.000000000000000000e+00,0.000000000000000000e+00,0.000000000000000000e+00,0.000000000000000000e+00,0.000000000000000000e+00,0.000000000000000000e+00,0.000000000000000000e+00,0.000000000000000000e+00,0.000000000000000000e+00,0.000000000000000000e+00,0.000000000000000000e+00,0.000000000000000000e+00,0.000000000000000000e+00,0.000000000000000000e+00,0.000000000000000000e+00,0.000000000000000000e+00,0.000000000000000000e+00,0.000000000000000000e+00,0.000000000000000000e+00,0.000000000000000000e+00,0.000000000000000000e+00,0.000000000000000000e+00,0.000000000000000000e+00,0.000000000000000000e+00,0.000000000000000000e+00,0.000000000000000000e+00,0.000000000000000000e+00,0.000000000000000000e+00,0.000000000000000000e+00,0.000000000000000000e+00,0.000000000000000000e+00,0.000000000000000000e+00,0.000000000000000000e+00,0.000000000000000000e+00,0.000000000000000000e+00,0.000000000000000000e+00,0.000000000000000000e+00,0.000000000000000000e+00,0.000000000000000000e+00,0.000000000000000000e+00,0.000000000000000000e+00,0.000000000000000000e+00,0.000000000000000000e+00,0.000000000000000000e+00,0.000000000000000000e+00,0.000000000000000000e+00,0.000000000000000000e+00,0.000000000000000000e+00,0.000000000000000000e+00,0.000000000000000000e+00,0.000000000000000000e+00,0.000000000000000000e+00,0.000000000000000000e+00,0.000000000000000000e+00,0.000000000000000000e+00,0.000000000000000000e+00,0.000000000000000000e+00,0.000000000000000000e+00,0.000000000000000000e+00,0.000000000000000000e+00,0.000000000000000000e+00,0.000000000000000000e+00,0.000000000000000000e+00,0.000000000000000000e+00,0.000000000000000000e+00,0.000000000000000000e+00,0.000000000000000000e+00,0.000000000000000000e+00,0.000000000000000000e+00,0.000000000000000000e+00,0.000000000000000000e+00,0.000000000000000000e+00,0.000000000000000000e+00,0.000000000000000000e+00,0.000000000000000000e+00,0.000000000000000000e+00,0.000000000000000000e+00,0.000000000000000000e+00,0.000000000000000000e+00,0.000000000000000000e+00,0.000000000000000000e+00,0.000000000000000000e+00,0.000000000000000000e+00,0.000000000000000000e+00,0.000000000000000000e+00,0.000000000000000000e+00,0.000000000000000000e+00,0.000000000000000000e+00,0.000000000000000000e+00,0.000000000000000000e+00,0.000000000000000000e+00,0.000000000000000000e+00,0.000000000000000000e+00,0.000000000000000000e+00,0.000000000000000000e+00,0.000000000000000000e+00,0.000000000000000000e+00,0.000000000000000000e+00,0.000000000000000000e+00,0.000000000000000000e+00,0.000000000000000000e+00,0.000000000000000000e+00,0.000000000000000000e+00,0.000000000000000000e+00,0.000000000000000000e+00,0.000000000000000000e+00,0.000000000000000000e+00,0.000000000000000000e+00,0.000000000000000000e+00,0.000000000000000000e+00,0.000000000000000000e+00,0.000000000000000000e+00,0.000000000000000000e+00,0.000000000000000000e+00,0.000000000000000000e+00,0.000000000000000000e+00,0.000000000000000000e+00,0.000000000000000000e+00,0.000000000000000000e+00,0.000000000000000000e+00,0.000000000000000000e+00,0.000000000000000000e+00,0.000000000000000000e+00,0.000000000000000000e+00,0.000000000000000000e+00,0.000000000000000000e+00,0.000000000000000000e+00,0.000000000000000000e+00,0.000000000000000000e+00,0.000000000000000000e+00,0.000000000000000000e+00,0.000000000000000000e+00,0.000000000000000000e+00,0.000000000000000000e+00,0.000000000000000000e+00,0.000000000000000000e+00,0.000000000000000000e+00,0.000000000000000000e+00,0.000000000000000000e+00,0.000000000000000000e+00,0.000000000000000000e+00,0.000000000000000000e+00,0.000000000000000000e+00,0.000000000000000000e+00,0.000000000000000000e+00,0.000000000000000000e+00,0.000000000000000000e+00,0.000000000000000000e+00,0.000000000000000000e+00,0.000000000000000000e+00,0.000000000000000000e+00,0.000000000000000000e+00,0.000000000000000000e+00,0.000000000000000000e+00,0.000000000000000000e+00,0.000000000000000000e+00,0.000000000000000000e+00,0.000000000000000000e+00,0.000000000000000000e+00,0.000000000000000000e+00,0.000000000000000000e+00,0.000000000000000000e+00,0.000000000000000000e+00,0.000000000000000000e+00,0.000000000000000000e+00,0.000000000000000000e+00,0.000000000000000000e+00,0.000000000000000000e+00,0.000000000000000000e+00,0.000000000000000000e+00,0.000000000000000000e+00,0.000000000000000000e+00,0.000000000000000000e+00,0.000000000000000000e+00,0.000000000000000000e+00,0.000000000000000000e+00,0.000000000000000000e+00,0.000000000000000000e+00,0.000000000000000000e+00,0.000000000000000000e+00,0.000000000000000000e+00,0.000000000000000000e+00,0.000000000000000000e+00,0.000000000000000000e+00,0.000000000000000000e+00,0.000000000000000000e+00,0.000000000000000000e+00,0.000000000000000000e+00,0.000000000000000000e+00,0.000000000000000000e+00,0.000000000000000000e+00,0.000000000000000000e+00,0.000000000000000000e+00,0.000000000000000000e+00,0.000000000000000000e+00,0.000000000000000000e+00,0.000000000000000000e+00,0.000000000000000000e+00,0.000000000000000000e+00,0.000000000000000000e+00,0.000000000000000000e+00,0.000000000000000000e+00,0.000000000000000000e+00,0.000000000000000000e+00,0.000000000000000000e+00,0.000000000000000000e+00,0.000000000000000000e+00,0.000000000000000000e+00,0.000000000000000000e+00,0.000000000000000000e+00,0.000000000000000000e+00,0.000000000000000000e+00,0.000000000000000000e+00,0.000000000000000000e+00,0.000000000000000000e+00,0.000000000000000000e+00,0.000000000000000000e+00,0.000000000000000000e+00,0.000000000000000000e+00,0.000000000000000000e+00,0.000000000000000000e+00,0.000000000000000000e+00,0.000000000000000000e+00,0.000000000000000000e+00,0.000000000000000000e+00,0.000000000000000000e+00,0.000000000000000000e+00,0.000000000000000000e+00,0.000000000000000000e+00,0.000000000000000000e+00,0.000000000000000000e+00,0.000000000000000000e+00,0.000000000000000000e+00,0.000000000000000000e+00,0.000000000000000000e+00,0.000000000000000000e+00,0.000000000000000000e+00,0.000000000000000000e+00,0.000000000000000000e+00,0.000000000000000000e+00,0.000000000000000000e+00,0.000000000000000000e+00,0.000000000000000000e+00,0.000000000000000000e+00,0.000000000000000000e+00,0.000000000000000000e+00,0.000000000000000000e+00,0.000000000000000000e+00,0.000000000000000000e+00,0.000000000000000000e+00,0.000000000000000000e+00,0.000000000000000000e+00,0.000000000000000000e+00,0.000000000000000000e+00,0.000000000000000000e+00,0.000000000000000000e+00,0.000000000000000000e+00,0.000000000000000000e+00,0.000000000000000000e+00,0.000000000000000000e+00,0.000000000000000000e+00,0.000000000000000000e+00,0.000000000000000000e+00,0.000000000000000000e+00,0.000000000000000000e+00,0.000000000000000000e+00,0.000000000000000000e+00,0.000000000000000000e+00,0.000000000000000000e+00,0.000000000000000000e+00,0.000000000000000000e+00,0.000000000000000000e+00,0.000000000000000000e+00,0.000000000000000000e+00,0.000000000000000000e+00,0.000000000000000000e+00,0.000000000000000000e+00,0.000000000000000000e+00,0.000000000000000000e+00,0.000000000000000000e+00,0.000000000000000000e+00,0.000000000000000000e+00,0.000000000000000000e+00,0.000000000000000000e+00,0.000000000000000000e+00,0.000000000000000000e+00,0.000000000000000000e+00,0.000000000000000000e+00,0.000000000000000000e+00,0.000000000000000000e+00,0.000000000000000000e+00,0.000000000000000000e+00,0.000000000000000000e+00,0.000000000000000000e+00,0.000000000000000000e+00,0.000000000000000000e+00,0.000000000000000000e+00,0.000000000000000000e+00,0.000000000000000000e+00,0.000000000000000000e+00,0.000000000000000000e+00,0.000000000000000000e+00,0.000000000000000000e+00,0.000000000000000000e+00,0.000000000000000000e+00,0.000000000000000000e+00,0.000000000000000000e+00,0.000000000000000000e+00,0.000000000000000000e+00,0.000000000000000000e+00,0.000000000000000000e+00,0.000000000000000000e+00,0.000000000000000000e+00,0.000000000000000000e+00,0.000000000000000000e+00,0.000000000000000000e+00,0.000000000000000000e+00,0.000000000000000000e+00,0.000000000000000000e+00,0.000000000000000000e+00,0.000000000000000000e+00,0.000000000000000000e+00,0.000000000000000000e+00,0.000000000000000000e+00,0.000000000000000000e+00,0.000000000000000000e+00,0.000000000000000000e+00,0.000000000000000000e+00,0.000000000000000000e+00,0.000000000000000000e+00,0.000000000000000000e+00,0.000000000000000000e+00,0.000000000000000000e+00,0.000000000000000000e+00,0.000000000000000000e+00,0.000000000000000000e+00,0.000000000000000000e+00,0.000000000000000000e+00,0.000000000000000000e+00,0.000000000000000000e+00,0.000000000000000000e+00,0.000000000000000000e+00,0.000000000000000000e+00,0.000000000000000000e+00,0.000000000000000000e+00,0.000000000000000000e+00,0.000000000000000000e+00,0.000000000000000000e+00,0.000000000000000000e+00,0.000000000000000000e+00,0.000000000000000000e+00,0.000000000000000000e+00,0.000000000000000000e+00,0.000000000000000000e+00,0.000000000000000000e+00,0.000000000000000000e+00,0.000000000000000000e+00,0.000000000000000000e+00,0.000000000000000000e+00,0.000000000000000000e+00,0.000000000000000000e+00,0.000000000000000000e+00,0.000000000000000000e+00,0.000000000000000000e+00,0.000000000000000000e+00,0.000000000000000000e+00,0.000000000000000000e+00,0.000000000000000000e+00,0.000000000000000000e+00,0.000000000000000000e+00,0.000000000000000000e+00,0.000000000000000000e+00,0.000000000000000000e+00,0.000000000000000000e+00,0.000000000000000000e+00,0.000000000000000000e+00,0.000000000000000000e+00,0.000000000000000000e+00,0.000000000000000000e+00,0.000000000000000000e+00,0.000000000000000000e+00,0.000000000000000000e+00,0.000000000000000000e+00,0.000000000000000000e+00,0.000000000000000000e+00,0.000000000000000000e+00,0.000000000000000000e+00,0.000000000000000000e+00,0.000000000000000000e+00,0.000000000000000000e+00,0.000000000000000000e+00,0.000000000000000000e+00,0.000000000000000000e+00,0.000000000000000000e+00,0.000000000000000000e+00,0.000000000000000000e+00,0.000000000000000000e+00,0.000000000000000000e+00,0.000000000000000000e+00,0.000000000000000000e+00,0.000000000000000000e+00,0.000000000000000000e+00,0.000000000000000000e+00,0.000000000000000000e+00,0.000000000000000000e+00,0.000000000000000000e+00,0.000000000000000000e+00,0.000000000000000000e+00,0.000000000000000000e+00,0.000000000000000000e+00,0.000000000000000000e+00,0.000000000000000000e+00,0.000000000000000000e+00,0.000000000000000000e+00,0.000000000000000000e+00,0.000000000000000000e+00,0.000000000000000000e+00,0.000000000000000000e+00,0.000000000000000000e+00,0.000000000000000000e+00,0.000000000000000000e+00,0.000000000000000000e+00,0.000000000000000000e+00,0.000000000000000000e+00,0.000000000000000000e+00,0.000000000000000000e+00,0.000000000000000000e+00,0.000000000000000000e+00,0.000000000000000000e+00,0.000000000000000000e+00,0.000000000000000000e+00,0.000000000000000000e+00,0.000000000000000000e+00,0.000000000000000000e+00,0.000000000000000000e+00,0.000000000000000000e+00,0.000000000000000000e+00,0.000000000000000000e+00,0.000000000000000000e+00,0.000000000000000000e+00,0.000000000000000000e+00,0.000000000000000000e+00,0.000000000000000000e+00,0.000000000000000000e+00,0.000000000000000000e+00,0.000000000000000000e+00,0.000000000000000000e+00,0.000000000000000000e+00,0.000000000000000000e+00,0.000000000000000000e+00,0.000000000000000000e+00,0.000000000000000000e+00,0.000000000000000000e+00,0.000000000000000000e+00,0.000000000000000000e+00,0.000000000000000000e+00,0.000000000000000000e+00,0.000000000000000000e+00,0.000000000000000000e+00,0.000000000000000000e+00,0.000000000000000000e+00,0.000000000000000000e+00,0.000000000000000000e+00,0.000000000000000000e+00,0.000000000000000000e+00,0.000000000000000000e+00,0.000000000000000000e+00,0.000000000000000000e+00,0.000000000000000000e+00,0.000000000000000000e+00,0.000000000000000000e+00,0.000000000000000000e+00,0.000000000000000000e+00,0.000000000000000000e+00,0.000000000000000000e+00,0.000000000000000000e+00,0.000000000000000000e+00,0.000000000000000000e+00,0.000000000000000000e+00,0.000000000000000000e+00,0.000000000000000000e+00,0.000000000000000000e+00,0.000000000000000000e+00,0.000000000000000000e+00,0.000000000000000000e+00,0.000000000000000000e+00,0.000000000000000000e+00,0.000000000000000000e+00,0.000000000000000000e+00,0.000000000000000000e+00,0.000000000000000000e+00,0.000000000000000000e+00,0.000000000000000000e+00,0.000000000000000000e+00,0.000000000000000000e+00,0.000000000000000000e+00,0.000000000000000000e+00,0.000000000000000000e+00,0.000000000000000000e+00,0.000000000000000000e+00,0.000000000000000000e+00,0.000000000000000000e+00,0.000000000000000000e+00,0.000000000000000000e+00,0.000000000000000000e+00,0.000000000000000000e+00,0.000000000000000000e+00,0.000000000000000000e+00,0.000000000000000000e+00,0.000000000000000000e+00,0.000000000000000000e+00,0.000000000000000000e+00,0.000000000000000000e+00,0.000000000000000000e+00,0.000000000000000000e+00,0.000000000000000000e+00,0.000000000000000000e+00,0.000000000000000000e+00,0.000000000000000000e+00,0.000000000000000000e+00,0.000000000000000000e+00,0.000000000000000000e+00,0.000000000000000000e+00,0.000000000000000000e+00,0.000000000000000000e+00,0.000000000000000000e+00,0.000000000000000000e+00,0.000000000000000000e+00,0.000000000000000000e+00,0.000000000000000000e+00,0.000000000000000000e+00,0.000000000000000000e+00,0.000000000000000000e+00,0.000000000000000000e+00,0.000000000000000000e+00,0.000000000000000000e+00,0.000000000000000000e+00,0.000000000000000000e+00,0.000000000000000000e+00,0.000000000000000000e+00,0.000000000000000000e+00,0.000000000000000000e+00,0.000000000000000000e+00,0.000000000000000000e+00,0.000000000000000000e+00,0.000000000000000000e+00,0.000000000000000000e+00,0.000000000000000000e+00,0.000000000000000000e+00,0.000000000000000000e+00,0.000000000000000000e+00,0.000000000000000000e+00,0.000000000000000000e+00,0.000000000000000000e+00,0.000000000000000000e+00,0.000000000000000000e+00,0.000000000000000000e+00,0.000000000000000000e+00,0.000000000000000000e+00,0.000000000000000000e+00,0.000000000000000000e+00,0.000000000000000000e+00,0.000000000000000000e+00,0.000000000000000000e+00,0.000000000000000000e+00,0.000000000000000000e+00,0.000000000000000000e+00,0.000000000000000000e+00,0.000000000000000000e+00,0.000000000000000000e+00,0.000000000000000000e+00,0.000000000000000000e+00,0.000000000000000000e+00,0.000000000000000000e+00,0.000000000000000000e+00,0.000000000000000000e+00,0.000000000000000000e+00,0.000000000000000000e+00,0.000000000000000000e+00,0.000000000000000000e+00,0.000000000000000000e+00,0.000000000000000000e+00,0.000000000000000000e+00,0.000000000000000000e+00,0.000000000000000000e+00,0.000000000000000000e+00,0.000000000000000000e+00,0.000000000000000000e+00,0.000000000000000000e+00,0.000000000000000000e+00,0.000000000000000000e+00,0.000000000000000000e+00,0.000000000000000000e+00,0.000000000000000000e+00,0.000000000000000000e+00,0.000000000000000000e+00,0.000000000000000000e+00,0.000000000000000000e+00,0.000000000000000000e+00,0.000000000000000000e+00,0.000000000000000000e+00,0.000000000000000000e+00,0.000000000000000000e+00,0.000000000000000000e+00,0.000000000000000000e+00,0.000000000000000000e+00,0.000000000000000000e+00,0.000000000000000000e+00,0.000000000000000000e+00,0.000000000000000000e+00,0.000000000000000000e+00,0.000000000000000000e+00,0.000000000000000000e+00,0.000000000000000000e+00,0.000000000000000000e+00,0.000000000000000000e+00,0.000000000000000000e+00,0.000000000000000000e+00,0.000000000000000000e+00,0.000000000000000000e+00,0.000000000000000000e+00,0.000000000000000000e+00,0.000000000000000000e+00,0.000000000000000000e+00,0.000000000000000000e+00,0.000000000000000000e+00,0.000000000000000000e+00,0.000000000000000000e+00,0.000000000000000000e+00,0.000000000000000000e+00,0.000000000000000000e+00,0.000000000000000000e+00,0.000000000000000000e+00,0.000000000000000000e+00,0.000000000000000000e+00,0.000000000000000000e+00,0.000000000000000000e+00,0.000000000000000000e+00,0.000000000000000000e+00,0.000000000000000000e+00,0.000000000000000000e+00,0.000000000000000000e+00,0.000000000000000000e+00,0.000000000000000000e+00,0.000000000000000000e+00,0.000000000000000000e+00,0.000000000000000000e+00,0.000000000000000000e+00,0.000000000000000000e+00,0.000000000000000000e+00,0.000000000000000000e+00,0.000000000000000000e+00,0.000000000000000000e+00,0.000000000000000000e+00,0.000000000000000000e+00,0.000000000000000000e+00,0.000000000000000000e+00,0.000000000000000000e+00,0.000000000000000000e+00,0.000000000000000000e+00,0.000000000000000000e+00,0.000000000000000000e+00,0.000000000000000000e+00,0.000000000000000000e+00,0.000000000000000000e+00,0.000000000000000000e+00,0.000000000000000000e+00,0.000000000000000000e+00,0.000000000000000000e+00,0.000000000000000000e+00,0.000000000000000000e+00,0.000000000000000000e+00,0.000000000000000000e+00,0.000000000000000000e+00,0.000000000000000000e+00,0.000000000000000000e+00,0.000000000000000000e+00,0.000000000000000000e+00,0.000000000000000000e+00,0.000000000000000000e+00,0.000000000000000000e+00,0.000000000000000000e+00,0.000000000000000000e+00,0.000000000000000000e+00,0.000000000000000000e+00,0.000000000000000000e+00,0.000000000000000000e+00,0.000000000000000000e+00,0.000000000000000000e+00,0.000000000000000000e+00,0.000000000000000000e+00,0.000000000000000000e+00,0.000000000000000000e+00,0.000000000000000000e+00,0.000000000000000000e+00,0.000000000000000000e+00,0.000000000000000000e+00,0.000000000000000000e+00,0.000000000000000000e+00,0.000000000000000000e+00,0.000000000000000000e+00,0.000000000000000000e+00,0.000000000000000000e+00,0.000000000000000000e+00,0.000000000000000000e+00,0.000000000000000000e+00,0.000000000000000000e+00,0.000000000000000000e+00,0.000000000000000000e+00,0.000000000000000000e+00,0.000000000000000000e+00,0.000000000000000000e+00,0.000000000000000000e+00,0.000000000000000000e+00,0.000000000000000000e+00,0.000000000000000000e+00,0.000000000000000000e+00,0.000000000000000000e+00,0.000000000000000000e+00,0.000000000000000000e+00,0.000000000000000000e+00,0.000000000000000000e+00,0.000000000000000000e+00,0.000000000000000000e+00,0.000000000000000000e+00,0.000000000000000000e+00,0.000000000000000000e+00,0.000000000000000000e+00,0.000000000000000000e+00,0.000000000000000000e+00,0.000000000000000000e+00,0.000000000000000000e+00,0.000000000000000000e+00,0.000000000000000000e+00,0.000000000000000000e+00,0.000000000000000000e+00,0.000000000000000000e+00,0.000000000000000000e+00,0.000000000000000000e+00,0.000000000000000000e+00,0.000000000000000000e+00,0.000000000000000000e+00,0.000000000000000000e+00,0.000000000000000000e+00,0.000000000000000000e+00,0.000000000000000000e+00,0.000000000000000000e+00,0.000000000000000000e+00,0.000000000000000000e+00,0.000000000000000000e+00,0.000000000000000000e+00,0.000000000000000000e+00,0.000000000000000000e+00,0.000000000000000000e+00,0.000000000000000000e+00,0.000000000000000000e+00,0.000000000000000000e+00,0.000000000000000000e+00,0.000000000000000000e+00,0.000000000000000000e+00,0.000000000000000000e+00,0.000000000000000000e+00,0.000000000000000000e+00,0.000000000000000000e+00,0.000000000000000000e+00,0.000000000000000000e+00,0.000000000000000000e+00,0.000000000000000000e+00,0.000000000000000000e+00,0.000000000000000000e+00,0.000000000000000000e+00,0.000000000000000000e+00,0.000000000000000000e+00,0.000000000000000000e+00,0.000000000000000000e+00,0.000000000000000000e+00,0.000000000000000000e+00,0.000000000000000000e+00,0.000000000000000000e+00,0.000000000000000000e+00,0.000000000000000000e+00,0.000000000000000000e+00,0.000000000000000000e+00,0.000000000000000000e+00,0.000000000000000000e+00,0.000000000000000000e+00,0.000000000000000000e+00,0.000000000000000000e+00,0.000000000000000000e+00,0.000000000000000000e+00,0.000000000000000000e+00,0.000000000000000000e+00,0.000000000000000000e+00,0.000000000000000000e+00,0.000000000000000000e+00,0.000000000000000000e+00,0.000000000000000000e+00,0.000000000000000000e+00,0.000000000000000000e+00,0.000000000000000000e+00,0.000000000000000000e+00,0.000000000000000000e+00,0.000000000000000000e+00,0.000000000000000000e+00,0.000000000000000000e+00,0.000000000000000000e+00,0.000000000000000000e+00,0.000000000000000000e+00,0.000000000000000000e+00,0.000000000000000000e+00,0.000000000000000000e+00,0.000000000000000000e+00,0.000000000000000000e+00,0.000000000000000000e+00,0.000000000000000000e+00,0.000000000000000000e+00,0.000000000000000000e+00,0.000000000000000000e+00,0.000000000000000000e+00,0.000000000000000000e+00,0.000000000000000000e+00,0.000000000000000000e+00,0.000000000000000000e+00,0.000000000000000000e+00,0.000000000000000000e+00,0.000000000000000000e+00,0.000000000000000000e+00,0.000000000000000000e+00,0.000000000000000000e+00,0.000000000000000000e+00,0.000000000000000000e+00,0.000000000000000000e+00,0.000000000000000000e+00,0.000000000000000000e+00,0.000000000000000000e+00,0.000000000000000000e+00,0.000000000000000000e+00,0.000000000000000000e+00,0.000000000000000000e+00,0.000000000000000000e+00,0.000000000000000000e+00,0.000000000000000000e+00,0.000000000000000000e+00,0.000000000000000000e+00,0.000000000000000000e+00,0.000000000000000000e+00,0.000000000000000000e+00,0.000000000000000000e+00,0.000000000000000000e+00,0.000000000000000000e+00,0.000000000000000000e+00,0.000000000000000000e+00,0.000000000000000000e+00,0.000000000000000000e+00,0.000000000000000000e+00,0.000000000000000000e+00,0.000000000000000000e+00,0.000000000000000000e+00,0.000000000000000000e+00,0.000000000000000000e+00,0.000000000000000000e+00,0.000000000000000000e+00,0.000000000000000000e+00,0.000000000000000000e+00,0.000000000000000000e+00,0.000000000000000000e+00,0.000000000000000000e+00,0.000000000000000000e+00,0.000000000000000000e+00,0.000000000000000000e+00,0.000000000000000000e+00,0.000000000000000000e+00,0.000000000000000000e+00,0.000000000000000000e+00,0.000000000000000000e+00,0.000000000000000000e+00,0.000000000000000000e+00,0.000000000000000000e+00,0.000000000000000000e+00,0.000000000000000000e+00,0.000000000000000000e+00,0.000000000000000000e+00,0.000000000000000000e+00,0.000000000000000000e+00,0.000000000000000000e+00,0.000000000000000000e+00,0.000000000000000000e+00,0.000000000000000000e+00,0.000000000000000000e+00,0.000000000000000000e+00,0.000000000000000000e+00,0.000000000000000000e+00,0.000000000000000000e+00,0.000000000000000000e+00,0.000000000000000000e+00,0.000000000000000000e+00,0.000000000000000000e+00,0.000000000000000000e+00,0.000000000000000000e+00,0.000000000000000000e+00,0.000000000000000000e+00,0.000000000000000000e+00,0.000000000000000000e+00,0.000000000000000000e+00,0.000000000000000000e+00,0.000000000000000000e+00,0.000000000000000000e+00,0.000000000000000000e+00,0.000000000000000000e+00,0.000000000000000000e+00,0.000000000000000000e+00,0.000000000000000000e+00,0.000000000000000000e+00,0.000000000000000000e+00,0.000000000000000000e+00,0.000000000000000000e+00,0.000000000000000000e+00,0.000000000000000000e+00,0.000000000000000000e+00,0.000000000000000000e+00,0.000000000000000000e+00,0.000000000000000000e+00,0.000000000000000000e+00,0.000000000000000000e+00,0.000000000000000000e+00,0.000000000000000000e+00,0.000000000000000000e+00,0.000000000000000000e+00,0.000000000000000000e+00,0.000000000000000000e+00,0.000000000000000000e+00,0.000000000000000000e+00,0.000000000000000000e+00,0.000000000000000000e+00,0.000000000000000000e+00,0.000000000000000000e+00,0.000000000000000000e+00,0.000000000000000000e+00,0.000000000000000000e+00,0.000000000000000000e+00,0.000000000000000000e+00,0.000000000000000000e+00,0.000000000000000000e+00,0.000000000000000000e+00,0.000000000000000000e+00,0.000000000000000000e+00,0.000000000000000000e+00,0.000000000000000000e+00,0.000000000000000000e+00,0.000000000000000000e+00,0.000000000000000000e+00,0.000000000000000000e+00,0.000000000000000000e+00,0.000000000000000000e+00,0.000000000000000000e+00,0.000000000000000000e+00,0.000000000000000000e+00,0.000000000000000000e+00,0.000000000000000000e+00,0.000000000000000000e+00,0.000000000000000000e+00,0.000000000000000000e+00,0.000000000000000000e+00,0.000000000000000000e+00,0.000000000000000000e+00,0.000000000000000000e+00,0.000000000000000000e+00,0.000000000000000000e+00,0.000000000000000000e+00,0.000000000000000000e+00,0.000000000000000000e+00,0.000000000000000000e+00,0.000000000000000000e+00,0.000000000000000000e+00,0.000000000000000000e+00,0.000000000000000000e+00,0.000000000000000000e+00,0.000000000000000000e+00,0.000000000000000000e+00,0.000000000000000000e+00,0.000000000000000000e+00,0.000000000000000000e+00,0.000000000000000000e+00,0.000000000000000000e+00,0.000000000000000000e+00,0.000000000000000000e+00,0.000000000000000000e+00,0.000000000000000000e+00,0.000000000000000000e+00,0.000000000000000000e+00,0.000000000000000000e+00,0.000000000000000000e+00,0.000000000000000000e+00,0.000000000000000000e+00,0.000000000000000000e+00,0.000000000000000000e+00,0.000000000000000000e+00,0.000000000000000000e+00,0.000000000000000000e+00,0.000000000000000000e+00,0.000000000000000000e+00,0.000000000000000000e+00,0.000000000000000000e+00,0.000000000000000000e+00,0.000000000000000000e+00,0.000000000000000000e+00,0.000000000000000000e+00,0.000000000000000000e+00,0.000000000000000000e+00,0.000000000000000000e+00,0.000000000000000000e+00,0.000000000000000000e+00,0.000000000000000000e+00,0.000000000000000000e+00,0.000000000000000000e+00,0.000000000000000000e+00,0.000000000000000000e+00,0.000000000000000000e+00,0.000000000000000000e+00,0.000000000000000000e+00,0.000000000000000000e+00,0.000000000000000000e+00,0.000000000000000000e+00,0.000000000000000000e+00,0.000000000000000000e+00,0.000000000000000000e+00,0.000000000000000000e+00,0.000000000000000000e+00,0.000000000000000000e+00,0.000000000000000000e+00,0.000000000000000000e+00,0.000000000000000000e+00,0.000000000000000000e+00,0.000000000000000000e+00,0.000000000000000000e+00,0.000000000000000000e+00,0.000000000000000000e+00,0.000000000000000000e+00,0.000000000000000000e+00,0.000000000000000000e+00,0.000000000000000000e+00,0.000000000000000000e+00,0.000000000000000000e+00,0.000000000000000000e+00,0.000000000000000000e+00,0.000000000000000000e+00,0.000000000000000000e+00,0.000000000000000000e+00,0.000000000000000000e+00,0.000000000000000000e+00,0.000000000000000000e+00,0.000000000000000000e+00,0.000000000000000000e+00,0.000000000000000000e+00,0.000000000000000000e+00,0.000000000000000000e+00,0.000000000000000000e+00,0.000000000000000000e+00,0.000000000000000000e+00,0.000000000000000000e+00,0.000000000000000000e+00,0.000000000000000000e+00,0.000000000000000000e+00,0.000000000000000000e+00,0.000000000000000000e+00,0.000000000000000000e+00,0.000000000000000000e+00,0.000000000000000000e+00,0.000000000000000000e+00,0.000000000000000000e+00,0.000000000000000000e+00,0.000000000000000000e+00,0.000000000000000000e+00,0.000000000000000000e+00,0.000000000000000000e+00,0.000000000000000000e+00,0.000000000000000000e+00,0.000000000000000000e+00,0.000000000000000000e+00,0.000000000000000000e+00,0.000000000000000000e+00,0.000000000000000000e+00,0.000000000000000000e+00,0.000000000000000000e+00,0.000000000000000000e+00,0.000000000000000000e+00,0.000000000000000000e+00,0.000000000000000000e+00,0.000000000000000000e+00,0.000000000000000000e+00,0.000000000000000000e+00,0.000000000000000000e+00,0.000000000000000000e+00,0.000000000000000000e+00,0.000000000000000000e+00,0.000000000000000000e+00,0.000000000000000000e+00,0.000000000000000000e+00,0.000000000000000000e+00,0.000000000000000000e+00,0.000000000000000000e+00,0.000000000000000000e+00,0.000000000000000000e+00,0.000000000000000000e+00,0.000000000000000000e+00,0.000000000000000000e+00,0.000000000000000000e+00,0.000000000000000000e+00,0.000000000000000000e+00,0.000000000000000000e+00,0.000000000000000000e+00,0.000000000000000000e+00,0.000000000000000000e+00,0.000000000000000000e+00,0.000000000000000000e+00,0.000000000000000000e+00,0.000000000000000000e+00,0.000000000000000000e+00,0.000000000000000000e+00,0.000000000000000000e+00,0.000000000000000000e+00,0.000000000000000000e+00,0.000000000000000000e+00,0.000000000000000000e+00,0.000000000000000000e+00,0.000000000000000000e+00,0.000000000000000000e+00,0.000000000000000000e+00,0.000000000000000000e+00,0.000000000000000000e+00,0.000000000000000000e+00,0.000000000000000000e+00,0.000000000000000000e+00,0.000000000000000000e+00,0.000000000000000000e+00,0.000000000000000000e+00,0.000000000000000000e+00,0.000000000000000000e+00,0.000000000000000000e+00,0.000000000000000000e+00,0.000000000000000000e+00,0.000000000000000000e+00,0.000000000000000000e+00,0.000000000000000000e+00,0.000000000000000000e+00,0.000000000000000000e+00,0.000000000000000000e+00,0.000000000000000000e+00,0.000000000000000000e+00,0.000000000000000000e+00,0.000000000000000000e+00,0.000000000000000000e+00,0.000000000000000000e+00,0.000000000000000000e+00,0.000000000000000000e+00,0.000000000000000000e+00,0.000000000000000000e+00,0.000000000000000000e+00,0.000000000000000000e+00,0.000000000000000000e+00,0.000000000000000000e+00,0.000000000000000000e+00,0.000000000000000000e+00,0.000000000000000000e+00,0.000000000000000000e+00,0.000000000000000000e+00,0.000000000000000000e+00,0.000000000000000000e+00,0.000000000000000000e+00,0.000000000000000000e+00,0.000000000000000000e+00,0.000000000000000000e+00,0.000000000000000000e+00,0.000000000000000000e+00,0.000000000000000000e+00,0.000000000000000000e+00,0.000000000000000000e+00,0.000000000000000000e+00,0.000000000000000000e+00,0.000000000000000000e+00,0.000000000000000000e+00,0.000000000000000000e+00,0.000000000000000000e+00,0.000000000000000000e+00,0.000000000000000000e+00,0.000000000000000000e+00,0.000000000000000000e+00,0.000000000000000000e+00,0.000000000000000000e+00,0.000000000000000000e+00,0.000000000000000000e+00,0.000000000000000000e+00,0.000000000000000000e+00,0.000000000000000000e+00,0.000000000000000000e+00,0.000000000000000000e+00,0.000000000000000000e+00,0.000000000000000000e+00,0.000000000000000000e+00,0.000000000000000000e+00,0.000000000000000000e+00,0.000000000000000000e+00,0.000000000000000000e+00,0.000000000000000000e+00,0.000000000000000000e+00,0.000000000000000000e+00,0.000000000000000000e+00,0.000000000000000000e+00,0.000000000000000000e+00,0.000000000000000000e+00,0.000000000000000000e+00,0.000000000000000000e+00,0.000000000000000000e+00,0.000000000000000000e+00,0.000000000000000000e+00,0.000000000000000000e+00,0.000000000000000000e+00,0.000000000000000000e+00,0.000000000000000000e+00,0.000000000000000000e+00,0.000000000000000000e+00,0.000000000000000000e+00,0.000000000000000000e+00,0.000000000000000000e+00,0.000000000000000000e+00,0.000000000000000000e+00,0.000000000000000000e+00,0.000000000000000000e+00,0.000000000000000000e+00,0.000000000000000000e+00,0.000000000000000000e+00,0.000000000000000000e+00,0.000000000000000000e+00,0.000000000000000000e+00,0.000000000000000000e+00,0.000000000000000000e+00,0.000000000000000000e+00,0.000000000000000000e+00,0.000000000000000000e+00,0.000000000000000000e+00,0.000000000000000000e+00,0.000000000000000000e+00,0.000000000000000000e+00,0.000000000000000000e+00,0.000000000000000000e+00,0.000000000000000000e+00,0.000000000000000000e+00,0.000000000000000000e+00,0.000000000000000000e+00,0.000000000000000000e+00,0.000000000000000000e+00,0.000000000000000000e+00,0.000000000000000000e+00,0.000000000000000000e+00,0.000000000000000000e+00,0.000000000000000000e+00,0.000000000000000000e+00,0.000000000000000000e+00,0.000000000000000000e+00,0.000000000000000000e+00,0.000000000000000000e+00,0.000000000000000000e+00,0.000000000000000000e+00,0.000000000000000000e+00,0.000000000000000000e+00,0.000000000000000000e+00,0.000000000000000000e+00,0.000000000000000000e+00,0.000000000000000000e+00,0.000000000000000000e+00,0.000000000000000000e+00,0.000000000000000000e+00,0.000000000000000000e+00,0.000000000000000000e+00,0.000000000000000000e+00,0.000000000000000000e+00,0.000000000000000000e+00,0.000000000000000000e+00,0.000000000000000000e+00,0.000000000000000000e+00,0.000000000000000000e+00,0.000000000000000000e+00,0.000000000000000000e+00,0.000000000000000000e+00,0.000000000000000000e+00,0.000000000000000000e+00,0.000000000000000000e+00,0.000000000000000000e+00,0.000000000000000000e+00,0.000000000000000000e+00,0.000000000000000000e+00,0.000000000000000000e+00,0.000000000000000000e+00,0.000000000000000000e+00,0.000000000000000000e+00,0.000000000000000000e+00,0.000000000000000000e+00,0.000000000000000000e+00,0.000000000000000000e+00,0.000000000000000000e+00,0.000000000000000000e+00,0.000000000000000000e+00,0.000000000000000000e+00,0.000000000000000000e+00,0.000000000000000000e+00,0.000000000000000000e+00,0.000000000000000000e+00,0.000000000000000000e+00,0.000000000000000000e+00,0.000000000000000000e+00,0.000000000000000000e+00,0.000000000000000000e+00,0.000000000000000000e+00,0.000000000000000000e+00,0.000000000000000000e+00,0.000000000000000000e+00,0.000000000000000000e+00,0.000000000000000000e+00,0.000000000000000000e+00,0.000000000000000000e+00,0.000000000000000000e+00,0.000000000000000000e+00,0.000000000000000000e+00,0.000000000000000000e+00,0.000000000000000000e+00,0.000000000000000000e+00,0.000000000000000000e+00,0.000000000000000000e+00,0.000000000000000000e+00,0.000000000000000000e+00,0.000000000000000000e+00,0.000000000000000000e+00,0.000000000000000000e+00,0.000000000000000000e+00,0.000000000000000000e+00,0.000000000000000000e+00,0.000000000000000000e+00,0.000000000000000000e+00,0.000000000000000000e+00,0.000000000000000000e+00,0.000000000000000000e+00,0.000000000000000000e+00,0.000000000000000000e+00,0.000000000000000000e+00,0.000000000000000000e+00,0.000000000000000000e+00,0.000000000000000000e+00,0.000000000000000000e+00,0.000000000000000000e+00,0.000000000000000000e+00,0.000000000000000000e+00,0.000000000000000000e+00,0.000000000000000000e+00,0.000000000000000000e+00,0.000000000000000000e+00,0.000000000000000000e+00,0.000000000000000000e+00,0.000000000000000000e+00,0.000000000000000000e+00,0.000000000000000000e+00,0.000000000000000000e+00,0.000000000000000000e+00,0.000000000000000000e+00,0.000000000000000000e+00,0.000000000000000000e+00,0.000000000000000000e+00,0.000000000000000000e+00,0.000000000000000000e+00,0.000000000000000000e+00,0.000000000000000000e+00,0.000000000000000000e+00,0.000000000000000000e+00,0.000000000000000000e+00,0.000000000000000000e+00,0.000000000000000000e+00,0.000000000000000000e+00,0.000000000000000000e+00,0.000000000000000000e+00,0.000000000000000000e+00,0.000000000000000000e+00,0.000000000000000000e+00,0.000000000000000000e+00,0.000000000000000000e+00,0.000000000000000000e+00,0.000000000000000000e+00,0.000000000000000000e+00,0.000000000000000000e+00,0.000000000000000000e+00,0.000000000000000000e+00,0.000000000000000000e+00,0.000000000000000000e+00,0.000000000000000000e+00,0.000000000000000000e+00,0.000000000000000000e+00,0.000000000000000000e+00,0.000000000000000000e+00,0.000000000000000000e+00,0.000000000000000000e+00,0.000000000000000000e+00,0.000000000000000000e+00,0.000000000000000000e+00,0.000000000000000000e+00,0.000000000000000000e+00,0.000000000000000000e+00,0.000000000000000000e+00,0.000000000000000000e+00,0.000000000000000000e+00,0.000000000000000000e+00,0.000000000000000000e+00,0.000000000000000000e+00,0.000000000000000000e+00,0.000000000000000000e+00,0.000000000000000000e+00,0.000000000000000000e+00,0.000000000000000000e+00,0.000000000000000000e+00,0.000000000000000000e+00,0.000000000000000000e+00,0.000000000000000000e+00,0.000000000000000000e+00,0.000000000000000000e+00,0.000000000000000000e+00,0.000000000000000000e+00,0.000000000000000000e+00,0.000000000000000000e+00,0.000000000000000000e+00,0.000000000000000000e+00,0.000000000000000000e+00,0.000000000000000000e+00,0.000000000000000000e+00,0.000000000000000000e+00,0.000000000000000000e+00,0.000000000000000000e+00,0.000000000000000000e+00,0.000000000000000000e+00,0.000000000000000000e+00,0.000000000000000000e+00,0.000000000000000000e+00,0.000000000000000000e+00,0.000000000000000000e+00,0.000000000000000000e+00,0.000000000000000000e+00,0.000000000000000000e+00,0.000000000000000000e+00,0.000000000000000000e+00,0.000000000000000000e+00,0.000000000000000000e+00,0.000000000000000000e+00,0.000000000000000000e+00,0.000000000000000000e+00,0.000000000000000000e+00,0.000000000000000000e+00,0.000000000000000000e+00,0.000000000000000000e+00,0.000000000000000000e+00,0.000000000000000000e+00,0.000000000000000000e+00,0.000000000000000000e+00,0.000000000000000000e+00,0.000000000000000000e+00,0.000000000000000000e+00,0.000000000000000000e+00,0.000000000000000000e+00,0.000000000000000000e+00,0.000000000000000000e+00,0.000000000000000000e+00,0.000000000000000000e+00,0.000000000000000000e+00,0.000000000000000000e+00,0.000000000000000000e+00,0.000000000000000000e+00,0.000000000000000000e+00,0.000000000000000000e+00,0.000000000000000000e+00,0.000000000000000000e+00,0.000000000000000000e+00,0.000000000000000000e+00,0.000000000000000000e+00,0.000000000000000000e+00,0.000000000000000000e+00,0.000000000000000000e+00,0.000000000000000000e+00,0.000000000000000000e+00,0.000000000000000000e+00,0.000000000000000000e+00,0.000000000000000000e+00,0.000000000000000000e+00,0.000000000000000000e+00,0.000000000000000000e+00,0.000000000000000000e+00,0.000000000000000000e+00,0.000000000000000000e+00,0.000000000000000000e+00,0.000000000000000000e+00,0.000000000000000000e+00,0.000000000000000000e+00,0.000000000000000000e+00,0.000000000000000000e+00,0.000000000000000000e+00,0.000000000000000000e+00,0.000000000000000000e+00,0.000000000000000000e+00,0.000000000000000000e+00,0.000000000000000000e+00,0.000000000000000000e+00,0.000000000000000000e+00,0.000000000000000000e+00,0.000000000000000000e+00,0.000000000000000000e+00,0.000000000000000000e+00,0.000000000000000000e+00,0.000000000000000000e+00,0.000000000000000000e+00,0.000000000000000000e+00,0.000000000000000000e+00,0.000000000000000000e+00,0.000000000000000000e+00,0.000000000000000000e+00,0.000000000000000000e+00,0.000000000000000000e+00,0.000000000000000000e+00,0.000000000000000000e+00,0.000000000000000000e+00,0.000000000000000000e+00,0.000000000000000000e+00,0.000000000000000000e+00,0.000000000000000000e+00,0.000000000000000000e+00,0.000000000000000000e+00,0.000000000000000000e+00,0.000000000000000000e+00,0.000000000000000000e+00,0.000000000000000000e+00,0.000000000000000000e+00,0.000000000000000000e+00,0.000000000000000000e+00,0.000000000000000000e+00,0.000000000000000000e+00,0.000000000000000000e+00,0.000000000000000000e+00,0.000000000000000000e+00,0.000000000000000000e+00,0.000000000000000000e+00,0.000000000000000000e+00,0.000000000000000000e+00,0.000000000000000000e+00,0.000000000000000000e+00,0.000000000000000000e+00,0.000000000000000000e+00,0.000000000000000000e+00,0.000000000000000000e+00,0.000000000000000000e+00,0.000000000000000000e+00,0.000000000000000000e+00,0.000000000000000000e+00,0.000000000000000000e+00,0.000000000000000000e+00,0.000000000000000000e+00,0.000000000000000000e+00,0.000000000000000000e+00,0.000000000000000000e+00,0.000000000000000000e+00,0.000000000000000000e+00,0.000000000000000000e+00,0.000000000000000000e+00,0.000000000000000000e+00,0.000000000000000000e+00,0.000000000000000000e+00,0.000000000000000000e+00,0.000000000000000000e+00,0.000000000000000000e+00,0.000000000000000000e+00,0.000000000000000000e+00,0.000000000000000000e+00,0.000000000000000000e+00,0.000000000000000000e+00,0.000000000000000000e+00,0.000000000000000000e+00,0.000000000000000000e+00,0.000000000000000000e+00,0.000000000000000000e+00,0.000000000000000000e+00,0.000000000000000000e+00,0.000000000000000000e+00,0.000000000000000000e+00,0.000000000000000000e+00,0.000000000000000000e+00,0.000000000000000000e+00,0.000000000000000000e+00,0.000000000000000000e+00,0.000000000000000000e+00,0.000000000000000000e+00,0.000000000000000000e+00,0.000000000000000000e+00,0.000000000000000000e+00,0.000000000000000000e+00,0.000000000000000000e+00,0.000000000000000000e+00,0.000000000000000000e+00,0.000000000000000000e+00,0.000000000000000000e+00,0.000000000000000000e+00,0.000000000000000000e+00,0.000000000000000000e+00,0.000000000000000000e+00,0.000000000000000000e+00,0.000000000000000000e+00,0.000000000000000000e+00,0.000000000000000000e+00,0.000000000000000000e+00,0.000000000000000000e+00,0.000000000000000000e+00,0.000000000000000000e+00,0.000000000000000000e+00,0.000000000000000000e+00,0.000000000000000000e+00,0.000000000000000000e+00,0.000000000000000000e+00,0.000000000000000000e+00,0.000000000000000000e+00,0.000000000000000000e+00,0.000000000000000000e+00,0.000000000000000000e+00,0.000000000000000000e+00,0.000000000000000000e+00,0.000000000000000000e+00,0.000000000000000000e+00,0.000000000000000000e+00,0.000000000000000000e+00,0.000000000000000000e+00,0.000000000000000000e+00,0.000000000000000000e+00,0.000000000000000000e+00,0.000000000000000000e+00,0.000000000000000000e+00,0.000000000000000000e+00,0.000000000000000000e+00,0.000000000000000000e+00,0.000000000000000000e+00,0.000000000000000000e+00,0.000000000000000000e+00,0.000000000000000000e+00,0.000000000000000000e+00,0.000000000000000000e+00,0.000000000000000000e+00,0.000000000000000000e+00,0.000000000000000000e+00,0.000000000000000000e+00,0.000000000000000000e+00,0.000000000000000000e+00,0.000000000000000000e+00,0.000000000000000000e+00,0.000000000000000000e+00,0.000000000000000000e+00,0.000000000000000000e+00,0.000000000000000000e+00,0.000000000000000000e+00,0.000000000000000000e+00,0.000000000000000000e+00,0.000000000000000000e+00,0.000000000000000000e+00,0.000000000000000000e+00,0.000000000000000000e+00,0.000000000000000000e+00,0.000000000000000000e+00,0.000000000000000000e+00,0.000000000000000000e+00,0.000000000000000000e+00,0.000000000000000000e+00,0.000000000000000000e+00,0.000000000000000000e+00,0.000000000000000000e+00,0.000000000000000000e+00,0.000000000000000000e+00,0.000000000000000000e+00,0.000000000000000000e+00,0.000000000000000000e+00,0.000000000000000000e+00,0.000000000000000000e+00,0.000000000000000000e+00,0.000000000000000000e+00,0.000000000000000000e+00,0.000000000000000000e+00,0.000000000000000000e+00,0.000000000000000000e+00,0.000000000000000000e+00,0.000000000000000000e+00,0.000000000000000000e+00,0.000000000000000000e+00,0.000000000000000000e+00,0.000000000000000000e+00,0.000000000000000000e+00,0.000000000000000000e+00,0.000000000000000000e+00,0.000000000000000000e+00,0.000000000000000000e+00,0.000000000000000000e+00,0.000000000000000000e+00,0.000000000000000000e+00,0.000000000000000000e+00,0.000000000000000000e+00,0.000000000000000000e+00,0.000000000000000000e+00,0.000000000000000000e+00,0.000000000000000000e+00,0.000000000000000000e+00,0.000000000000000000e+00,0.000000000000000000e+00,0.000000000000000000e+00,0.000000000000000000e+00,0.000000000000000000e+00,0.000000000000000000e+00,0.000000000000000000e+00,0.000000000000000000e+00,0.000000000000000000e+00,0.000000000000000000e+00,0.000000000000000000e+00,0.000000000000000000e+00,0.000000000000000000e+00,0.000000000000000000e+00,0.000000000000000000e+00,0.000000000000000000e+00,0.000000000000000000e+00,0.000000000000000000e+00,0.000000000000000000e+00,0.000000000000000000e+00,0.000000000000000000e+00,0.000000000000000000e+00,0.000000000000000000e+00,0.000000000000000000e+00,0.000000000000000000e+00,0.000000000000000000e+00,0.000000000000000000e+00,0.000000000000000000e+00,0.000000000000000000e+00,0.000000000000000000e+00,0.000000000000000000e+00,0.000000000000000000e+00,0.000000000000000000e+00,0.000000000000000000e+00,0.000000000000000000e+00,0.000000000000000000e+00,0.000000000000000000e+00,0.000000000000000000e+00,0.000000000000000000e+00,0.000000000000000000e+00,0.000000000000000000e+00,0.000000000000000000e+00,0.000000000000000000e+00,0.000000000000000000e+00,0.000000000000000000e+00,0.000000000000000000e+00,0.000000000000000000e+00,0.000000000000000000e+00,0.000000000000000000e+00,0.000000000000000000e+00,0.000000000000000000e+00,0.000000000000000000e+00,0.000000000000000000e+00,0.000000000000000000e+00,0.000000000000000000e+00,0.000000000000000000e+00,0.000000000000000000e+00,0.000000000000000000e+00,0.000000000000000000e+00,0.000000000000000000e+00,0.000000000000000000e+00,0.000000000000000000e+00,0.000000000000000000e+00,0.000000000000000000e+00,0.000000000000000000e+00,0.000000000000000000e+00,0.000000000000000000e+00,0.000000000000000000e+00,0.000000000000000000e+00,0.000000000000000000e+00,0.000000000000000000e+00,0.000000000000000000e+00,0.000000000000000000e+00,0.000000000000000000e+00,0.000000000000000000e+00,0.000000000000000000e+00,0.000000000000000000e+00,0.000000000000000000e+00,0.000000000000000000e+00,0.000000000000000000e+00,0.000000000000000000e+00,0.000000000000000000e+00,0.000000000000000000e+00,0.000000000000000000e+00,0.000000000000000000e+00,0.000000000000000000e+00,0.000000000000000000e+00,0.000000000000000000e+00,0.000000000000000000e+00,0.000000000000000000e+00,0.000000000000000000e+00,0.000000000000000000e+00,0.000000000000000000e+00,0.000000000000000000e+00,0.000000000000000000e+00,0.000000000000000000e+00,0.000000000000000000e+00,0.000000000000000000e+00,0.000000000000000000e+00,0.000000000000000000e+00,0.000000000000000000e+00,0.000000000000000000e+00,0.000000000000000000e+00,0.000000000000000000e+00,0.000000000000000000e+00,0.000000000000000000e+00,0.000000000000000000e+00,0.000000000000000000e+00,0.000000000000000000e+00,0.000000000000000000e+00,0.000000000000000000e+00,0.000000000000000000e+00,0.000000000000000000e+00,0.000000000000000000e+00,0.000000000000000000e+00,0.000000000000000000e+00,0.000000000000000000e+00,0.000000000000000000e+00,0.000000000000000000e+00,0.000000000000000000e+00,0.000000000000000000e+00,0.000000000000000000e+00,0.000000000000000000e+00,0.000000000000000000e+00,0.000000000000000000e+00,0.000000000000000000e+00,0.000000000000000000e+00,0.000000000000000000e+00,0.000000000000000000e+00,0.000000000000000000e+00,0.000000000000000000e+00,0.000000000000000000e+00,0.000000000000000000e+00,0.000000000000000000e+00,0.000000000000000000e+00,0.000000000000000000e+00,0.000000000000000000e+00,0.000000000000000000e+00,0.000000000000000000e+00,0.000000000000000000e+00,0.000000000000000000e+00,0.000000000000000000e+00,0.000000000000000000e+00,0.000000000000000000e+00,0.000000000000000000e+00,0.000000000000000000e+00,0.000000000000000000e+00,0.000000000000000000e+00,0.000000000000000000e+00,0.000000000000000000e+00,0.000000000000000000e+00,0.000000000000000000e+00,0.000000000000000000e+00,0.000000000000000000e+00,0.000000000000000000e+00,0.000000000000000000e+00,0.000000000000000000e+00,0.000000000000000000e+00,0.000000000000000000e+00,0.000000000000000000e+00,0.000000000000000000e+00,0.000000000000000000e+00,0.000000000000000000e+00,0.000000000000000000e+00,0.000000000000000000e+00,0.000000000000000000e+00,0.000000000000000000e+00,0.000000000000000000e+00,0.000000000000000000e+00,0.000000000000000000e+00,0.000000000000000000e+00,0.000000000000000000e+00,0.000000000000000000e+00,0.000000000000000000e+00,0.000000000000000000e+00,0.000000000000000000e+00,0.000000000000000000e+00,0.000000000000000000e+00,0.000000000000000000e+00,0.000000000000000000e+00,0.000000000000000000e+00,0.000000000000000000e+00,0.000000000000000000e+00,0.000000000000000000e+00,0.000000000000000000e+00,0.000000000000000000e+00,0.000000000000000000e+00,0.000000000000000000e+00,0.000000000000000000e+00,0.000000000000000000e+00,0.000000000000000000e+00,0.000000000000000000e+00,0.000000000000000000e+00,0.000000000000000000e+00,0.000000000000000000e+00,0.000000000000000000e+00,0.000000000000000000e+00,0.000000000000000000e+00,0.000000000000000000e+00,0.000000000000000000e+00,0.000000000000000000e+00,0.000000000000000000e+00,0.000000000000000000e+00,0.000000000000000000e+00,0.000000000000000000e+00,0.000000000000000000e+00,0.000000000000000000e+00,0.000000000000000000e+00,0.000000000000000000e+00,0.000000000000000000e+00,0.000000000000000000e+00,0.000000000000000000e+00,0.000000000000000000e+00,0.000000000000000000e+00,0.000000000000000000e+00,0.000000000000000000e+00,0.000000000000000000e+00,0.000000000000000000e+00,0.000000000000000000e+00,0.000000000000000000e+00,0.000000000000000000e+00,0.000000000000000000e+00,0.000000000000000000e+00,0.000000000000000000e+00,0.000000000000000000e+00,0.000000000000000000e+00,0.000000000000000000e+00,0.000000000000000000e+00,0.000000000000000000e+00,0.000000000000000000e+00,0.000000000000000000e+00,0.000000000000000000e+00,0.000000000000000000e+00,0.000000000000000000e+00,0.000000000000000000e+00,0.000000000000000000e+00,0.000000000000000000e+00,0.000000000000000000e+00,0.000000000000000000e+00,0.000000000000000000e+00,0.000000000000000000e+00,0.000000000000000000e+00,0.000000000000000000e+00,0.000000000000000000e+00,0.000000000000000000e+00,0.000000000000000000e+00,0.000000000000000000e+00,0.000000000000000000e+00,0.000000000000000000e+00,0.000000000000000000e+00,0.000000000000000000e+00,0.000000000000000000e+00,0.000000000000000000e+00,0.000000000000000000e+00,0.000000000000000000e+00,0.000000000000000000e+00,0.000000000000000000e+00,0.000000000000000000e+00,0.000000000000000000e+00,0.000000000000000000e+00,0.000000000000000000e+00,0.000000000000000000e+00,0.000000000000000000e+00,0.000000000000000000e+00,0.000000000000000000e+00,0.000000000000000000e+00,0.000000000000000000e+00,0.000000000000000000e+00,0.000000000000000000e+00,0.000000000000000000e+00,0.000000000000000000e+00,0.000000000000000000e+00,0.000000000000000000e+00,0.000000000000000000e+00,0.000000000000000000e+00,0.000000000000000000e+00,0.000000000000000000e+00,0.000000000000000000e+00,0.000000000000000000e+00,0.000000000000000000e+00,0.000000000000000000e+00,0.000000000000000000e+00,0.000000000000000000e+00,0.000000000000000000e+00,0.000000000000000000e+00,0.000000000000000000e+00,0.000000000000000000e+00,0.000000000000000000e+00,0.000000000000000000e+00,0.000000000000000000e+00,0.000000000000000000e+00,0.000000000000000000e+00,0.000000000000000000e+00,0.000000000000000000e+00,0.000000000000000000e+00,0.000000000000000000e+00,0.000000000000000000e+00,0.000000000000000000e+00,0.000000000000000000e+00,0.000000000000000000e+00,0.000000000000000000e+00,0.000000000000000000e+00,0.000000000000000000e+00,0.000000000000000000e+00,0.000000000000000000e+00,0.000000000000000000e+00,0.000000000000000000e+00,0.000000000000000000e+00,0.000000000000000000e+00,0.000000000000000000e+00,0.000000000000000000e+00,0.000000000000000000e+00,0.000000000000000000e+00,0.000000000000000000e+00,0.000000000000000000e+00,0.000000000000000000e+00,0.000000000000000000e+00,0.000000000000000000e+00,0.000000000000000000e+00,0.000000000000000000e+00,0.000000000000000000e+00,0.000000000000000000e+00,0.000000000000000000e+00,0.000000000000000000e+00,0.000000000000000000e+00,0.000000000000000000e+00,0.000000000000000000e+00,0.000000000000000000e+00,0.000000000000000000e+00,0.000000000000000000e+00,0.000000000000000000e+00,0.000000000000000000e+00,0.000000000000000000e+00,0.000000000000000000e+00,0.000000000000000000e+00,0.000000000000000000e+00,0.000000000000000000e+00,0.000000000000000000e+00,0.000000000000000000e+00,0.000000000000000000e+00,0.000000000000000000e+00,0.000000000000000000e+00,0.000000000000000000e+00,0.000000000000000000e+00,0.000000000000000000e+00,0.000000000000000000e+00,0.000000000000000000e+00,0.000000000000000000e+00,0.000000000000000000e+00,0.000000000000000000e+00,0.000000000000000000e+00,0.000000000000000000e+00,0.000000000000000000e+00,0.000000000000000000e+00,0.000000000000000000e+00,0.000000000000000000e+00,0.000000000000000000e+00,0.000000000000000000e+00,0.000000000000000000e+00,0.000000000000000000e+00,0.000000000000000000e+00,0.000000000000000000e+00,0.000000000000000000e+00,0.000000000000000000e+00,0.000000000000000000e+00,0.000000000000000000e+00,0.000000000000000000e+00,0.000000000000000000e+00,0.000000000000000000e+00,0.000000000000000000e+00,0.000000000000000000e+00,0.000000000000000000e+00,0.000000000000000000e+00,0.000000000000000000e+00,0.000000000000000000e+00,0.000000000000000000e+00,0.000000000000000000e+00,0.000000000000000000e+00,0.000000000000000000e+00,0.000000000000000000e+00,0.000000000000000000e+00,0.000000000000000000e+00,0.000000000000000000e+00,0.000000000000000000e+00,0.000000000000000000e+00,0.000000000000000000e+00,0.000000000000000000e+00,0.000000000000000000e+00,0.000000000000000000e+00,0.000000000000000000e+00,0.000000000000000000e+00,0.000000000000000000e+00,0.000000000000000000e+00,0.000000000000000000e+00,0.000000000000000000e+00,0.000000000000000000e+00,0.000000000000000000e+00,0.000000000000000000e+00,0.000000000000000000e+00,0.000000000000000000e+00,0.000000000000000000e+00,0.000000000000000000e+00,0.000000000000000000e+00,0.000000000000000000e+00,0.000000000000000000e+00,0.000000000000000000e+00,0.000000000000000000e+00,0.000000000000000000e+00,0.000000000000000000e+00,0.000000000000000000e+00,0.000000000000000000e+00,0.000000000000000000e+00,0.000000000000000000e+00,0.000000000000000000e+00,0.000000000000000000e+00,0.000000000000000000e+00,0.000000000000000000e+00,0.000000000000000000e+00,0.000000000000000000e+00,0.000000000000000000e+00,0.000000000000000000e+00,0.000000000000000000e+00,0.000000000000000000e+00,0.000000000000000000e+00,0.000000000000000000e+00,0.000000000000000000e+00,0.000000000000000000e+00,0.000000000000000000e+00,0.000000000000000000e+00,0.000000000000000000e+00,0.000000000000000000e+00,0.000000000000000000e+00,0.000000000000000000e+00,0.000000000000000000e+00,0.000000000000000000e+00,0.000000000000000000e+00,0.000000000000000000e+00,0.000000000000000000e+00,0.000000000000000000e+00,0.000000000000000000e+00,0.000000000000000000e+00,0.000000000000000000e+00,0.000000000000000000e+00,0.000000000000000000e+00,0.000000000000000000e+00,0.000000000000000000e+00,0.000000000000000000e+00,0.000000000000000000e+00,0.000000000000000000e+00,0.000000000000000000e+00,0.000000000000000000e+00,0.000000000000000000e+00,0.000000000000000000e+00,0.000000000000000000e+00,0.000000000000000000e+00,0.000000000000000000e+00,0.000000000000000000e+00,0.000000000000000000e+00,0.000000000000000000e+00,0.000000000000000000e+00,0.000000000000000000e+00,0.000000000000000000e+00,0.000000000000000000e+00,0.000000000000000000e+00,0.000000000000000000e+00,0.000000000000000000e+00,0.000000000000000000e+00,0.000000000000000000e+00,0.000000000000000000e+00,0.000000000000000000e+00,0.000000000000000000e+00,0.000000000000000000e+00,0.000000000000000000e+00,0.000000000000000000e+00,0.000000000000000000e+00,0.000000000000000000e+00,0.000000000000000000e+00,0.000000000000000000e+00,0.000000000000000000e+00,0.000000000000000000e+00,0.000000000000000000e+00,0.000000000000000000e+00,0.000000000000000000e+00,0.000000000000000000e+00,0.000000000000000000e+00,0.000000000000000000e+00,0.000000000000000000e+00,0.000000000000000000e+00,0.000000000000000000e+00,0.000000000000000000e+00,0.000000000000000000e+00,0.000000000000000000e+00,0.000000000000000000e+00,0.000000000000000000e+00,0.000000000000000000e+00,0.000000000000000000e+00,0.000000000000000000e+00,0.000000000000000000e+00,0.000000000000000000e+00,0.000000000000000000e+00,0.000000000000000000e+00,0.000000000000000000e+00,0.000000000000000000e+00,0.000000000000000000e+00,0.000000000000000000e+00,0.000000000000000000e+00,0.000000000000000000e+00,0.000000000000000000e+00,0.000000000000000000e+00,0.000000000000000000e+00,0.000000000000000000e+00,0.000000000000000000e+00,0.000000000000000000e+00,0.000000000000000000e+00,0.000000000000000000e+00,0.000000000000000000e+00,0.000000000000000000e+00,0.000000000000000000e+00,0.000000000000000000e+00,0.000000000000000000e+00,0.000000000000000000e+00,0.000000000000000000e+00,0.000000000000000000e+00,0.000000000000000000e+00,0.000000000000000000e+00,0.000000000000000000e+00,0.000000000000000000e+00,0.000000000000000000e+00,0.000000000000000000e+00,0.000000000000000000e+00,0.000000000000000000e+00,0.000000000000000000e+00,0.000000000000000000e+00,0.000000000000000000e+00,0.000000000000000000e+00,0.000000000000000000e+00,0.000000000000000000e+00,0.000000000000000000e+00,0.000000000000000000e+00,0.000000000000000000e+00,0.000000000000000000e+00,0.000000000000000000e+00,0.000000000000000000e+00,0.000000000000000000e+00,0.000000000000000000e+00,0.000000000000000000e+00,0.000000000000000000e+00,0.000000000000000000e+00,0.000000000000000000e+00,0.000000000000000000e+00,0.000000000000000000e+00,0.000000000000000000e+00,0.000000000000000000e+00,0.000000000000000000e+00,0.000000000000000000e+00,0.000000000000000000e+00,0.000000000000000000e+00,0.000000000000000000e+00,0.000000000000000000e+00,0.000000000000000000e+00,0.000000000000000000e+00,0.000000000000000000e+00,0.000000000000000000e+00,0.000000000000000000e+00,0.000000000000000000e+00,0.000000000000000000e+00,0.000000000000000000e+00,0.000000000000000000e+00,0.000000000000000000e+00,0.000000000000000000e+00,0.000000000000000000e+00,0.000000000000000000e+00,0.000000000000000000e+00,0.000000000000000000e+00,0.000000000000000000e+00,0.000000000000000000e+00,0.000000000000000000e+00,0.000000000000000000e+00,0.000000000000000000e+00,0.000000000000000000e+00,0.000000000000000000e+00,0.000000000000000000e+00,0.000000000000000000e+00,0.000000000000000000e+00,0.000000000000000000e+00,0.000000000000000000e+00,0.000000000000000000e+00,0.000000000000000000e+00,0.000000000000000000e+00,0.000000000000000000e+00,0.000000000000000000e+00,0.000000000000000000e+00,0.000000000000000000e+00,0.000000000000000000e+00,0.000000000000000000e+00,0.000000000000000000e+00,0.000000000000000000e+00,0.000000000000000000e+00,0.000000000000000000e+00,0.000000000000000000e+00,0.000000000000000000e+00,0.000000000000000000e+00,0.000000000000000000e+00,0.000000000000000000e+00,0.000000000000000000e+00,0.000000000000000000e+00,0.000000000000000000e+00,0.000000000000000000e+00,0.000000000000000000e+00,0.000000000000000000e+00,0.000000000000000000e+00,0.000000000000000000e+00,0.000000000000000000e+00,0.000000000000000000e+00,0.000000000000000000e+00,0.000000000000000000e+00,0.000000000000000000e+00,0.000000000000000000e+00,0.000000000000000000e+00,0.000000000000000000e+00,0.000000000000000000e+00,0.000000000000000000e+00,0.000000000000000000e+00,0.000000000000000000e+00,0.000000000000000000e+00,0.000000000000000000e+00,0.000000000000000000e+00,0.000000000000000000e+00,0.000000000000000000e+00,0.000000000000000000e+00,0.000000000000000000e+00,0.000000000000000000e+00,0.000000000000000000e+00,0.000000000000000000e+00,0.000000000000000000e+00,0.000000000000000000e+00,0.000000000000000000e+00,0.000000000000000000e+00,0.000000000000000000e+00,0.000000000000000000e+00,0.000000000000000000e+00,0.000000000000000000e+00,0.000000000000000000e+00,0.000000000000000000e+00,0.000000000000000000e+00,0.000000000000000000e+00,0.000000000000000000e+00,0.000000000000000000e+00,0.000000000000000000e+00,0.000000000000000000e+00,0.000000000000000000e+00,0.000000000000000000e+00,0.000000000000000000e+00,0.000000000000000000e+00,0.000000000000000000e+00,0.000000000000000000e+00,0.000000000000000000e+00,0.000000000000000000e+00,0.000000000000000000e+00,0.000000000000000000e+00,0.000000000000000000e+00,0.000000000000000000e+00,0.000000000000000000e+00,0.000000000000000000e+00,0.000000000000000000e+00,0.000000000000000000e+00,0.000000000000000000e+00,0.000000000000000000e+00,0.000000000000000000e+00,0.000000000000000000e+00,0.000000000000000000e+00,0.000000000000000000e+00,0.000000000000000000e+00,0.000000000000000000e+00,0.000000000000000000e+00,0.000000000000000000e+00,0.000000000000000000e+00,0.000000000000000000e+00,0.000000000000000000e+00,0.000000000000000000e+00,0.000000000000000000e+00,0.000000000000000000e+00,0.000000000000000000e+00,0.000000000000000000e+00,0.000000000000000000e+00,0.000000000000000000e+00,0.000000000000000000e+00,0.000000000000000000e+00,0.000000000000000000e+00,0.000000000000000000e+00,0.000000000000000000e+00,0.000000000000000000e+00,0.000000000000000000e+00,0.000000000000000000e+00,0.000000000000000000e+00,0.000000000000000000e+00,0.000000000000000000e+00,0.000000000000000000e+00,0.000000000000000000e+00,0.000000000000000000e+00,0.000000000000000000e+00,0.000000000000000000e+00,0.000000000000000000e+00,0.000000000000000000e+00,0.000000000000000000e+00,0.000000000000000000e+00,0.000000000000000000e+00,0.000000000000000000e+00,0.000000000000000000e+00,0.000000000000000000e+00,0.000000000000000000e+00,0.000000000000000000e+00,0.000000000000000000e+00,0.000000000000000000e+00,0.000000000000000000e+00,0.000000000000000000e+00,0.000000000000000000e+00,0.000000000000000000e+00,0.000000000000000000e+00,0.000000000000000000e+00,0.000000000000000000e+00,0.000000000000000000e+00,0.000000000000000000e+00,0.000000000000000000e+00,0.000000000000000000e+00,0.000000000000000000e+00,0.000000000000000000e+00,0.000000000000000000e+00,0.000000000000000000e+00,0.000000000000000000e+00,0.000000000000000000e+00,0.000000000000000000e+00,0.000000000000000000e+00,0.000000000000000000e+00,0.000000000000000000e+00,0.000000000000000000e+00,0.000000000000000000e+00,0.000000000000000000e+00,0.000000000000000000e+00,0.000000000000000000e+00,0.000000000000000000e+00,0.000000000000000000e+00,0.000000000000000000e+00,0.000000000000000000e+00,0.000000000000000000e+00,0.000000000000000000e+00,0.000000000000000000e+00,0.000000000000000000e+00,0.000000000000000000e+00,0.000000000000000000e+00,0.000000000000000000e+00,0.000000000000000000e+00,0.000000000000000000e+00,0.000000000000000000e+00,0.000000000000000000e+00,0.000000000000000000e+00,0.000000000000000000e+00,0.000000000000000000e+00,0.000000000000000000e+00,0.000000000000000000e+00,0.000000000000000000e+00,0.000000000000000000e+00,0.000000000000000000e+00,0.000000000000000000e+00,0.000000000000000000e+00,0.000000000000000000e+00,0.000000000000000000e+00,0.000000000000000000e+00,0.000000000000000000e+00,0.000000000000000000e+00,0.000000000000000000e+00,0.000000000000000000e+00,0.000000000000000000e+00,0.000000000000000000e+00,0.000000000000000000e+00,0.000000000000000000e+00,0.000000000000000000e+00,0.000000000000000000e+00,0.000000000000000000e+00,0.000000000000000000e+00,0.000000000000000000e+00,0.000000000000000000e+00,0.000000000000000000e+00,0.000000000000000000e+00,0.000000000000000000e+00,0.000000000000000000e+00,0.000000000000000000e+00,0.000000000000000000e+00,0.000000000000000000e+00,0.000000000000000000e+00,0.000000000000000000e+00,0.000000000000000000e+00,0.000000000000000000e+00,0.000000000000000000e+00,0.000000000000000000e+00,0.000000000000000000e+00,0.000000000000000000e+00,0.000000000000000000e+00,0.000000000000000000e+00,0.000000000000000000e+00,0.000000000000000000e+00,0.000000000000000000e+00,0.000000000000000000e+00,0.000000000000000000e+00,0.000000000000000000e+00,0.000000000000000000e+00,0.000000000000000000e+00,0.000000000000000000e+00,0.000000000000000000e+00,0.000000000000000000e+00,0.000000000000000000e+00,0.000000000000000000e+00,0.000000000000000000e+00,0.000000000000000000e+00,0.000000000000000000e+00,0.000000000000000000e+00,0.000000000000000000e+00,0.000000000000000000e+00,0.000000000000000000e+00,0.000000000000000000e+00,0.000000000000000000e+00,0.000000000000000000e+00,0.000000000000000000e+00,0.000000000000000000e+00,0.000000000000000000e+00,0.000000000000000000e+00,0.000000000000000000e+00,0.000000000000000000e+00,0.000000000000000000e+00,0.000000000000000000e+00,0.000000000000000000e+00,0.000000000000000000e+00,0.000000000000000000e+00,0.000000000000000000e+00,0.000000000000000000e+00,0.000000000000000000e+00,0.000000000000000000e+00,0.000000000000000000e+00,0.000000000000000000e+00,0.000000000000000000e+00,0.000000000000000000e+00,0.000000000000000000e+00,0.000000000000000000e+00,0.000000000000000000e+00,0.000000000000000000e+00,0.000000000000000000e+00,0.000000000000000000e+00,0.000000000000000000e+00,0.000000000000000000e+00,0.000000000000000000e+00,0.000000000000000000e+00,0.000000000000000000e+00,0.000000000000000000e+00,0.000000000000000000e+00,0.000000000000000000e+00,0.000000000000000000e+00,0.000000000000000000e+00,0.000000000000000000e+00,0.000000000000000000e+00,0.000000000000000000e+00,0.000000000000000000e+00,0.000000000000000000e+00,0.000000000000000000e+00,0.000000000000000000e+00,0.000000000000000000e+00,0.000000000000000000e+00,0.000000000000000000e+00,0.000000000000000000e+00,0.000000000000000000e+00,0.000000000000000000e+00,0.000000000000000000e+00,0.000000000000000000e+00,0.000000000000000000e+00,0.000000000000000000e+00,0.000000000000000000e+00,0.000000000000000000e+00,0.000000000000000000e+00,0.000000000000000000e+00,0.000000000000000000e+00,0.000000000000000000e+00,0.000000000000000000e+00,0.000000000000000000e+00,0.000000000000000000e+00,0.000000000000000000e+00,0.000000000000000000e+00,0.000000000000000000e+00,0.000000000000000000e+00,0.000000000000000000e+00,0.000000000000000000e+00,0.000000000000000000e+00,0.000000000000000000e+00,0.000000000000000000e+00,0.000000000000000000e+00,0.000000000000000000e+00,0.000000000000000000e+00,0.000000000000000000e+00,0.000000000000000000e+00,0.000000000000000000e+00,0.000000000000000000e+00,0.000000000000000000e+00,0.000000000000000000e+00,0.000000000000000000e+00,0.000000000000000000e+00,0.000000000000000000e+00,0.000000000000000000e+00,0.000000000000000000e+00,0.000000000000000000e+00,0.000000000000000000e+00,0.000000000000000000e+00,0.000000000000000000e+00,0.000000000000000000e+00,0.000000000000000000e+00,0.000000000000000000e+00,0.000000000000000000e+00,0.000000000000000000e+00,0.000000000000000000e+00,0.000000000000000000e+00,0.000000000000000000e+00,0.000000000000000000e+00,0.000000000000000000e+00,0.000000000000000000e+00,0.000000000000000000e+00,0.000000000000000000e+00,0.000000000000000000e+00,0.000000000000000000e+00,0.000000000000000000e+00,0.000000000000000000e+00,0.000000000000000000e+00,0.000000000000000000e+00,0.000000000000000000e+00,0.000000000000000000e+00,0.000000000000000000e+00,0.000000000000000000e+00,0.000000000000000000e+00,0.000000000000000000e+00,0.000000000000000000e+00,0.000000000000000000e+00,0.000000000000000000e+00,0.000000000000000000e+00,0.000000000000000000e+00,0.000000000000000000e+00,0.000000000000000000e+00,0.000000000000000000e+00,0.000000000000000000e+00,0.000000000000000000e+00,0.000000000000000000e+00,0.000000000000000000e+00,0.000000000000000000e+00,0.000000000000000000e+00,0.000000000000000000e+00,0.000000000000000000e+00,0.000000000000000000e+00,0.000000000000000000e+00,0.000000000000000000e+00,0.000000000000000000e+00,0.000000000000000000e+00,0.000000000000000000e+00,0.000000000000000000e+00,0.000000000000000000e+00,0.000000000000000000e+00,0.000000000000000000e+00,0.000000000000000000e+00,0.000000000000000000e+00,0.000000000000000000e+00,0.000000000000000000e+00,0.000000000000000000e+00,0.000000000000000000e+00,0.000000000000000000e+00,0.000000000000000000e+00,0.000000000000000000e+00,0.000000000000000000e+00,0.000000000000000000e+00,0.000000000000000000e+00,0.000000000000000000e+00,0.000000000000000000e+00,0.000000000000000000e+00,0.000000000000000000e+00,0.000000000000000000e+00,0.000000000000000000e+00,0.000000000000000000e+00,0.000000000000000000e+00,0.000000000000000000e+00,0.000000000000000000e+00
